122122.4918775965 114083.5232780791
125304.4531211053 114245.0851233100
121167.9035045439 113437.2758971555
119417.8248206140 113275.7140519246
123554.3744371754 115214.4561946955
126418.1395563333 113275.7140519246
124349.8647480526 113114.1522066937
125622.6492454561 115699.1417303882
119895.1190071403 112467.9048257700
124031.6686237018 115214.4561946955
127213.6298672105 116183.8272660810
119099.6286962632 114245.0851233100
127850.0221159123 116183.8272660810
120690.6093180175 117637.8838731591
120372.4131936667 116183.8272660810
124668.0608724035 115860.7035756191
120054.2170693158 116830.0746470046
126099.9434319825 112952.5903614627
119736.0209449649 115052.8943494646
126736.3356806842 113437.2758971555

123554.3744371754 113437.2758971555
122917.9821884737 114406.6469685409
121167.9035045439 113275.7140519246
124349.8647480526 113114.1522066937
124668.0608724035 114083.5232780791
121963.3938154210 115052.8943494646
123236.1783128245 114568.2088137719
119258.7267584386 114891.3325042337
124190.7666858772 115537.5798851573
120690.6093180175 116345.3891113118
122599.7860641228 114568.2088137719
125940.8453698070 115860.7035756191
119736.0209449649 114568.2088137719
127213.6298672105 115860.7035756191
123872.5705615263 114729.7706590028
126259.0414941579 114568.2088137719
127531.8259915614 115214.4561946955
124986.2569967544 113275.7140519246
120054.2170693158 112467.9048257700
120372.4131936667 114083.5232780791

120531.5112558421 116183.8272660810
127531.8259915614 116345.3891113118
121327.0015667193 114891.3325042337
120849.7073801930 117476.3220279282
125781.7473076316 113275.7140519246
121963.3938154210 113275.7140519246
121804.2957532456 114406.6469685409
124827.1589345789 115052.8943494646
120054.2170693158 115860.7035756191
124508.9628102281 113598.8377423864
120690.6093180175 115052.8943494646
122599.7860641228 114245.0851233100
124986.2569967544 114083.5232780791
126099.9434319825 114568.2088137719
122281.5899397719 114245.0851233100
124031.6686237018 115537.5798851573
119736.0209449649 114891.3325042337
126736.3356806842 116022.2654208500
124031.6686237018 112952.5903614627
121486.0996288947 114891.3325042337

119895.1190071403 116183.8272660810
124349.8647480526 114245.0851233100
119576.9228827895 114729.7706590028
121804.2957532456 114729.7706590028
120213.3151314912 116830.0746470046
123395.2763750000 115376.0180399264
124827.1589345789 114568.2088137719
120531.5112558421 114406.6469685409
119417.8248206140 113760.3995876173
126736.3356806842 113437.2758971555
122122.4918775965 114083.5232780791
126099.9434319825 115699.1417303882
127372.7279293860 116183.8272660810
127372.7279293860 116830.0746470046
126418.1395563333 115376.0180399264
127054.5318050351 114083.5232780791
120531.5112558421 117314.7601826973
122122.4918775965 114729.7706590028
124508.9628102281 115214.4561946955
121327.0015667193 113760.3995876173

120849.7073801930 118445.6930993137
121008.8054423684 114729.7706590028
121327.0015667193 114083.5232780791
121804.2957532456 114891.3325042337
121645.1976910702 113275.7140519246
127850.0221159123 116022.2654208500
123713.4724993509 113114.1522066937
119736.0209449649 116022.2654208500
127054.5318050351 114406.6469685409
122122.4918775965 114245.0851233100
119417.8248206140 112791.0285162318
124031.6686237018 115537.5798851573
121645.1976910702 114406.6469685409
124668.0608724035 113760.3995876173
126418.1395563333 116506.9509565428
126577.2376185088 114083.5232780791
123077.0802506491 113921.9614328482
120213.3151314912 116830.0746470046
122440.6880019474 114891.3325042337
122599.7860641228 113921.9614328482

123395.2763750000 115214.4561946955
121963.3938154210 115052.8943494646
119258.7267584386 114729.7706590028
124827.1589345789 115052.8943494646
121804.2957532456 115052.8943494646
122599.7860641228 115052.8943494646
125304.4531211053 115052.8943494646
126736.3356806842 115537.5798851573
127213.6298672105 116506.9509565428
119895.1190071403 111983.2192900773
120372.4131936667 114729.7706590028
123077.0802506491 113760.3995876173
126895.4337428596 114406.6469685409
126736.3356806842 116345.3891113118
121167.9035045439 114083.5232780791
126259.0414941579 113921.9614328482
124508.9628102281 113114.1522066937
121486.0996288947 114245.0851233100
122281.5899397719 114406.6469685409
121963.3938154210 113275.7140519246

124827.1589345789 114891.3325042337
120372.4131936667 117637.8838731591
124190.7666858772 114245.0851233100
119895.1190071403 116345.3891113118
122281.5899397719 115214.4561946955
126099.9434319825 114406.6469685409
126577.2376185088 113921.9614328482
125622.6492454561 115860.7035756191
120849.7073801930 118445.6930993137
121963.3938154210 115052.8943494646
122599.7860641228 113760.3995876173
119576.9228827895 112144.7811353082
126895.4337428596 114245.0851233100
127372.7279293860 115052.8943494646
119895.1190071403 112467.9048257700
121645.1976910702 113275.7140519246
119576.9228827895 114891.3325042337
121327.0015667193 114245.0851233100
125304.4531211053 114083.5232780791
123395.2763750000 113760.3995876173

119417.8248206140 112791.0285162318
127054.5318050351 116183.8272660810
127372.7279293860 116022.2654208500
125304.4531211053 115052.8943494646
122440.6880019474 114083.5232780791
123554.3744371754 113921.9614328482
120054.2170693158 115214.4561946955
125622.6492454561 115052.8943494646
123077.0802506491 115376.0180399264
124508.9628102281 115860.7035756191
121645.1976910702 114406.6469685409
120690.6093180175 115214.4561946955
120690.6093180175 116830.0746470046
120372.4131936667 117476.3220279282
121327.0015667193 114083.5232780791
124031.6686237018 114891.3325042337
126736.3356806842 113598.8377423864
119417.8248206140 113921.9614328482
126259.0414941579 113275.7140519246
124986.2569967544 113437.2758971555

119576.9228827895 113921.9614328482
124508.9628102281 114891.3325042337
124827.1589345789 114891.3325042337
121167.9035045439 114245.0851233100
122281.5899397719 114406.6469685409
121963.3938154210 114406.6469685409
122917.9821884737 113921.9614328482
122440.6880019474 115214.4561946955
122122.4918775965 113437.2758971555
120372.4131936667 117153.1983374664
126577.2376185088 115860.7035756191
126577.2376185088 113921.9614328482
120849.7073801930 114083.5232780791
124031.6686237018 114568.2088137719
121486.0996288947 114891.3325042337
121486.0996288947 113114.1522066937
126895.4337428596 116506.9509565428
126259.0414941579 116022.2654208500
125145.3550589298 113275.7140519246
124508.9628102281 115537.5798851573

121327.0015667193 112791.0285162318
127054.5318050351 114083.5232780791
124986.2569967544 115860.7035756191
122281.5899397719 113437.2758971555
121804.2957532456 114406.6469685409
126259.0414941579 113275.7140519246
125622.6492454561 115376.0180399264
121963.3938154210 113275.7140519246
122440.6880019474 113921.9614328482
126736.3356806842 114245.0851233100
124668.0608724035 114891.3325042337
124190.7666858772 114568.2088137719
126736.3356806842 116183.8272660810
125940.8453698070 113275.7140519246
121167.9035045439 114729.7706590028
121486.0996288947 114729.7706590028
124668.0608724035 115860.7035756191
121804.2957532456 114891.3325042337
124827.1589345789 115052.8943494646
121645.1976910702 113437.2758971555

121645.1976910702 113921.9614328482
120372.4131936667 116830.0746470046
123077.0802506491 113760.3995876173
123395.2763750000 115376.0180399264
124827.1589345789 115860.7035756191
126259.0414941579 112629.4666710009
126736.3356806842 116022.2654208500
127213.6298672105 116506.9509565428
120531.5112558421 115052.8943494646
121963.3938154210 114245.0851233100
124190.7666858772 112952.5903614627
124827.1589345789 113921.9614328482
125145.3550589298 114891.3325042337
120849.7073801930 115860.7035756191
125781.7473076316 113921.9614328482
119895.1190071403 112306.3429805391
124508.9628102281 114891.3325042337
126577.2376185088 113275.7140519246
126577.2376185088 113760.3995876173
121804.2957532456 113760.3995876173

121327.0015667193 114729.7706590028
120690.6093180175 117476.3220279282
121167.9035045439 114245.0851233100
124827.1589345789 113437.2758971555
121486.0996288947 113275.7140519246
122440.6880019474 114245.0851233100
127372.7279293860 116830.0746470046
121963.3938154210 113760.3995876173
125622.6492454561 113437.2758971555
122122.4918775965 113437.2758971555
127054.5318050351 116183.8272660810
121645.1976910702 114891.3325042337
126099.9434319825 112629.4666710009
124827.1589345789 115860.7035756191
124349.8647480526 114729.7706590028
125304.4531211053 115699.1417303882
126895.4337428596 114568.2088137719
121167.9035045439 113437.2758971555
124668.0608724035 115699.1417303882
126577.2376185088 113921.9614328482

124827.1589345789 115214.4561946955
127054.5318050351 116668.5128017737
126736.3356806842 115052.8943494646
121645.1976910702 113921.9614328482
124668.0608724035 114891.3325042337
122440.6880019474 114083.5232780791
123872.5705615263 115537.5798851573
119736.0209449649 112467.9048257700
127372.7279293860 116830.0746470046
124349.8647480526 115052.8943494646
121645.1976910702 114568.2088137719
121486.0996288947 114406.6469685409
125622.6492454561 114406.6469685409
125304.4531211053 114406.6469685409
122281.5899397719 114406.6469685409
124190.7666858772 113437.2758971555
126736.3356806842 115537.5798851573
121167.9035045439 114083.5232780791
124349.8647480526 115214.4561946955
118940.5306340877 114083.5232780791

125463.5511832807 115537.5798851573
122122.4918775965 114891.3325042337
119258.7267584386 114245.0851233100
121167.9035045439 114406.6469685409
121963.3938154210 113921.9614328482
126736.3356806842 113437.2758971555
123077.0802506491 113921.9614328482
121804.2957532456 114568.2088137719
126099.9434319825 114568.2088137719
118940.5306340877 114083.5232780791
125145.3550589298 113437.2758971555
122440.6880019474 113921.9614328482
122758.8841262982 114729.7706590028
119895.1190071403 115860.7035756191
127372.7279293860 115860.7035756191
121486.0996288947 114891.3325042337
121804.2957532456 113275.7140519246
120213.3151314912 116345.3891113118
121167.9035045439 113114.1522066937
127690.9240537368 116830.0746470046

120531.5112558421 117476.3220279282
121963.3938154210 114406.6469685409
121645.1976910702 114568.2088137719
126099.9434319825 116345.3891113118
121486.0996288947 112952.5903614627
126577.2376185088 113437.2758971555
119736.0209449649 114245.0851233100
127690.9240537368 116668.5128017737
122599.7860641228 114083.5232780791
120372.4131936667 112306.3429805391
126736.3356806842 116183.8272660810
121963.3938154210 115052.8943494646
124031.6686237018 115699.1417303882
122917.9821884737 114406.6469685409
124349.8647480526 114729.7706590028
124508.9628102281 114568.2088137719
123554.3744371754 115052.8943494646
124668.0608724035 115537.5798851573
120213.3151314912 116991.6364922355
119576.9228827895 111983.2192900773

120372.4131936667 116506.9509565428
126895.4337428596 115537.5798851573
126099.9434319825 114891.3325042337
124986.2569967544 114083.5232780791
123554.3744371754 115376.0180399264
124031.6686237018 114406.6469685409
125463.5511832807 113114.1522066937
126259.0414941579 113275.7140519246
127531.8259915614 116830.0746470046
119417.8248206140 114083.5232780791
120054.2170693158 115537.5798851573
126577.2376185088 115376.0180399264
121486.0996288947 114891.3325042337
121167.9035045439 114568.2088137719
124508.9628102281 114568.2088137719
121804.2957532456 114729.7706590028
125781.7473076316 115052.8943494646
120849.7073801930 115214.4561946955
124668.0608724035 114891.3325042337
127213.6298672105 116022.2654208500

121645.1976910702 114568.2088137719
125304.4531211053 114406.6469685409
126577.2376185088 113437.2758971555
124668.0608724035 114568.2088137719
120531.5112558421 117314.7601826973
120531.5112558421 116668.5128017737
124986.2569967544 114891.3325042337
124190.7666858772 115699.1417303882
126895.4337428596 113921.9614328482
124827.1589345789 113598.8377423864
122917.9821884737 114406.6469685409
121167.9035045439 114729.7706590028
122440.6880019474 114568.2088137719
127372.7279293860 116506.9509565428
125622.6492454561 114083.5232780791
119736.0209449649 114729.7706590028
119736.0209449649 112144.7811353082
121804.2957532456 113760.3995876173
127213.6298672105 116668.5128017737
120372.4131936667 116506.9509565428

124349.8647480526 114568.2088137719
127213.6298672105 115537.5798851573
127690.9240537368 115699.1417303882
126577.2376185088 114568.2088137719
121963.3938154210 114245.0851233100
125304.4531211053 113114.1522066937
120849.7073801930 112467.9048257700
121167.9035045439 113114.1522066937
120372.4131936667 115537.5798851573
122281.5899397719 114406.6469685409
122599.7860641228 114245.0851233100
119417.8248206140 112629.4666710009
125940.8453698070 112791.0285162318
121645.1976910702 112952.5903614627
124986.2569967544 113921.9614328482
126259.0414941579 113921.9614328482
126895.4337428596 115537.5798851573
125622.6492454561 113275.7140519246
119736.0209449649 112952.5903614627
124190.7666858772 115376.0180399264

122599.7860641228 114729.7706590028
121804.2957532456 114729.7706590028
127213.6298672105 116022.2654208500
125940.8453698070 114406.6469685409
124349.8647480526 115537.5798851573
121008.8054423684 114729.7706590028
126577.2376185088 116183.8272660810
119258.7267584386 113275.7140519246
126259.0414941579 112791.0285162318
120213.3151314912 116345.3891113118
121804.2957532456 113760.3995876173
121804.2957532456 114083.5232780791
127054.5318050351 114568.2088137719
121008.8054423684 114406.6469685409
125463.5511832807 115376.0180399264
122281.5899397719 113921.9614328482
120531.5112558421 117314.7601826973
121963.3938154210 114245.0851233100
124986.2569967544 115699.1417303882
125145.3550589298 115052.8943494646

124668.0608724035 113275.7140519246
120372.4131936667 115537.5798851573
126259.0414941579 116345.3891113118
126577.2376185088 113921.9614328482
121008.8054423684 114406.6469685409
123872.5705615263 115537.5798851573
124508.9628102281 115214.4561946955
127690.9240537368 116345.3891113118
125304.4531211053 114245.0851233100
126736.3356806842 113437.2758971555
124986.2569967544 113437.2758971555
119736.0209449649 111821.6574448464
127054.5318050351 116506.9509565428
121486.0996288947 114406.6469685409
120690.6093180175 117961.0075636210
121804.2957532456 114245.0851233100
124190.7666858772 114891.3325042337
121327.0015667193 114245.0851233100
121167.9035045439 113921.9614328482
125145.3550589298 113921.9614328482

120372.4131936667 115699.1417303882
122281.5899397719 115052.8943494646
122758.8841262982 114891.3325042337
127372.7279293860 116506.9509565428
127690.9240537368 116830.0746470046
121327.0015667193 113598.8377423864
126736.3356806842 113760.3995876173
126099.9434319825 113760.3995876173
124827.1589345789 116022.2654208500
124190.7666858772 115052.8943494646
123872.5705615263 114245.0851233100
124508.9628102281 113275.7140519246
121963.3938154210 115052.8943494646
120690.6093180175 113598.8377423864
126418.1395563333 113598.8377423864
125145.3550589298 114891.3325042337
122281.5899397719 113598.8377423864
120213.3151314912 113114.1522066937
123395.2763750000 113921.9614328482
121008.8054423684 114568.2088137719

121963.3938154210 114406.6469685409
126736.3356806842 116345.3891113118
121008.8054423684 113437.2758971555
120690.6093180175 112952.5903614627
122122.4918775965 114406.6469685409
123872.5705615263 115376.0180399264
121327.0015667193 112791.0285162318
121645.1976910702 114729.7706590028
122281.5899397719 114568.2088137719
121486.0996288947 114245.0851233100
119099.6286962632 114245.0851233100
121645.1976910702 113598.8377423864
121963.3938154210 114083.5232780791
121804.2957532456 113760.3995876173
127213.6298672105 116345.3891113118
121167.9035045439 113275.7140519246
122758.8841262982 113437.2758971555
126577.2376185088 113275.7140519246
121327.0015667193 114406.6469685409
120213.3151314912 115537.5798851573

127054.5318050351 116668.5128017737
119895.1190071403 112952.5903614627
126736.3356806842 116345.3891113118
127531.8259915614 116022.2654208500
121486.0996288947 114568.2088137719
120213.3151314912 116022.2654208500
121167.9035045439 113760.3995876173
123872.5705615263 115214.4561946955
120690.6093180175 116991.6364922355
121804.2957532456 114406.6469685409
125463.5511832807 115376.0180399264
125145.3550589298 113275.7140519246
119099.6286962632 113598.8377423864
119895.1190071403 116345.3891113118
127054.5318050351 115052.8943494646
124986.2569967544 114406.6469685409
124508.9628102281 115537.5798851573
125940.8453698070 114568.2088137719
126418.1395563333 112952.5903614627
122122.4918775965 113598.8377423864

