47587316.6954640076 37975.8694000244
47709701.6765903533 38321.4400024414
47732899.1200671867 38758.5424499512
47757435.3350510448 38979.6252593994
49283284.7790948674 43478.1735839844
48887833.1721132100 42351.8909912109
47142042.6492664814 37954.3449401855
46075070.9362108707 32587.1370697021
47703369.9834681228 38265.1795349121
46515102.4281418398 34454.9656066895
46462490.4225561991 33310.9374542236
47819492.2955294847 40363.0859375000
47625378.9048867077 38061.1457824707
48540410.5276878104 42036.5679321289
47002530.5479266495 35748.0443725586
49151263.7472504079 43010.5495605469
46791160.2842607573 34734.3033676147
46826185.1523683220 35172.8905563354
48990869.1293840259 42579.3028564453
49474824.8849177361 43636.1760864258
45986521.4737341627 28705.2805023193
47992975.9495590180 41826.0881958008
