47432779.5677246377 36804.7912902832
47455418.1006653383 37528.0567474365
47002530.5479266495 35748.0443725586
49151263.7472504079 43010.5495605469
47595070.7728800699 37580.8599853516
47615048.5382974818 37809.2784271240
46761255.9333396852 32139.5540313721
46730009.3630442992 30994.3244171143
47936512.3269911334 38812.7836914062
47755206.8926646635 38337.8044433594
46791160.2842607573 34734.3033676147
46826185.1523683220 35172.8905563354
47311016.0168904737 35823.9187164307
46673072.4290519804 30338.4999198914
48990869.1293840259 42579.3028564453
49474824.8849177361 43636.1760864258
45986521.4737341627 28705.2805023193
47371714.2699064016 35848.8318786621
47992975.9495590180 41826.0881958008
