47219021.5726811141 36306.1095962524
46430486.1017577052 30135.7842178345
47819492.2955294847 40363.0859375000
47625378.9048867077 38061.1457824707
48540410.5276878104 42036.5679321289
46719252.2246363014 31090.0381927490
47432779.5677246377 36804.7912902832
47455418.1006653383 37528.0567474365
47002530.5479266495 35748.0443725586
49151263.7472504079 43010.5495605469
47595070.7728800699 37580.8599853516
47615048.5382974818 37809.2784271240
46761255.9333396852 32139.5540313721
47755206.8926646635 38337.8044433594
46791160.2842607573 34734.3033676147
46826185.1523683220 35172.8905563354
46673072.4290519804 30338.4999198914
48990869.1293840259 42579.3028564453
49474824.8849177361 43636.1760864258
45986521.4737341627 28705.2805023193
47992975.9495590180 41826.0881958008
