48990869.1293840259 42579.3028564453
46810754.8027134985 30962.6652259827
47926147.8187863082 37436.4057464600
47960087.0070611089 38270.5902709961
47081928.9025668129 34659.5858154297
49474824.8849177361 43636.1760864258
47629469.3207050711 36657.7637939453
45986521.4737341627 28705.2805023193
47371714.2699064016 35848.8318786621
46883034.5881103426 32039.9076118469
47051295.6909687966 33704.8174591064
47164811.9130099490 35458.8265075684
47053179.7433358207 34079.5502471924
47794820.2146793008 36719.0528717041
46993085.8820271716 32754.7440795898
47992975.9495590180 41826.0881958008
47573015.9295572490 36112.0838470459
47266065.6424761266 35490.6355590820
