46730009.3630442992 30994.3244171143
47936512.3269911334 38812.7836914062
47755206.8926646635 38337.8044433594
46791160.2842607573 34734.3033676147
47668556.2806020379 37731.2127380371
46826185.1523683220 35172.8905563354
47311016.0168904737 35823.9187164307
47514941.3558502644 36686.3535995483
46673072.4290519804 30338.4999198914
47027732.3369356468 35206.9920654297
48990869.1293840259 42579.3028564453
49474824.8849177361 43636.1760864258
45986521.4737341627 28705.2805023193
47371714.2699064016 35848.8318786621
47164811.9130099490 35458.8265075684
47992975.9495590180 41826.0881958008
47266065.6424761266 35490.6355590820
