127054.5318050351 116668.5128017737
120531.5112558421 116183.8272660810
119736.0209449649 112467.9048257700
122281.5899397719 114083.5232780791
125622.6492454561 113598.8377423864
121963.3938154210 114083.5232780791
122599.7860641228 114245.0851233100
120213.3151314912 115052.8943494646
122281.5899397719 113275.7140519246
121327.0015667193 114891.3325042337
126577.2376185088 115376.0180399264
127531.8259915614 116506.9509565428
121645.1976910702 113437.2758971555
124827.1589345789 114729.7706590028
121645.1976910702 114406.6469685409
126099.9434319825 112629.4666710009
124349.8647480526 115376.0180399264
121327.0015667193 113760.3995876173
120849.7073801930 115537.5798851573
122599.7860641228 114083.5232780791

124668.0608724035 115214.4561946955
121645.1976910702 113921.9614328482
125940.8453698070 114083.5232780791
124349.8647480526 115699.1417303882
122122.4918775965 114245.0851233100
121167.9035045439 112629.4666710009
120054.2170693158 116668.5128017737
120849.7073801930 118122.5694088519
124508.9628102281 113760.3995876173
126259.0414941579 113275.7140519246
121963.3938154210 114729.7706590028
122122.4918775965 114406.6469685409
120372.4131936667 115376.0180399264
124986.2569967544 113760.3995876173
120690.6093180175 115052.8943494646
119099.6286962632 113760.3995876173
127213.6298672105 114891.3325042337
121963.3938154210 114245.0851233100
119099.6286962632 113598.8377423864
121645.1976910702 114245.0851233100

123077.0802506491 115214.4561946955
125781.7473076316 113760.3995876173
124031.6686237018 114729.7706590028
122122.4918775965 113921.9614328482
120372.4131936667 117314.7601826973
122281.5899397719 113598.8377423864
121804.2957532456 114568.2088137719
120690.6093180175 115537.5798851573
120849.7073801930 112952.5903614627
121486.0996288947 112952.5903614627
124508.9628102281 114406.6469685409
124827.1589345789 115537.5798851573
126577.2376185088 113760.3995876173
125145.3550589298 113921.9614328482
121167.9035045439 113275.7140519246
119576.9228827895 115376.0180399264
126099.9434319825 115699.1417303882
122599.7860641228 114568.2088137719
125463.5511832807 114406.6469685409
127531.8259915614 116345.3891113118

124986.2569967544 115214.4561946955
122440.6880019474 114568.2088137719
121804.2957532456 114568.2088137719
126259.0414941579 112952.5903614627
127372.7279293860 116830.0746470046
119576.9228827895 112952.5903614627
119099.6286962632 113921.9614328482
122122.4918775965 113437.2758971555
126736.3356806842 115860.7035756191
124190.7666858772 113760.3995876173
120213.3151314912 115537.5798851573
119895.1190071403 112306.3429805391
125781.7473076316 114245.0851233100
127054.5318050351 114568.2088137719
120690.6093180175 112791.0285162318
120531.5112558421 117476.3220279282
124668.0608724035 114729.7706590028
123713.4724993509 115052.8943494646
124190.7666858772 113114.1522066937
121167.9035045439 113598.8377423864

125145.3550589298 114891.3325042337
124031.6686237018 114083.5232780791
123395.2763750000 115376.0180399264
121963.3938154210 114245.0851233100
124349.8647480526 114568.2088137719
120054.2170693158 114891.3325042337
127213.6298672105 116506.9509565428
123077.0802506491 114406.6469685409
121008.8054423684 114568.2088137719
122599.7860641228 113760.3995876173
126577.2376185088 114891.3325042337
124668.0608724035 112952.5903614627
120054.2170693158 112791.0285162318
122281.5899397719 113437.2758971555
127850.0221159123 116183.8272660810
120690.6093180175 115052.8943494646
125781.7473076316 115052.8943494646
121645.1976910702 113437.2758971555
125463.5511832807 116022.2654208500
119417.8248206140 115052.8943494646

121963.3938154210 114083.5232780791
121645.1976910702 114568.2088137719
120531.5112558421 117637.8838731591
124508.9628102281 115376.0180399264
120849.7073801930 117799.4457183901
123554.3744371754 115214.4561946955
125304.4531211053 112952.5903614627
124827.1589345789 115214.4561946955
125463.5511832807 113598.8377423864
127690.9240537368 116668.5128017737
121645.1976910702 112952.5903614627
127531.8259915614 116345.3891113118
122917.9821884737 114729.7706590028
119576.9228827895 113437.2758971555
121167.9035045439 113437.2758971555
126577.2376185088 114083.5232780791
121486.0996288947 113598.8377423864
124190.7666858772 115537.5798851573
121486.0996288947 114891.3325042337
127054.5318050351 116345.3891113118

127372.7279293860 116668.5128017737
124508.9628102281 115376.0180399264
119576.9228827895 114729.7706590028
121008.8054423684 114083.5232780791
121963.3938154210 114729.7706590028
120372.4131936667 114568.2088137719
124031.6686237018 115699.1417303882
121327.0015667193 112791.0285162318
119895.1190071403 115860.7035756191
120372.4131936667 117153.1983374664
125145.3550589298 113437.2758971555
127054.5318050351 116022.2654208500
122122.4918775965 114083.5232780791
126099.9434319825 113598.8377423864
126418.1395563333 114406.6469685409
121804.2957532456 113437.2758971555
126736.3356806842 113437.2758971555
122758.8841262982 113437.2758971555
120690.6093180175 117637.8838731591
121327.0015667193 114891.3325042337

120372.4131936667 117637.8838731591
124190.7666858772 114568.2088137719
121804.2957532456 114729.7706590028
119258.7267584386 114406.6469685409
121327.0015667193 112952.5903614627
125940.8453698070 115052.8943494646
125304.4531211053 115052.8943494646
127531.8259915614 115214.4561946955
124668.0608724035 114245.0851233100
122122.4918775965 113921.9614328482
120531.5112558421 112629.4666710009
123872.5705615263 115537.5798851573
120849.7073801930 117961.0075636210
121804.2957532456 113437.2758971555
123077.0802506491 115214.4561946955
126736.3356806842 115376.0180399264
119895.1190071403 115860.7035756191
122599.7860641228 114083.5232780791
125622.6492454561 112952.5903614627
126418.1395563333 115214.4561946955

120054.2170693158 113114.1522066937
121486.0996288947 114891.3325042337
126736.3356806842 114406.6469685409
124349.8647480526 114729.7706590028
126577.2376185088 116183.8272660810
127372.7279293860 115699.1417303882
119736.0209449649 113275.7140519246
120372.4131936667 115699.1417303882
124986.2569967544 114568.2088137719
124668.0608724035 114568.2088137719
126259.0414941579 114083.5232780791
121804.2957532456 114083.5232780791
120849.7073801930 118445.6930993137
126895.4337428596 116506.9509565428
123872.5705615263 114891.3325042337
124668.0608724035 113114.1522066937
121167.9035045439 113275.7140519246
119417.8248206140 112791.0285162318
125940.8453698070 115537.5798851573
122440.6880019474 115052.8943494646

121327.0015667193 114406.6469685409
124827.1589345789 115699.1417303882
121804.2957532456 113598.8377423864
126259.0414941579 114083.5232780791
124827.1589345789 115376.0180399264
121327.0015667193 114568.2088137719
127690.9240537368 116668.5128017737
126259.0414941579 115860.7035756191
124190.7666858772 114729.7706590028
126736.3356806842 115537.5798851573
121804.2957532456 114891.3325042337
121963.3938154210 114406.6469685409
121327.0015667193 112791.0285162318
119576.9228827895 114568.2088137719
120849.7073801930 118607.2549445446
122122.4918775965 114729.7706590028
120054.2170693158 116183.8272660810
120690.6093180175 113437.2758971555
120213.3151314912 112144.7811353082
124508.9628102281 115537.5798851573

122599.7860641228 115052.8943494646
123713.4724993509 115376.0180399264
124031.6686237018 115699.1417303882
121167.9035045439 114729.7706590028
124508.9628102281 113114.1522066937
126418.1395563333 113275.7140519246
125463.5511832807 112952.5903614627
126895.4337428596 113760.3995876173
119258.7267584386 114891.3325042337
121804.2957532456 113275.7140519246
121963.3938154210 115052.8943494646
119736.0209449649 112629.4666710009
127054.5318050351 115537.5798851573
126099.9434319825 112629.4666710009
120372.4131936667 114891.3325042337
121486.0996288947 114245.0851233100
120849.7073801930 116991.6364922355
120213.3151314912 116668.5128017737
119258.7267584386 113114.1522066937
120531.5112558421 116345.3891113118

119417.8248206140 113598.8377423864
118940.5306340877 113921.9614328482
124031.6686237018 114245.0851233100
127054.5318050351 116668.5128017737
121645.1976910702 114568.2088137719
121963.3938154210 114729.7706590028
121008.8054423684 113114.1522066937
127850.0221159123 116345.3891113118
119736.0209449649 115214.4561946955
121167.9035045439 114083.5232780791
120531.5112558421 116991.6364922355
126577.2376185088 116345.3891113118
122758.8841262982 113921.9614328482
120849.7073801930 117961.0075636210
124827.1589345789 114406.6469685409
127531.8259915614 116183.8272660810
126099.9434319825 114083.5232780791
125304.4531211053 114245.0851233100
124190.7666858772 115699.1417303882
125304.4531211053 113114.1522066937

126577.2376185088 116506.9509565428
124827.1589345789 114245.0851233100
121804.2957532456 114568.2088137719
123872.5705615263 115699.1417303882
124508.9628102281 114891.3325042337
123554.3744371754 115052.8943494646
122122.4918775965 114245.0851233100
123236.1783128245 114406.6469685409
125145.3550589298 115376.0180399264
127690.9240537368 115699.1417303882
122440.6880019474 115052.8943494646
126099.9434319825 112791.0285162318
127372.7279293860 115214.4561946955
119099.6286962632 114083.5232780791
120531.5112558421 117314.7601826973
120213.3151314912 116183.8272660810
121167.9035045439 113760.3995876173
126895.4337428596 115860.7035756191
124349.8647480526 115537.5798851573
122122.4918775965 113760.3995876173

120849.7073801930 118607.2549445446
125304.4531211053 115052.8943494646
126259.0414941579 114568.2088137719
121486.0996288947 112952.5903614627
126099.9434319825 113598.8377423864
120531.5112558421 117153.1983374664
124986.2569967544 115052.8943494646
121804.2957532456 114406.6469685409
126736.3356806842 116506.9509565428
121804.2957532456 113921.9614328482
119258.7267584386 114245.0851233100
124031.6686237018 115537.5798851573
122599.7860641228 114245.0851233100
121645.1976910702 112952.5903614627
126736.3356806842 116022.2654208500
127372.7279293860 116830.0746470046
119099.6286962632 113921.9614328482
122122.4918775965 114245.0851233100
124827.1589345789 115699.1417303882
121645.1976910702 114729.7706590028

119736.0209449649 114568.2088137719
122281.5899397719 113760.3995876173
120372.4131936667 117637.8838731591
121804.2957532456 114406.6469685409
127372.7279293860 115537.5798851573
120372.4131936667 114083.5232780791
124986.2569967544 116022.2654208500
124349.8647480526 112952.5903614627
124668.0608724035 115537.5798851573
126259.0414941579 114729.7706590028
120849.7073801930 116345.3891113118
124986.2569967544 113114.1522066937
123395.2763750000 113760.3995876173
122758.8841262982 114406.6469685409
121486.0996288947 113275.7140519246
125940.8453698070 116022.2654208500
125622.6492454561 113921.9614328482
124031.6686237018 115537.5798851573
126895.4337428596 114729.7706590028
126577.2376185088 113437.2758971555

121804.2957532456 114568.2088137719
124349.8647480526 115214.4561946955
127054.5318050351 116022.2654208500
120690.6093180175 115699.1417303882
121327.0015667193 114891.3325042337
119258.7267584386 114406.6469685409
120372.4131936667 116991.6364922355
121963.3938154210 113760.3995876173
126736.3356806842 113437.2758971555
121645.1976910702 114891.3325042337
127531.8259915614 116183.8272660810
119417.8248206140 113598.8377423864
121963.3938154210 114729.7706590028
124986.2569967544 115699.1417303882
121486.0996288947 114729.7706590028
120531.5112558421 117153.1983374664
120849.7073801930 117799.4457183901
119576.9228827895 112791.0285162318
125940.8453698070 113921.9614328482
120690.6093180175 113275.7140519246

120531.5112558421 112952.5903614627
122917.9821884737 114245.0851233100
126736.3356806842 113921.9614328482
123554.3744371754 115052.8943494646
125940.8453698070 116183.8272660810
127690.9240537368 116506.9509565428
123872.5705615263 115699.1417303882
119895.1190071403 112306.3429805391
120054.2170693158 113760.3995876173
124190.7666858772 115699.1417303882
119258.7267584386 114891.3325042337
124827.1589345789 116022.2654208500
121486.0996288947 113114.1522066937
122281.5899397719 114568.2088137719
127213.6298672105 116668.5128017737
126418.1395563333 113760.3995876173
119576.9228827895 115699.1417303882
121804.2957532456 114245.0851233100
125304.4531211053 115860.7035756191
120372.4131936667 115699.1417303882

126577.2376185088 113275.7140519246
121327.0015667193 112791.0285162318
123077.0802506491 114406.6469685409
123554.3744371754 114083.5232780791
126099.9434319825 114245.0851233100
126895.4337428596 116345.3891113118
119099.6286962632 114245.0851233100
124668.0608724035 112952.5903614627
121963.3938154210 113921.9614328482
122440.6880019474 113437.2758971555
124668.0608724035 115860.7035756191
121645.1976910702 113114.1522066937
125463.5511832807 115860.7035756191
124986.2569967544 113275.7140519246
125781.7473076316 114568.2088137719
124349.8647480526 113921.9614328482
124031.6686237018 114083.5232780791
122758.8841262982 113921.9614328482
120213.3151314912 113598.8377423864
120849.7073801930 113114.1522066937

