47099207.2417498454 313927.6479492188
48019832.3634952530 333859.2724609375
47466687.8781240955 321897.5156250000
47028992.0316954106 306632.1250000000
46864551.1998129040 305022.8134765625
46046674.7159971967 297542.8076171875
47173337.0818605050 314391.9023437500
49740486.3689285591 346166.0781250000
49027979.1474227309 339987.2724609375
48509451.7386317030 338453.9208984375
46647222.7731867209 298932.2036132812
46381933.7883543372 297600.4619140625
48486893.8475079164 337169.4589843750
47725448.3554021791 325479.5546875000
46874760.6009127200 305994.6748046875
49174501.6191252992 344502.6406250000
47238077.8411687687 317021.8857421875
47463028.5272590742 319767.1884765625
47573290.7160715014 324172.2294921875
47769201.2790924832 329769.2167968750
50591156.7398290113 347210.9052734375
47351200.8786124289 319539.3632812500
