48444711.3000341505 330641.8876953125
49174501.6191252992 344502.6406250000
48512745.4218670279 336807.6894531250
46861868.5063964874 291794.5673828125
47238077.8411687687 317021.8857421875
48484551.7565952092 330785.6757812500
47463028.5272590742 319767.1884765625
47573290.7160715014 324172.2294921875
46969392.4762229621 293389.4399414062
49125907.3683529496 338287.4130859375
48581938.8954644054 337735.7675781250
48135577.2803609595 330082.9570312500
46987519.6391489729 305930.7451171875
46497089.8375916481 277816.0024414062
47769201.2790924832 329769.2167968750
50591156.7398290113 347210.9052734375
47472675.8438439518 320874.2958984375
47142107.8963736445 307172.4648437500
47351200.8786124289 319539.3632812500
46751726.5006031394 291519.6245117188
