47133935.3085963577 307001.4174804688
49740486.3689285591 346166.0781250000
49027979.1474227309 339987.2724609375
48509451.7386317030 338453.9208984375
46647222.7731867209 298932.2036132812
46381933.7883543372 297600.4619140625
48486893.8475079164 337169.4589843750
47725448.3554021791 325479.5546875000
46874760.6009127200 305994.6748046875
48444711.3000341505 330641.8876953125
49174501.6191252992 344502.6406250000
47238077.8411687687 317021.8857421875
48484551.7565952092 330785.6757812500
47463028.5272590742 319767.1884765625
47573290.7160715014 324172.2294921875
48135577.2803609595 330082.9570312500
47769201.2790924832 329769.2167968750
50591156.7398290113 347210.9052734375
47472675.8438439518 320874.2958984375
47142107.8963736445 307172.4648437500
47351200.8786124289 319539.3632812500
