46955614.2574868724 327750.5761718750
46433938.4698306769 301296.0976562500
48607957.4230898097 340033.5234375000
49056036.6580807790 342083.6621093750
50277863.9066977054 346774.4599609375
46773518.9873347878 316275.0595703125
47100033.3122475669 333950.4277343750
49560906.0644440874 344555.2441406250
48752999.1946599483 340720.2841796875
46712561.3069955632 308691.8593750000
48261925.1706339717 334330.1816406250
48285440.6944338307 335593.1328125000
48386542.6280470490 338656.9023437500
46046674.7159971967 297542.8076171875
49740486.3689285591 346166.0781250000
46381933.7883543372 297600.4619140625
49174501.6191252992 344502.6406250000
50591156.7398290113 347210.9052734375
