47538908.4243610352 324762.0751953125
47964009.5699953362 330499.1796875000
48285440.6944338307 335593.1328125000
47239391.4635927901 320652.0810546875
47709044.1954945996 327243.5625000000
46993024.9069065303 307039.3374023438
48386542.6280470490 338656.9023437500
47099207.2417498454 313927.6479492188
48019832.3634952530 333859.2724609375
47466687.8781240955 321897.5156250000
46864551.1998129040 305022.8134765625
46046674.7159971967 297542.8076171875
47173337.0818605050 314391.9023437500
49740486.3689285591 346166.0781250000
49027979.1474227309 339987.2724609375
46647222.7731867209 298932.2036132812
46381933.7883543372 297600.4619140625
46874760.6009127200 305994.6748046875
49174501.6191252992 344502.6406250000
47238077.8411687687 317021.8857421875
47769201.2790924832 329769.2167968750
50591156.7398290113 347210.9052734375
