57517897.5168854445 476.1117438078
62143220.9102820680 559.2278251648
58658898.6719414964 525.5713808537
57199608.5899074525 460.7785735130
59138938.6510555670 533.0404901505
57729909.4617785364 501.3062126637
56188825.5722075328 431.4462661743
57441787.5925571918 471.0320668221
59113688.1911992431 526.5609245300
57988407.4060890824 516.7015078068
60632292.5314349905 553.4022731781
57709332.8492127582 481.9295212030
59632227.7226291671 536.9681811333
60434251.7087098584 549.6288003922
59927879.5649550706 548.3239593506
61969334.1654194519 557.1295204163
