57322740.4394926652 425.0409525633
59113688.1911992431 526.5609245300
57988407.4060890824 516.7015078068
60632292.5314349905 553.4022731781
57468391.7301521450 426.2343063354
57709332.8492127582 481.9295212030
57699674.0999095589 475.5894548893
59632227.7226291671 536.9681811333
60434251.7087098584 549.6288003922
59561696.2583790421 530.2219996452
57508983.7719932199 469.1192235947
58973101.7683690712 517.9624578953
59927879.5649550706 548.3239593506
61969334.1654194519 557.1295204163
57247438.6132796407 394.7470661402
