56562253.9862992316 456.3164987564
60807454.3339962438 556.2223291397
57057666.1456028894 469.1853802204
57529664.5746493116 497.3904831409
61487175.5852667168 556.4871766567
59360693.3160305768 547.5681228638
58934809.5045360923 528.1972436905
57517897.5168854445 476.1117438078
62143220.9102820680 559.2278251648
58658898.6719414964 525.5713808537
59138938.6510555670 533.0404901505
57729909.4617785364 501.3062126637
56188825.5722075328 431.4462661743
57441787.5925571918 471.0320668221
57988407.4060890824 516.7015078068
60632292.5314349905 553.4022731781
60434251.7087098584 549.6288003922
59927879.5649550706 548.3239593506
61969334.1654194519 557.1295204163
