60379269.1559396684 554.8779964447
57116807.4959154502 479.6681358814
58260013.8151392937 530.0677924156
56864504.2012426555 473.7592580318
61315880.6939857602 565.4395756721
58534638.4500065744 536.9171352386
57327800.6387610361 489.0564265251
58947137.9506964982 540.8438110352
60453138.3495986015 563.1635413170
59947717.1391719356 549.7633543015
57368770.6953408644 505.1318786144
58190999.4741162583 526.1389675140
60244135.9118462577 550.4613895416
57242565.4215594903 484.9458441734
56562253.9862992316 456.3164987564
59360693.3160305768 547.5681228638
56188825.5722075328 431.4462661743
57988407.4060890824 516.7015078068
59927879.5649550706 548.3239593506
