122932.0846642407 125017.0344586250
121821.6058638333 121516.8608408309
117062.4110049445 124062.4416537721
118807.4491198704 122630.5524464927
117855.6101480926 127403.5164707574
124835.7626077963 124857.9356578162
123090.7244928704 127085.3188691397
124042.5634646481 124221.5404545809
118648.8092912407 130267.2948853162
120711.1270634259 124698.8368570074
118648.8092912407 125335.2320602426
117855.6101480926 125812.5284626691
122614.8050069815 126767.1212675221
122456.1651783518 121039.5644384044
120076.5677489074 127403.5164707574
118331.5296339815 124062.4416537721
118014.2499767222 123107.8488489191
119283.3686057593 126448.9236659044
118331.5296339815 127721.7140723750
120711.1270634259 127085.3188691397
120076.5677489074 121198.6632392132
124518.4829505370 125653.4296618603
121028.4067206852 125176.1332594338
121345.6863779444 128199.0104748015
121504.3262065741 121516.8608408309

119600.6482630185 126767.1212675221
119917.9279202778 127880.8128731838
119283.3686057593 127721.7140723750
119759.2880916481 125653.4296618603
122614.8050069815 121835.0584424485
117855.6101480926 128517.2080764191
120393.8474061667 127721.7140723750
121504.3262065741 127403.5164707574
119917.9279202778 121675.9596416397
119759.2880916481 126767.1212675221
118807.4491198704 124539.7380561985
122297.5253497222 121675.9596416397
120076.5677489074 123744.2440521544
119442.0084343889 122312.3548448750
118807.4491198704 121675.9596416397
117855.6101480926 128358.1092756103
119442.0084343889 121675.9596416397
124042.5634646481 123903.3428529633
124359.8431219074 125176.1332594338
118966.0889485000 122630.5524464927
120869.7668920556 121516.8608408309
117696.9703194630 123266.9476497279
119759.2880916481 128676.3068772279
119283.3686057593 123426.0464505368
119759.2880916481 127562.6152715662

121662.9660352037 121835.0584424485
118648.8092912407 121994.1572432573
123725.2838073889 125971.6272634779
117379.6906622037 126767.1212675221
118331.5296339815 128039.9116739927
121028.4067206852 121994.1572432573
120393.8474061667 122153.2560440662
119124.7287771296 127562.6152715662
118807.4491198704 124539.7380561985
121187.0465493148 127721.7140723750
122138.8855210926 127403.5164707574
121821.6058638333 122312.3548448750
118331.5296339815 129949.0972836985
119283.3686057593 128039.9116739927
118172.8898053518 123426.0464505368
122297.5253497222 126608.0224667132
120711.1270634259 128517.2080764191
119442.0084343889 122630.5524464927
120711.1270634259 125176.1332594338
117855.6101480926 128039.9116739927
119917.9279202778 128676.3068772279
120711.1270634259 127403.5164707574
119124.7287771296 122471.4536456838
123249.3643215000 121516.8608408309
121187.0465493148 126130.7260642868

122138.8855210926 127244.4176699485
120076.5677489074 127244.4176699485
118490.1694626111 122948.7500481103
119124.7287771296 122630.5524464927
120552.4872347963 127403.5164707574
120869.7668920556 122471.4536456838
122297.5253497222 127562.6152715662
119442.0084343889 122153.2560440662
123725.2838073889 126448.9236659044
118966.0889485000 128835.4056780368
120235.2075775370 124380.6392553897
119917.9279202778 126926.2200683309
117855.6101480926 123903.3428529633
117538.3304908333 124221.5404545809
120869.7668920556 126926.2200683309
119124.7287771296 126767.1212675221
119124.7287771296 121516.8608408309
124994.4024364259 125653.4296618603
119283.3686057593 127244.4176699485
119124.7287771296 127562.6152715662
121187.0465493148 121835.0584424485
118331.5296339815 126926.2200683309
121187.0465493148 127880.8128731838
119442.0084343889 123585.1452513456
119759.2880916481 125812.5284626691

118331.5296339815 129471.8008812721
121662.9660352037 127721.7140723750
123566.6439787593 125653.4296618603
118172.8898053518 125971.6272634779
120869.7668920556 126926.2200683309
120235.2075775370 122789.6512473015
120076.5677489074 121516.8608408309
121980.2456924630 126289.8248650956
120869.7668920556 125971.6272634779
118331.5296339815 130744.5912877427
118490.1694626111 129789.9984828897
120235.2075775370 122153.2560440662
122614.8050069815 123744.2440521544
124359.8431219074 125971.6272634779
121504.3262065741 128517.2080764191
118172.8898053518 127880.8128731838
121345.6863779444 121994.1572432573
123883.9236360185 126448.9236659044
117221.0508335741 124698.8368570074
122932.0846642407 124698.8368570074
118966.0889485000 127721.7140723750
118490.1694626111 126130.7260642868
118014.2499767222 124062.4416537721
124835.7626077963 125653.4296618603
121345.6863779444 126608.0224667132

118172.8898053518 126926.2200683309
117696.9703194630 125335.2320602426
121504.3262065741 127880.8128731838
118172.8898053518 128835.4056780368
124994.4024364259 125653.4296618603
123408.0041501296 121357.7620400221
121980.2456924630 125971.6272634779
119283.3686057593 123266.9476497279
120552.4872347963 121675.9596416397
119124.7287771296 124539.7380561985
121345.6863779444 121675.9596416397
119917.9279202778 121198.6632392132
118331.5296339815 124221.5404545809
118648.8092912407 129630.8996820809
120711.1270634259 126767.1212675221
119124.7287771296 121994.1572432573
122456.1651783518 127244.4176699485
118172.8898053518 122789.6512473015
121187.0465493148 126608.0224667132
119283.3686057593 127562.6152715662
120711.1270634259 127403.5164707574
123566.6439787593 125971.6272634779
117062.4110049445 124539.7380561985
120235.2075775370 123744.2440521544
121187.0465493148 128039.9116739927

118966.0889485000 123426.0464505368
119442.0084343889 121516.8608408309
121980.2456924630 121675.9596416397
125311.6820936852 125494.3308610515
119917.9279202778 121675.9596416397
120393.8474061667 128039.9116739927
117221.0508335741 125494.3308610515
122932.0846642407 121198.6632392132
119917.9279202778 129789.9984828897
121345.6863779444 122153.2560440662
117855.6101480926 128039.9116739927
121028.4067206852 127562.6152715662
118648.8092912407 128358.1092756103
120235.2075775370 122153.2560440662
124359.8431219074 125494.3308610515
117696.9703194630 125017.0344586250
119917.9279202778 128517.2080764191
120235.2075775370 125335.2320602426
121980.2456924630 127244.4176699485
120235.2075775370 121675.9596416397
121345.6863779444 128358.1092756103
120393.8474061667 126767.1212675221
118490.1694626111 128676.3068772279
122932.0846642407 127244.4176699485
119600.6482630185 127562.6152715662

118490.1694626111 131540.0852917868
118014.2499767222 123585.1452513456
118331.5296339815 130426.3936861250
124677.1227791667 124698.8368570074
117538.3304908333 125017.0344586250
121028.4067206852 125494.3308610515
124994.4024364259 125653.4296618603
122297.5253497222 125653.4296618603
118966.0889485000 122153.2560440662
119759.2880916481 122153.2560440662
119124.7287771296 125812.5284626691
119759.2880916481 127244.4176699485
117696.9703194630 128358.1092756103
122297.5253497222 121516.8608408309
118172.8898053518 128994.5044788456
121345.6863779444 122153.2560440662
118966.0889485000 122789.6512473015
121980.2456924630 128039.9116739927
121345.6863779444 128039.9116739927
120869.7668920556 121835.0584424485
119442.0084343889 123266.9476497279
117696.9703194630 126448.9236659044
118331.5296339815 128039.9116739927
119600.6482630185 121675.9596416397
118490.1694626111 125812.5284626691

124677.1227791667 124062.4416537721
118490.1694626111 125017.0344586250
121504.3262065741 128358.1092756103
119917.9279202778 123585.1452513456
119442.0084343889 128676.3068772279
119442.0084343889 128039.9116739927
122773.4448356111 123744.2440521544
119600.6482630185 121357.7620400221
121504.3262065741 121516.8608408309
117696.9703194630 127085.3188691397
117221.0508335741 123903.3428529633
117221.0508335741 125335.2320602426
121028.4067206852 128676.3068772279
124994.4024364259 125653.4296618603
123090.7244928704 125494.3308610515
122614.8050069815 121039.5644384044
121345.6863779444 127085.3188691397
122297.5253497222 121039.5644384044
118966.0889485000 121675.9596416397
121980.2456924630 127244.4176699485
124042.5634646481 126130.7260642868
119600.6482630185 129471.8008812721
125153.0422650556 124857.9356578162
118331.5296339815 129949.0972836985
119600.6482630185 127244.4176699485

118966.0889485000 125335.2320602426
120235.2075775370 122948.7500481103
119283.3686057593 127085.3188691397
119442.0084343889 128199.0104748015
118490.1694626111 124539.7380561985
117538.3304908333 124539.7380561985
123883.9236360185 121039.5644384044
123408.0041501296 124857.9356578162
119442.0084343889 125017.0344586250
119917.9279202778 121516.8608408309
121821.6058638333 121675.9596416397
119283.3686057593 127721.7140723750
122773.4448356111 126767.1212675221
121504.3262065741 128517.2080764191
121821.6058638333 126448.9236659044
120552.4872347963 128676.3068772279
120076.5677489074 124698.8368570074
125153.0422650556 125017.0344586250
121504.3262065741 124062.4416537721
119759.2880916481 125335.2320602426
120869.7668920556 128676.3068772279
120076.5677489074 121994.1572432573
121187.0465493148 126926.2200683309
118807.4491198704 121675.9596416397
119917.9279202778 122789.6512473015

119759.2880916481 127880.8128731838
125311.6820936852 125335.2320602426
118172.8898053518 130267.2948853162
121821.6058638333 127562.6152715662
120393.8474061667 122312.3548448750
123725.2838073889 126448.9236659044
121980.2456924630 128039.9116739927
120393.8474061667 125494.3308610515
120076.5677489074 124698.8368570074
119759.2880916481 121516.8608408309
119759.2880916481 121994.1572432573
118331.5296339815 127244.4176699485
123566.6439787593 124062.4416537721
121821.6058638333 121198.6632392132
121980.2456924630 127880.8128731838
118490.1694626111 126289.8248650956
118172.8898053518 128039.9116739927
119917.9279202778 122312.3548448750
121028.4067206852 128676.3068772279
120552.4872347963 127880.8128731838
120393.8474061667 121516.8608408309
118648.8092912407 121994.1572432573
118966.0889485000 128676.3068772279
118331.5296339815 123744.2440521544
122297.5253497222 121198.6632392132

121028.4067206852 124539.7380561985
119442.0084343889 122789.6512473015
117538.3304908333 124857.9356578162
120076.5677489074 126926.2200683309
119283.3686057593 124698.8368570074
118172.8898053518 122789.6512473015
119442.0084343889 129789.9984828897
121028.4067206852 128676.3068772279
119759.2880916481 126767.1212675221
121028.4067206852 121835.0584424485
123090.7244928704 126926.2200683309
120393.8474061667 121198.6632392132
118490.1694626111 123585.1452513456
118648.8092912407 128039.9116739927
119600.6482630185 125971.6272634779
117538.3304908333 127244.4176699485
123408.0041501296 121357.7620400221
120393.8474061667 128199.0104748015
118331.5296339815 127085.3188691397
121187.0465493148 125971.6272634779
120235.2075775370 127562.6152715662
118648.8092912407 122630.5524464927
120552.4872347963 121516.8608408309
121980.2456924630 127721.7140723750
122773.4448356111 121835.0584424485

120869.7668920556 121357.7620400221
125311.6820936852 125335.2320602426
124042.5634646481 123585.1452513456
118648.8092912407 126767.1212675221
117538.3304908333 124539.7380561985
118172.8898053518 128358.1092756103
123566.6439787593 121198.6632392132
122138.8855210926 121357.7620400221
121028.4067206852 127880.8128731838
118172.8898053518 125017.0344586250
120869.7668920556 128835.4056780368
124359.8431219074 125494.3308610515
119917.9279202778 129630.8996820809
120076.5677489074 128199.0104748015
123408.0041501296 125335.2320602426
120869.7668920556 125017.0344586250
118490.1694626111 124221.5404545809
124835.7626077963 125653.4296618603
121187.0465493148 125335.2320602426
118490.1694626111 125017.0344586250
120076.5677489074 127244.4176699485
122138.8855210926 127721.7140723750
119759.2880916481 124380.6392553897
119442.0084343889 121835.0584424485
124518.4829505370 124698.8368570074

116903.7711763148 124221.5404545809
121187.0465493148 122153.2560440662
117696.9703194630 123585.1452513456
120076.5677489074 121675.9596416397
119759.2880916481 128039.9116739927
118490.1694626111 127244.4176699485
121187.0465493148 121516.8608408309
118014.2499767222 124698.8368570074
124201.2032932778 125812.5284626691
117696.9703194630 127085.3188691397
121028.4067206852 121835.0584424485
120552.4872347963 128199.0104748015
122773.4448356111 121357.7620400221
121821.6058638333 127721.7140723750
124994.4024364259 125653.4296618603
118648.8092912407 127244.4176699485
118648.8092912407 122630.5524464927
119124.7287771296 121516.8608408309
121187.0465493148 127721.7140723750
119283.3686057593 125176.1332594338
118331.5296339815 128039.9116739927
121028.4067206852 126289.8248650956
122456.1651783518 125812.5284626691
119442.0084343889 126767.1212675221
120552.4872347963 128835.4056780368

123090.7244928704 126926.2200683309
121028.4067206852 128358.1092756103
119283.3686057593 122153.2560440662
117855.6101480926 123585.1452513456
117696.9703194630 128358.1092756103
121504.3262065741 126130.7260642868
122456.1651783518 121198.6632392132
119124.7287771296 121357.7620400221
124835.7626077963 125494.3308610515
122456.1651783518 127085.3188691397
124201.2032932778 125653.4296618603
117855.6101480926 127562.6152715662
118490.1694626111 123903.3428529633
119442.0084343889 128199.0104748015
119442.0084343889 122153.2560440662
118648.8092912407 122789.6512473015
122297.5253497222 127721.7140723750
117062.4110049445 125017.0344586250
118490.1694626111 128199.0104748015
121662.9660352037 127880.8128731838
120076.5677489074 121357.7620400221
122614.8050069815 121198.6632392132
119283.3686057593 127721.7140723750
121821.6058638333 128199.0104748015
118172.8898053518 128358.1092756103

121504.3262065741 127403.5164707574
117855.6101480926 123266.9476497279
119917.9279202778 121516.8608408309
118331.5296339815 127244.4176699485
123566.6439787593 124857.9356578162
118172.8898053518 124062.4416537721
124994.4024364259 123903.3428529633
122773.4448356111 121835.0584424485
124359.8431219074 124062.4416537721
118172.8898053518 129630.8996820809
120076.5677489074 125653.4296618603
119442.0084343889 121516.8608408309
120711.1270634259 128835.4056780368
119759.2880916481 129471.8008812721
119283.3686057593 122630.5524464927
118648.8092912407 127403.5164707574
117696.9703194630 124221.5404545809
121345.6863779444 121357.7620400221
120235.2075775370 122312.3548448750
120552.4872347963 126608.0224667132
124201.2032932778 125653.4296618603
120076.5677489074 128039.9116739927
120393.8474061667 124539.7380561985
118014.2499767222 129153.6032796544
120235.2075775370 121516.8608408309

119759.2880916481 128517.2080764191
123408.0041501296 125653.4296618603
118807.4491198704 125653.4296618603
121187.0465493148 121675.9596416397
118648.8092912407 121994.1572432573
118490.1694626111 122789.6512473015
120869.7668920556 127403.5164707574
120235.2075775370 121198.6632392132
121504.3262065741 121516.8608408309
118490.1694626111 126130.7260642868
120076.5677489074 121994.1572432573
119917.9279202778 127562.6152715662
120076.5677489074 122153.2560440662
122456.1651783518 121198.6632392132
117696.9703194630 125017.0344586250
118172.8898053518 127721.7140723750
118807.4491198704 127880.8128731838
119917.9279202778 127403.5164707574
118490.1694626111 122630.5524464927
119124.7287771296 123585.1452513456
120393.8474061667 122471.4536456838
119442.0084343889 127721.7140723750
122614.8050069815 127403.5164707574
119442.0084343889 126926.2200683309
119283.3686057593 121357.7620400221

119124.7287771296 124539.7380561985
122138.8855210926 127085.3188691397
118014.2499767222 123426.0464505368
124042.5634646481 124380.6392553897
121504.3262065741 121198.6632392132
121821.6058638333 121994.1572432573
119917.9279202778 129630.8996820809
124994.4024364259 125653.4296618603
117855.6101480926 127244.4176699485
123725.2838073889 123585.1452513456
124994.4024364259 123585.1452513456
120235.2075775370 121835.0584424485
119759.2880916481 126926.2200683309
118331.5296339815 128835.4056780368
121821.6058638333 121675.9596416397
119600.6482630185 121516.8608408309
118807.4491198704 122312.3548448750
117855.6101480926 128358.1092756103
118966.0889485000 125494.3308610515
119759.2880916481 121835.0584424485
121345.6863779444 121994.1572432573
119124.7287771296 126767.1212675221
118172.8898053518 122789.6512473015
121187.0465493148 127403.5164707574
118172.8898053518 127244.4176699485

125311.6820936852 125335.2320602426
118331.5296339815 129949.0972836985
119283.3686057593 123107.8488489191
121504.3262065741 124380.6392553897
118648.8092912407 125017.0344586250
120552.4872347963 121675.9596416397
119124.7287771296 126448.9236659044
122297.5253497222 121198.6632392132
120869.7668920556 124221.5404545809
121187.0465493148 126289.8248650956
119759.2880916481 128039.9116739927
118807.4491198704 123266.9476497279
120076.5677489074 129312.7020804632
117538.3304908333 123903.3428529633
123249.3643215000 121516.8608408309
122614.8050069815 121835.0584424485
122456.1651783518 127244.4176699485
122614.8050069815 125176.1332594338
118966.0889485000 126926.2200683309
121028.4067206852 121516.8608408309
118966.0889485000 122312.3548448750
121187.0465493148 127562.6152715662
121662.9660352037 127880.8128731838
123090.7244928704 126926.2200683309
123725.2838073889 126448.9236659044

