56937489.5521847680 468.5694937706
60752350.9142430872 554.5782494545
62408670.0114957392 560.5143766403
57242565.4215594903 484.9458441734
58807308.0415752605 531.4905242920
56562253.9862992316 456.3164987564
60807454.3339962438 556.2223291397
57057666.1456028894 469.1853802204
57529664.5746493116 497.3904831409
61487175.5852667168 556.4871766567
59360693.3160305768 547.5681228638
62143220.9102820680 559.2278251648
58658898.6719414964 525.5713808537
59138938.6510555670 533.0404901505
57729909.4617785364 501.3062126637
56188825.5722075328 431.4462661743
57988407.4060890824 516.7015078068
60632292.5314349905 553.4022731781
60434251.7087098584 549.6288003922
59927879.5649550706 548.3239593506
61969334.1654194519 557.1295204163
