127213.6298672105 115052.8943494646
120054.2170693158 116830.0746470046
126895.4337428596 115214.4561946955
121804.2957532456 114083.5232780791
126099.9434319825 114729.7706590028
126418.1395563333 114245.0851233100
125781.7473076316 116022.2654208500
120849.7073801930 113114.1522066937
122758.8841262982 113437.2758971555
127531.8259915614 116345.3891113118
124668.0608724035 115376.0180399264
120372.4131936667 115376.0180399264
124986.2569967544 113275.7140519246
118940.5306340877 113760.3995876173
121486.0996288947 114891.3325042337
120849.7073801930 117961.0075636210
124190.7666858772 115376.0180399264
119895.1190071403 112144.7811353082
120372.4131936667 112144.7811353082
123872.5705615263 114245.0851233100

121167.9035045439 114083.5232780791
122599.7860641228 114568.2088137719
125940.8453698070 115537.5798851573
120690.6093180175 117961.0075636210
121486.0996288947 112952.5903614627
127690.9240537368 116830.0746470046
127372.7279293860 115214.4561946955
125622.6492454561 114406.6469685409
123077.0802506491 113275.7140519246
124349.8647480526 113598.8377423864
126577.2376185088 114891.3325042337
124668.0608724035 115699.1417303882
127054.5318050351 115052.8943494646
119895.1190071403 111983.2192900773
123395.2763750000 114083.5232780791
119576.9228827895 113921.9614328482
119258.7267584386 114245.0851233100
126895.4337428596 113760.3995876173
125304.4531211053 115052.8943494646
122281.5899397719 114245.0851233100

125940.8453698070 113275.7140519246
125145.3550589298 115052.8943494646
127690.9240537368 116830.0746470046
126736.3356806842 113598.8377423864
125463.5511832807 113437.2758971555
119576.9228827895 112144.7811353082
126577.2376185088 115214.4561946955
124827.1589345789 113598.8377423864
119099.6286962632 114406.6469685409
124031.6686237018 115052.8943494646
121327.0015667193 114729.7706590028
127213.6298672105 115860.7035756191
126259.0414941579 115860.7035756191
123713.4724993509 114083.5232780791
121008.8054423684 114568.2088137719
124827.1589345789 115537.5798851573
121963.3938154210 114083.5232780791
126895.4337428596 116668.5128017737
120372.4131936667 116830.0746470046
125622.6492454561 114891.3325042337

120690.6093180175 117314.7601826973
121804.2957532456 113760.3995876173
119417.8248206140 114245.0851233100
123395.2763750000 113275.7140519246
126577.2376185088 115860.7035756191
125304.4531211053 113275.7140519246
120213.3151314912 116183.8272660810
119736.0209449649 113275.7140519246
127054.5318050351 115537.5798851573
120531.5112558421 113760.3995876173
127531.8259915614 116830.0746470046
125781.7473076316 115537.5798851573
122281.5899397719 114406.6469685409
126259.0414941579 115860.7035756191
123077.0802506491 114245.0851233100
123713.4724993509 114891.3325042337
124827.1589345789 116022.2654208500
124031.6686237018 114891.3325042337
119099.6286962632 114406.6469685409
121008.8054423684 113760.3995876173

123077.0802506491 115052.8943494646
121327.0015667193 114406.6469685409
126418.1395563333 116183.8272660810
124349.8647480526 115214.4561946955
127054.5318050351 116022.2654208500
127690.9240537368 116830.0746470046
125940.8453698070 114406.6469685409
120054.2170693158 113275.7140519246
119258.7267584386 113275.7140519246
119736.0209449649 112144.7811353082
121645.1976910702 114245.0851233100
120690.6093180175 115537.5798851573
126418.1395563333 115214.4561946955
120372.4131936667 116991.6364922355
121963.3938154210 114729.7706590028
123872.5705615263 113114.1522066937
126099.9434319825 113921.9614328482
126736.3356806842 114245.0851233100
124827.1589345789 113760.3995876173
122440.6880019474 113598.8377423864

124190.7666858772 115214.4561946955
126895.4337428596 114891.3325042337
120372.4131936667 114406.6469685409
122281.5899397719 114406.6469685409
123554.3744371754 114245.0851233100
125622.6492454561 115860.7035756191
121645.1976910702 113437.2758971555
120690.6093180175 112791.0285162318
119895.1190071403 113437.2758971555
123236.1783128245 113437.2758971555
121008.8054423684 114729.7706590028
121327.0015667193 113760.3995876173
127213.6298672105 116506.9509565428
126259.0414941579 113437.2758971555
125304.4531211053 113598.8377423864
124827.1589345789 113114.1522066937
122917.9821884737 113437.2758971555
120690.6093180175 116506.9509565428
119576.9228827895 113598.8377423864
124508.9628102281 113921.9614328482

127850.0221159123 116345.3891113118
121486.0996288947 113598.8377423864
127531.8259915614 116668.5128017737
124031.6686237018 115537.5798851573
124668.0608724035 113760.3995876173
124349.8647480526 113921.9614328482
122440.6880019474 115214.4561946955
126895.4337428596 114568.2088137719
119417.8248206140 112952.5903614627
119895.1190071403 114406.6469685409
123077.0802506491 113760.3995876173
127213.6298672105 116345.3891113118
120372.4131936667 112629.4666710009
121167.9035045439 113275.7140519246
121804.2957532456 113598.8377423864
126418.1395563333 114568.2088137719
126418.1395563333 114891.3325042337
124986.2569967544 114083.5232780791
125781.7473076316 113114.1522066937
125304.4531211053 115376.0180399264

121645.1976910702 114406.6469685409
124190.7666858772 115699.1417303882
125145.3550589298 112952.5903614627
120531.5112558421 115860.7035756191
124827.1589345789 113921.9614328482
123872.5705615263 114729.7706590028
120849.7073801930 117961.0075636210
120213.3151314912 116830.0746470046
121167.9035045439 113921.9614328482
119258.7267584386 114245.0851233100
121963.3938154210 114406.6469685409
123236.1783128245 113437.2758971555
127213.6298672105 116668.5128017737
126736.3356806842 114568.2088137719
124827.1589345789 115052.8943494646
127531.8259915614 116506.9509565428
125622.6492454561 115860.7035756191
121804.2957532456 113114.1522066937
126099.9434319825 113921.9614328482
126418.1395563333 115537.5798851573

124827.1589345789 114568.2088137719
121804.2957532456 113275.7140519246
124827.1589345789 115537.5798851573
121645.1976910702 113114.1522066937
124349.8647480526 115052.8943494646
127213.6298672105 116668.5128017737
126099.9434319825 114568.2088137719
120690.6093180175 115214.4561946955
119417.8248206140 112467.9048257700
120372.4131936667 115376.0180399264
123236.1783128245 114245.0851233100
125304.4531211053 113114.1522066937
122281.5899397719 114891.3325042337
122599.7860641228 114245.0851233100
126418.1395563333 114891.3325042337
121327.0015667193 114083.5232780791
121963.3938154210 114729.7706590028
126895.4337428596 114729.7706590028
120213.3151314912 116183.8272660810
121645.1976910702 114568.2088137719

127690.9240537368 116830.0746470046
124031.6686237018 115214.4561946955
124508.9628102281 115052.8943494646
127372.7279293860 116506.9509565428
122122.4918775965 113921.9614328482
126895.4337428596 113760.3995876173
126577.2376185088 113760.3995876173
122599.7860641228 113921.9614328482
120213.3151314912 115860.7035756191
121645.1976910702 114568.2088137719
124827.1589345789 114891.3325042337
120849.7073801930 115376.0180399264
121327.0015667193 114891.3325042337
126099.9434319825 113114.1522066937
127372.7279293860 115860.7035756191
123077.0802506491 113921.9614328482
124827.1589345789 115376.0180399264
126099.9434319825 113598.8377423864
127531.8259915614 116022.2654208500
125304.4531211053 114729.7706590028

126099.9434319825 113114.1522066937
126736.3356806842 113437.2758971555
121008.8054423684 112629.4666710009
120531.5112558421 115699.1417303882
121645.1976910702 113598.8377423864
122599.7860641228 114083.5232780791
121486.0996288947 114568.2088137719
124827.1589345789 115860.7035756191
121167.9035045439 114568.2088137719
119576.9228827895 114729.7706590028
125145.3550589298 114891.3325042337
124668.0608724035 115537.5798851573
123872.5705615263 115052.8943494646
126418.1395563333 114245.0851233100
124349.8647480526 115214.4561946955
122281.5899397719 113760.3995876173
127690.9240537368 116345.3891113118
126418.1395563333 115376.0180399264
122122.4918775965 114729.7706590028
120849.7073801930 116668.5128017737

121327.0015667193 114891.3325042337
120690.6093180175 117476.3220279282
120054.2170693158 115699.1417303882
125940.8453698070 113921.9614328482
127054.5318050351 115376.0180399264
119736.0209449649 114406.6469685409
126577.2376185088 114083.5232780791
124827.1589345789 114729.7706590028
122281.5899397719 113760.3995876173
125145.3550589298 115860.7035756191
120372.4131936667 115052.8943494646
127690.9240537368 116668.5128017737
119258.7267584386 113275.7140519246
121645.1976910702 114245.0851233100
126895.4337428596 113760.3995876173
127372.7279293860 116345.3891113118
121167.9035045439 114729.7706590028
124349.8647480526 113437.2758971555
119736.0209449649 111821.6574448464
125622.6492454561 114245.0851233100

127850.0221159123 116345.3891113118
124190.7666858772 113437.2758971555
119417.8248206140 114729.7706590028
126259.0414941579 115537.5798851573
124827.1589345789 115376.0180399264
123077.0802506491 115052.8943494646
121963.3938154210 115052.8943494646
123554.3744371754 115214.4561946955
122758.8841262982 113760.3995876173
120054.2170693158 112144.7811353082
120372.4131936667 116345.3891113118
119736.0209449649 115052.8943494646
126895.4337428596 116183.8272660810
125781.7473076316 115052.8943494646
122440.6880019474 114568.2088137719
120054.2170693158 116183.8272660810
124668.0608724035 113275.7140519246
127531.8259915614 116183.8272660810
125145.3550589298 113114.1522066937
124508.9628102281 115376.0180399264

126736.3356806842 115699.1417303882
127690.9240537368 116506.9509565428
127054.5318050351 116506.9509565428
124031.6686237018 115537.5798851573
122281.5899397719 114568.2088137719
120213.3151314912 116830.0746470046
119736.0209449649 111660.0955996155
121008.8054423684 113760.3995876173
123236.1783128245 115052.8943494646
125145.3550589298 113760.3995876173
121645.1976910702 113760.3995876173
121008.8054423684 112629.4666710009
124827.1589345789 115052.8943494646
124508.9628102281 115052.8943494646
122758.8841262982 115376.0180399264
121167.9035045439 114083.5232780791
120054.2170693158 115860.7035756191
121327.0015667193 114891.3325042337
121645.1976910702 114568.2088137719
126099.9434319825 113760.3995876173

126895.4337428596 113760.3995876173
125145.3550589298 112791.0285162318
126099.9434319825 113921.9614328482
126577.2376185088 113437.2758971555
121645.1976910702 113921.9614328482
120849.7073801930 116345.3891113118
120372.4131936667 117153.1983374664
122440.6880019474 115052.8943494646
122758.8841262982 114245.0851233100
119099.6286962632 113437.2758971555
127690.9240537368 116830.0746470046
120054.2170693158 116183.8272660810
126418.1395563333 116183.8272660810
123713.4724993509 114245.0851233100
121327.0015667193 113760.3995876173
119417.8248206140 113598.8377423864
119895.1190071403 113760.3995876173
121167.9035045439 114406.6469685409
121963.3938154210 114891.3325042337
124349.8647480526 113760.3995876173

126736.3356806842 116506.9509565428
119099.6286962632 113598.8377423864
124190.7666858772 115699.1417303882
120531.5112558421 116668.5128017737
124668.0608724035 112952.5903614627
121645.1976910702 113921.9614328482
121008.8054423684 114729.7706590028
120372.4131936667 113921.9614328482
126418.1395563333 113437.2758971555
125940.8453698070 113760.3995876173
122599.7860641228 113921.9614328482
119895.1190071403 111983.2192900773
125622.6492454561 113437.2758971555
126418.1395563333 114568.2088137719
121963.3938154210 114406.6469685409
124508.9628102281 115052.8943494646
124827.1589345789 115860.7035756191
120054.2170693158 112144.7811353082
126895.4337428596 114245.0851233100
127372.7279293860 116668.5128017737

121327.0015667193 114406.6469685409
120372.4131936667 114891.3325042337
122281.5899397719 114406.6469685409
121327.0015667193 114891.3325042337
127690.9240537368 116830.0746470046
120849.7073801930 115376.0180399264
126895.4337428596 116345.3891113118
119736.0209449649 111821.6574448464
124668.0608724035 115537.5798851573
119895.1190071403 115699.1417303882
120849.7073801930 114245.0851233100
123077.0802506491 115376.0180399264
125463.5511832807 114568.2088137719
124349.8647480526 115537.5798851573
122758.8841262982 113760.3995876173
126895.4337428596 116668.5128017737
123872.5705615263 115214.4561946955
126577.2376185088 115052.8943494646
126895.4337428596 113760.3995876173
125145.3550589298 113598.8377423864

120531.5112558421 115052.8943494646
121645.1976910702 113598.8377423864
124986.2569967544 114891.3325042337
124508.9628102281 114891.3325042337
120054.2170693158 116506.9509565428
122281.5899397719 113760.3995876173
126577.2376185088 113114.1522066937
121804.2957532456 113275.7140519246
127690.9240537368 116668.5128017737
120531.5112558421 116668.5128017737
124827.1589345789 115537.5798851573
127213.6298672105 116506.9509565428
120054.2170693158 116183.8272660810
121008.8054423684 114729.7706590028
121804.2957532456 114568.2088137719
125940.8453698070 116022.2654208500
126577.2376185088 113437.2758971555
121963.3938154210 114729.7706590028
121008.8054423684 114245.0851233100
121645.1976910702 113921.9614328482

125940.8453698070 113921.9614328482
121963.3938154210 114406.6469685409
122440.6880019474 114406.6469685409
121167.9035045439 113760.3995876173
119576.9228827895 115537.5798851573
126895.4337428596 116345.3891113118
125304.4531211053 113760.3995876173
124668.0608724035 114568.2088137719
123077.0802506491 114568.2088137719
120372.4131936667 115052.8943494646
127054.5318050351 114406.6469685409
123872.5705615263 114245.0851233100
124986.2569967544 113921.9614328482
126418.1395563333 113275.7140519246
120372.4131936667 116991.6364922355
120690.6093180175 114729.7706590028
120054.2170693158 116345.3891113118
127531.8259915614 115699.1417303882
122758.8841262982 114568.2088137719
121486.0996288947 114568.2088137719

125940.8453698070 114891.3325042337
121645.1976910702 114729.7706590028
124668.0608724035 115860.7035756191
124986.2569967544 115860.7035756191
126259.0414941579 114568.2088137719
124668.0608724035 115052.8943494646
120213.3151314912 116991.6364922355
121963.3938154210 114568.2088137719
125145.3550589298 115537.5798851573
121486.0996288947 114406.6469685409
126736.3356806842 113760.3995876173
121486.0996288947 112952.5903614627
122758.8841262982 113598.8377423864
127372.7279293860 116830.0746470046
124349.8647480526 115699.1417303882
126577.2376185088 116022.2654208500
127054.5318050351 115376.0180399264
127213.6298672105 116345.3891113118
121008.8054423684 114729.7706590028
120531.5112558421 115214.4561946955

119258.7267584386 113437.2758971555
125940.8453698070 112791.0285162318
120213.3151314912 112629.4666710009
120531.5112558421 112629.4666710009
123713.4724993509 115214.4561946955
125145.3550589298 115376.0180399264
120849.7073801930 115376.0180399264
123077.0802506491 114083.5232780791
121167.9035045439 113598.8377423864
126099.9434319825 115537.5798851573
125622.6492454561 113921.9614328482
126736.3356806842 114083.5232780791
124508.9628102281 113598.8377423864
121804.2957532456 114406.6469685409
121486.0996288947 112952.5903614627
127054.5318050351 114891.3325042337
119576.9228827895 113760.3995876173
122281.5899397719 114245.0851233100
122758.8841262982 113760.3995876173
125304.4531211053 112791.0285162318

122440.6880019474 114245.0851233100
121327.0015667193 113598.8377423864
127054.5318050351 115537.5798851573
126577.2376185088 113598.8377423864
122758.8841262982 114083.5232780791
124668.0608724035 115376.0180399264
127850.0221159123 116345.3891113118
119895.1190071403 116022.2654208500
119895.1190071403 113921.9614328482
120690.6093180175 115699.1417303882
120849.7073801930 118768.8167897755
125781.7473076316 112791.0285162318
118940.5306340877 114083.5232780791
121963.3938154210 113437.2758971555
124986.2569967544 116022.2654208500
122122.4918775965 114245.0851233100
121645.1976910702 114891.3325042337
127531.8259915614 116345.3891113118
121804.2957532456 113921.9614328482
126259.0414941579 113437.2758971555

125622.6492454561 114406.6469685409
121327.0015667193 113598.8377423864
124668.0608724035 114891.3325042337
125304.4531211053 113598.8377423864
121963.3938154210 114568.2088137719
120054.2170693158 116506.9509565428
121963.3938154210 114406.6469685409
119258.7267584386 112952.5903614627
120054.2170693158 115537.5798851573
124031.6686237018 115214.4561946955
124986.2569967544 113275.7140519246
124349.8647480526 115537.5798851573
122599.7860641228 113437.2758971555
126259.0414941579 113598.8377423864
120213.3151314912 117153.1983374664
125940.8453698070 115214.4561946955
120531.5112558421 115860.7035756191
121645.1976910702 114729.7706590028
126577.2376185088 113598.8377423864
120690.6093180175 118122.5694088519

