48490898.5073462203 433932.1689453125
48574367.0372769535 434798.0019531250
50688208.1402792111 442763.9091796875
49403502.9063705504 439758.3232421875
48210710.0264897719 433731.6142578125
47280852.1165385768 422089.7246093750
46932515.8822980523 417010.0761718750
47195498.9300609902 419948.2236328125
47891269.2110577226 432671.6738281250
50086628.9026478231 439933.0839843750
46910954.2750636637 414866.8583984375
48646956.5517471209 435069.4824218750
47641139.3069259822 424688.8994140625
47406109.3257999867 422610.2685546875
45824118.3985866755 385779.1132812500
48798411.5281573683 439098.5468750000
46249720.6411162093 408057.2294921875
50185294.0664185882 440741.1699218750
47645350.7048119828 427857.3310546875
47612394.7766280696 423894.6347656250
