47891269.2110577226 432671.6738281250
50086628.9026478231 439933.0839843750
46910954.2750636637 414866.8583984375
48646956.5517471209 435069.4824218750
47641139.3069259822 424688.8994140625
47406109.3257999867 422610.2685546875
45824118.3985866755 385779.1132812500
48798411.5281573683 439098.5468750000
47362324.7293275595 421334.4208984375
46249720.6411162093 408057.2294921875
50185294.0664185882 440741.1699218750
47645350.7048119828 427857.3310546875
49902980.2797519863 439222.6035156250
47321647.2848149464 416391.6738281250
47612394.7766280696 423894.6347656250
