48573211.0222923681 431121.4941406250
47641139.3069259822 424688.8994140625
47406109.3257999867 422610.2685546875
47939485.2128770575 429325.0117187500
48248407.8201702386 430412.6035156250
47078500.4672255516 408614.9853515625
45824118.3985866755 385779.1132812500
48798411.5281573683 439098.5468750000
47362324.7293275595 421334.4208984375
46249720.6411162093 408057.2294921875
50185294.0664185882 440741.1699218750
47645350.7048119828 427857.3310546875
49902980.2797519863 439222.6035156250
47321647.2848149464 416391.6738281250
48666889.1233955771 433576.9423828125
47612394.7766280696 423894.6347656250
47064643.9468163475 408329.5498046875
