36647136.3202807084 15509.8047485352
35160345.0098304674 15190.0703735352
34589366.0646208450 13960.0612640381
34296586.4157680273 12856.3598785400
34817374.2765060738 14756.8127136230
34302581.1502108350 13516.0165710449
33610840.4458421320 10063.9334869385
34754134.4722527787 13964.6978454590
35752996.1654438823 15392.4484252930
35843114.7692670375 15482.5607299805
34475426.9330382496 13661.1012573242
34514168.0678215995 13923.0823364258
33869846.1643614173 11317.6213836670
34220287.5757369846 12608.8704528809
34060591.3393480107 12544.0042800903
36881217.0766094178 15664.9187622070
