35404505.2928750739 14969.7539672852
34817374.2765060738 14756.8127136230
34302581.1502108350 13516.0165710449
33610840.4458421320 10063.9334869385
34754134.4722527787 13964.6978454590
35456101.9922231734 15154.8466186523
36735485.9619204849 15499.4225158691
35752996.1654438823 15392.4484252930
35843114.7692670375 15482.5607299805
34475426.9330382496 13661.1012573242
34514168.0678215995 13923.0823364258
33869846.1643614173 11317.6213836670
34220287.5757369846 12608.8704528809
34060591.3393480107 12544.0042800903
36881217.0766094178 15664.9187622070
