35290367.3812439516 15554.4131469727
33702792.3733500242 11286.4626388550
34577335.2534545586 14794.3848419189
34266199.9514037296 12938.4748992920
35737429.3212688416 15664.9187622070
35100719.4583524093 14910.2196960449
35160345.0098304674 15190.0703735352
34302581.1502108350 13516.0165710449
33610840.4458421320 10063.9334869385
34475426.9330382496 13661.1012573242
34514168.0678215995 13923.0823364258
33869846.1643614173 11317.6213836670
34220287.5757369846 12608.8704528809
34060591.3393480107 12544.0042800903
