35752996.1654438823 15392.4484252930
34307836.8076047823 13140.8328857422
35588785.4081223309 14802.5328979492
34988897.6603430286 14361.2854614258
35843114.7692670375 15482.5607299805
34991201.0847840458 14393.9925842285
34475426.9330382496 13661.1012573242
34514168.0678215995 13923.0823364258
35599004.7289941460 14986.6483459473
33869846.1643614173 11317.6213836670
34220287.5757369846 12608.8704528809
35256732.2068845257 14753.3020629883
34060591.3393480107 12544.0042800903
34978764.2194495797 14194.1316833496
36881217.0766094178 15664.9187622070
