34991201.0847840458 14393.9925842285
34475426.9330382496 13661.1012573242
34457456.9069635123 12882.0128021240
34514168.0678215995 13923.0823364258
35599004.7289941460 14986.6483459473
33869846.1643614173 11317.6213836670
34220287.5757369846 12608.8704528809
35841345.0081577972 15185.5965881348
35256732.2068845257 14753.3020629883
34060591.3393480107 12544.0042800903
34978764.2194495797 14194.1316833496
36213939.3656308949 15349.3894653320
36881217.0766094178 15664.9187622070
35833602.7856453583 15093.2382812500
36011955.2863788456 15313.6478881836
