130177.3777031829 122649.9448979528
130501.0505646951 119633.8346486887
129206.3591186464 118046.4082017076
134546.9613335976 115982.7538206321
129530.0319801585 119792.5772933868
130015.5412724268 121697.4890297642
133899.6156105732 116300.2391100283
133252.2698875488 118840.1214251981
134870.6341951098 120745.0331615755
133252.2698875488 116776.4670441226
129044.5226878902 115824.0111759340
130177.3777031829 122173.7169638585
132766.7605952805 119157.6067145943
132119.4148722561 116458.9817547264
129691.8684109146 118840.1214251981

130501.0505646951 119633.8346486887
132119.4148722561 117570.1802676132
134546.9613335976 117570.1802676132
130986.5598569634 121538.7463850660
129368.1955494024 118522.6361358019
132443.0877337683 117252.6949782170
130501.0505646951 122014.9743191604
130339.2141339390 119633.8346486887
133414.1063183049 115665.2685312359
133575.9427490610 117093.9523335189
131148.3962877195 119951.3199380849
131148.3962877195 120268.8052274811
132766.7605952805 119316.3493592924
130662.8869954512 118205.1508464057
132766.7605952805 119157.6067145943

129044.5226878902 116300.2391100283
133737.7791798171 116300.2391100283
132604.9241645244 116141.4964653302
129368.1955494024 116458.9817547264
130015.5412724268 122332.4596085566
130986.5598569634 121380.0037403679
133414.1063183049 115189.0405971415
131957.5784415000 117570.1802676132
130339.2141339390 122173.7169638585
129691.8684109146 119633.8346486887
129530.0319801585 116935.2096888208
133090.4334567927 117252.6949782170
134546.9613335976 114712.8126630472
130501.0505646951 121697.4890297642
133899.6156105732 115030.2979524434

133252.2698875488 119316.3493592924
130662.8869954512 121538.7463850660
134223.2884720854 119633.8346486887
129853.7048416707 116776.4670441226
130177.3777031829 122332.4596085566
130824.7234262073 122014.9743191604
130824.7234262073 121697.4890297642
130339.2141339390 116300.2391100283
130501.0505646951 122173.7169638585
129368.1955494024 118205.1508464057
134385.1249028415 117252.6949782170
133252.2698875488 119157.6067145943
130177.3777031829 119792.5772933868
134223.2884720854 115506.5258865377
133899.6156105732 118205.1508464057

130015.5412724268 119316.3493592924
130177.3777031829 121697.4890297642
130824.7234262073 121380.0037403679
130015.5412724268 122332.4596085566
130177.3777031829 115824.0111759340
132281.2513030122 115982.7538206321
132604.9241645244 118998.8640698962
133737.7791798171 117252.6949782170
129530.0319801585 117887.6655570094
129206.3591186464 116617.7243994245
133575.9427490610 114871.5553077453
129691.8684109146 120268.8052274811
130662.8869954512 119316.3493592924
130015.5412724268 116141.4964653302
130177.3777031829 116617.7243994245

130339.2141339390 122332.4596085566
130662.8869954512 121538.7463850660
133252.2698875488 115347.7832418396
131472.0691492317 116141.4964653302
129691.8684109146 118363.8934911038
133737.7791798171 116617.7243994245
134708.7977643537 115824.0111759340
129530.0319801585 115824.0111759340
130177.3777031829 116617.7243994245
133899.6156105732 115982.7538206321
132443.0877337683 118998.8640698962
132766.7605952805 118681.3787805000
133252.2698875488 115982.7538206321
129691.8684109146 119792.5772933868
129368.1955494024 118522.6361358019

130339.2141339390 121856.2316744623
134708.7977643537 119316.3493592924
134708.7977643537 114712.8126630472
129368.1955494024 117728.9229123113
130339.2141339390 119792.5772933868
130986.5598569634 115347.7832418396
129368.1955494024 116458.9817547264
132928.5970260366 119316.3493592924
133575.9427490610 115982.7538206321
131310.2327184756 116617.7243994245
132766.7605952805 115824.0111759340
130339.2141339390 119475.0920039906
131957.5784415000 117570.1802676132
133252.2698875488 117093.9523335189
133899.6156105732 114871.5553077453

133090.4334567927 119157.6067145943
134385.1249028415 119792.5772933868
130015.5412724268 120268.8052274811
133575.9427490610 115665.2685312359
131795.7420107439 115665.2685312359
131957.5784415000 117411.4376229151
128882.6862571341 115665.2685312359
133575.9427490610 115982.7538206321
131148.3962877195 116141.4964653302
135194.3070566220 120903.7758062736
129206.3591186464 118363.8934911038
130339.2141339390 118205.1508464057
133252.2698875488 117093.9523335189
132928.5970260366 114871.5553077453
133737.7791798171 117411.4376229151

133252.2698875488 116935.2096888208
130501.0505646951 117887.6655570094
134708.7977643537 119792.5772933868
134385.1249028415 119633.8346486887
130662.8869954512 116141.4964653302
133090.4334567927 119316.3493592924
128720.8498263780 115824.0111759340
131795.7420107439 118681.3787805000
130662.8869954512 122014.9743191604
129853.7048416707 116776.4670441226
133899.6156105732 115506.5258865377
132766.7605952805 118998.8640698962
132281.2513030122 117887.6655570094
130501.0505646951 122173.7169638585
132281.2513030122 116300.2391100283

134385.1249028415 116300.2391100283
134546.9613335976 119792.5772933868
130501.0505646951 121697.4890297642
133252.2698875488 117093.9523335189
129691.8684109146 120110.0625827830
132766.7605952805 118998.8640698962
129206.3591186464 116458.9817547264
130015.5412724268 121538.7463850660
130339.2141339390 122332.4596085566
133414.1063183049 115030.2979524434
129853.7048416707 119792.5772933868
133737.7791798171 116617.7243994245
133252.2698875488 119475.0920039906
131795.7420107439 117411.4376229151
131148.3962877195 121538.7463850660

134870.6341951098 120586.2905168774
129530.0319801585 116458.9817547264
130339.2141339390 122332.4596085566
134385.1249028415 119792.5772933868
132281.2513030122 118522.6361358019
130339.2141339390 122014.9743191604
129368.1955494024 115824.0111759340
133414.1063183049 117093.9523335189
130501.0505646951 119633.8346486887
133252.2698875488 118840.1214251981
133575.9427490610 117570.1802676132
131633.9055799878 115665.2685312359
130015.5412724268 121538.7463850660
129853.7048416707 115665.2685312359
131148.3962877195 118205.1508464057

132766.7605952805 118998.8640698962
132766.7605952805 119316.3493592924
131957.5784415000 115665.2685312359
133090.4334567927 118998.8640698962
133737.7791798171 117411.4376229151
130501.0505646951 116617.7243994245
132119.4148722561 115824.0111759340
134385.1249028415 117411.4376229151
133899.6156105732 115824.0111759340
129530.0319801585 116935.2096888208
133252.2698875488 117252.6949782170
130015.5412724268 116458.9817547264
130177.3777031829 122173.7169638585
129368.1955494024 115665.2685312359
130662.8869954512 116141.4964653302

135194.3070566220 120903.7758062736
130015.5412724268 116458.9817547264
133899.6156105732 115506.5258865377
132928.5970260366 118998.8640698962
131148.3962877195 120110.0625827830
130986.5598569634 119316.3493592924
132119.4148722561 117728.9229123113
133252.2698875488 118046.4082017076
130986.5598569634 115347.7832418396
134223.2884720854 120110.0625827830
130177.3777031829 122491.2022532547
133575.9427490610 117252.6949782170
132443.0877337683 118681.3787805000
129206.3591186464 115982.7538206321
133575.9427490610 116935.2096888208

131795.7420107439 117570.1802676132
130339.2141339390 121538.7463850660
130177.3777031829 122173.7169638585
132766.7605952805 119316.3493592924
130662.8869954512 118363.8934911038
132928.5970260366 118046.4082017076
131310.2327184756 115189.0405971415
132928.5970260366 119157.6067145943
129368.1955494024 117093.9523335189
130824.7234262073 120268.8052274811
131148.3962877195 121221.2610956698
129530.0319801585 118522.6361358019
129368.1955494024 116458.9817547264
133737.7791798171 117728.9229123113
133575.9427490610 117411.4376229151

