35737429.3212688416 15664.9187622070
35100719.4583524093 14910.2196960449
35709228.1269402578 15516.1165771484
34655820.6511039361 14040.0502624512
35160345.0098304674 15190.0703735352
34589366.0646208450 13960.0612640381
34296586.4157680273 12856.3598785400
34817374.2765060738 14756.8127136230
34302581.1502108350 13516.0165710449
33610840.4458421320 10063.9334869385
34475426.9330382496 13661.1012573242
34514168.0678215995 13923.0823364258
33869846.1643614173 11317.6213836670
34220287.5757369846 12608.8704528809
34060591.3393480107 12544.0042800903
