11174166.2769774329 6545.6231079102
10555144.9451749157 5383.5422058105
10848056.7805403396 6212.7449340820
11123100.2345094811 6320.7626953125
10265733.3587748371 4502.6790809631
10759298.3695327453 6205.0236206055
10719294.0805574693 5555.5548248291
10891368.0783290602 6224.1493530273
10561983.2973685861 5415.5125274658
10724126.6727616191 6197.5620727539
10562104.7082909625 5487.7469482422
10451646.8054390978 5066.9177856445
10558263.1733226851 5391.2843475342
10157711.7784675993 4051.5910415649
10926427.3234451469 6280.2740478516
