128671.9964201167 128792.7500950000
129468.2334639500 129594.1115283333
129786.7282814833 129594.1115283333
130582.9653253167 127190.0272283333
127398.0171499833 129113.2946683333

128831.2438288833 128953.0223816667
128353.5016025833 127991.3886616667
129627.4808727167 129433.8392416667
130105.2230990167 129754.3838150000
129468.2334639500 129594.1115283333

129149.7386464167 127831.1163750000
129468.2334639500 129594.1115283333
129308.9860551833 130555.7452483333
129945.9756902500 128151.6609483333
129627.4808727167 129594.1115283333

129627.4808727167 129594.1115283333
129786.7282814833 128311.9332350000
127398.0171499833 129754.3838150000
128990.4912376500 127831.1163750000
129468.2334639500 129594.1115283333

129468.2334639500 129433.8392416667
128194.2541938167 128792.7500950000
128194.2541938167 128151.6609483333
129627.4808727167 129433.8392416667
128671.9964201167 129113.2946683333

128035.0067850500 130395.4729616667
127398.0171499833 129433.8392416667
129627.4808727167 129594.1115283333
129468.2334639500 129594.1115283333
129945.9756902500 129754.3838150000

128990.4912376500 127831.1163750000
128353.5016025833 128792.7500950000
129627.4808727167 129594.1115283333
128512.7490113500 129113.2946683333
129468.2334639500 126709.2103683333

129627.4808727167 130395.4729616667
129786.7282814833 129433.8392416667
128353.5016025833 128792.7500950000
129627.4808727167 129433.8392416667
129468.2334639500 129594.1115283333

128194.2541938167 128151.6609483333
129468.2334639500 129914.6561016667
130582.9653253167 127190.0272283333
130264.4705077833 129754.3838150000
127398.0171499833 129594.1115283333

129627.4808727167 128151.6609483333
129627.4808727167 129594.1115283333
129468.2334639500 130074.9283883333
128512.7490113500 128792.7500950000
130582.9653253167 127190.0272283333

129627.4808727167 129273.5669550000
127238.7697412167 129433.8392416667
128512.7490113500 128632.4778083334
129468.2334639500 129754.3838150000
129627.4808727167 129594.1115283333

129786.7282814833 128472.2055216667
126761.0275149167 129754.3838150000
129627.4808727167 129594.1115283333
129468.2334639500 129754.3838150000
129627.4808727167 129433.8392416667

128194.2541938167 128792.7500950000
129627.4808727167 129433.8392416667
129786.7282814833 129594.1115283333
129308.9860551833 129754.3838150000
129786.7282814833 127991.3886616667

