10568638.2956603300 5644.0741882324
10410878.5001787748 5049.6146697998
10586443.2653534040 5651.2584533691
10586501.0696973465 5734.7368164062
10748329.3601777684 6224.1493530273
10652213.8633059748 5864.6838989258
10828485.8661854044 6228.6880493164
10916992.5911506079 6545.6231079102
10747958.7310679499 6217.0712280273
10514382.4680964053 5639.2108459473
10293207.0874674190 4522.3810806274
10649305.9947626293 5738.8026123047
10265733.3587748371 4502.6790809631
10724126.6727616191 6197.5620727539
10451646.8054390978 5066.9177856445
10157711.7784675993 4051.5910415649
