58941520.3025398403 654518.6816406250
58269806.1506677195 643506.3623046875
61284852.2664989680 668343.7246093750
59832407.0558796600 664811.3046875000
58161536.8298998177 639572.6816406250
60478342.8783193380 667384.5449218750
58319077.6064070091 654402.3417968750
57614777.1422450319 638114.4179687500
57996624.5362401009 639250.2539062500
59381036.7863337100 657971.6347656250
58967287.5166345537 655463.4765625000
60439310.5848740190 665110.1503906250
56923991.5069611222 618200.6210937500
58230878.2533581480 640528.5458984375
57964876.9394265190 639196.2421875000
58285509.6669503599 650348.1484375000
63257443.2399275228 669648.5488281250
57257401.9657592401 628351.7080078125
59321791.7687770724 657493.3339843750
57525743.6843607053 636533.6054687500
59723139.4044478238 664342.3378906250
61921464.7483835220 668491.4609375000
56854130.6850246638 608393.2099609375
57977899.9088154659 639228.8554687500
58260709.9338347912 641191.1972656250
59293209.0220258385 656729.9179687500
