60361357.1346905380 671019.1132812500
59247417.3039566204 660716.1035156250
56779871.4560221359 604495.5029296875
56488187.9307526723 590147.8330078125
62126773.1179568619 674816.1054687500
58787533.7038493976 655623.2734375000
56809041.4681167379 605863.4091796875
57109334.4830905348 641294.8085937500
58000410.0385629758 647779.4804687500
60799246.6755075008 671826.6777343750
57045008.2908781990 633856.5068359375
60019164.0932121798 666539.2519531250
58853050.1788611859 660279.6191406250
61275822.0415835902 673940.1835937500
58085587.3349685967 651919.8613281250
58008657.1308179051 648509.6171875000
59663316.2323985100 665982.1894531250
57487766.3739451095 646653.0722656250
58591285.7515842393 654702.4101562500
59446545.6604483575 665268.3945312500
59412604.0071304739 661248.9179687500
56733109.5143405870 601047.1132812500
58319077.6064070091 654402.3417968750
56923991.5069611222 618200.6210937500
56854130.6850246638 608393.2099609375
