61275822.0415835902 673940.1835937500
58085587.3349685967 651919.8613281250
58008657.1308179051 648509.6171875000
59663316.2323985100 665982.1894531250
57180955.4990170822 627367.6025390625
57487766.3739451095 646653.0722656250
59062752.8102347255 660241.5644531250
60848497.3926224783 669215.6718750000
58591285.7515842393 654702.4101562500
57301367.8294895962 629414.0556640625
59446545.6604483575 665268.3945312500
59412604.0071304739 661248.9179687500
60868965.5995071456 670512.9394531250
56733109.5143405870 601047.1132812500
58926238.2223202959 656429.7441406250
60478342.8783193380 667384.5449218750
58319077.6064070091 654402.3417968750
56923991.5069611222 618200.6210937500
57257401.9657592401 628351.7080078125
56854130.6850246638 608393.2099609375
