58591285.7515842393 654702.4101562500
59181874.2290273830 657459.7929687500
57301367.8294895962 629414.0556640625
59446545.6604483575 665268.3945312500
58239563.1770561934 649914.3808593750
61583821.5310873538 672366.5058593750
59412604.0071304739 661248.9179687500
60868965.5995071456 670512.9394531250
56733109.5143405870 601047.1132812500
57783341.3866473287 642416.2968750000
58926238.2223202959 656429.7441406250
60478342.8783193380 667384.5449218750
58319077.6064070091 654402.3417968750
57614777.1422450319 638114.4179687500
59381036.7863337100 657971.6347656250
56923991.5069611222 618200.6210937500
58285509.6669503599 650348.1484375000
57257401.9657592401 628351.7080078125
59321791.7687770724 657493.3339843750
57525743.6843607053 636533.6054687500
56854130.6850246638 608393.2099609375
