59153316.1095256954 652690.2070312500
58230878.2533581480 640528.5458984375
57964876.9394265190 639196.2421875000
58285509.6669503599 650348.1484375000
63257443.2399275228 669648.5488281250
57257401.9657592401 628351.7080078125
60752640.6728649065 666825.8808593750
59321791.7687770724 657493.3339843750
59116264.4386300966 651062.3007812500
61395845.3388731033 667615.6152343750
57525743.6843607053 636533.6054687500
59723139.4044478238 664342.3378906250
61921464.7483835220 668491.4609375000
56854130.6850246638 608393.2099609375
57977899.9088154659 639228.8554687500
60245599.3847513720 664624.6191406250
58414291.9321664572 650688.0507812500
59253701.8225384876 653234.3105468750
58260709.9338347912 641191.1972656250
59293209.0220258385 656729.9179687500
