120552.4872347963 124221.5404545809
118172.8898053518 127721.7140723750
117855.6101480926 126130.7260642868
124201.2032932778 125971.6272634779
121187.0465493148 121835.0584424485
121662.9660352037 127403.5164707574
122773.4448356111 126767.1212675221
122456.1651783518 122153.2560440662
117379.6906622037 125335.2320602426
119600.6482630185 123903.3428529633
122773.4448356111 121516.8608408309
121821.6058638333 122471.4536456838
117855.6101480926 128517.2080764191
119283.3686057593 128676.3068772279
124677.1227791667 125176.1332594338
120235.2075775370 128199.0104748015
119442.0084343889 130108.1960845073
118172.8898053518 123426.0464505368
117379.6906622037 126926.2200683309
118172.8898053518 129471.8008812721
121821.6058638333 122630.5524464927
118014.2499767222 125653.4296618603
121980.2456924630 121198.6632392132
118172.8898053518 127880.8128731838
117696.9703194630 123744.2440521544

121662.9660352037 125176.1332594338
120711.1270634259 121994.1572432573
124201.2032932778 125494.3308610515
119442.0084343889 123585.1452513456
118014.2499767222 123903.3428529633
120235.2075775370 126448.9236659044
119283.3686057593 125494.3308610515
119917.9279202778 123266.9476497279
121821.6058638333 121198.6632392132
120711.1270634259 128676.3068772279
117379.6906622037 126448.9236659044
118966.0889485000 122789.6512473015
119759.2880916481 121675.9596416397
120869.7668920556 124698.8368570074
122138.8855210926 127085.3188691397
124994.4024364259 123744.2440521544
118966.0889485000 127721.7140723750
121504.3262065741 127880.8128731838
123249.3643215000 121516.8608408309
120869.7668920556 122471.4536456838
118490.1694626111 130267.2948853162
120711.1270634259 121675.9596416397
121662.9660352037 128199.0104748015
120076.5677489074 124380.6392553897
120393.8474061667 121198.6632392132

120393.8474061667 121357.7620400221
118331.5296339815 125017.0344586250
120552.4872347963 124221.5404545809
119917.9279202778 125653.4296618603
118966.0889485000 121994.1572432573
124994.4024364259 123903.3428529633
119759.2880916481 121994.1572432573
120235.2075775370 121835.0584424485
118966.0889485000 126608.0224667132
120552.4872347963 121835.0584424485
118807.4491198704 127403.5164707574
118490.1694626111 122948.7500481103
122138.8855210926 121198.6632392132
119442.0084343889 121198.6632392132
120552.4872347963 121675.9596416397
118966.0889485000 122312.3548448750
117696.9703194630 127562.6152715662
122456.1651783518 127562.6152715662
119600.6482630185 121357.7620400221
120393.8474061667 121835.0584424485
120235.2075775370 126289.8248650956
122932.0846642407 124857.9356578162
118172.8898053518 128676.3068772279
117221.0508335741 124539.7380561985
118966.0889485000 126926.2200683309

119283.3686057593 122153.2560440662
124994.4024364259 123903.3428529633
120235.2075775370 121835.0584424485
120552.4872347963 121835.0584424485
117696.9703194630 127562.6152715662
118331.5296339815 125017.0344586250
120235.2075775370 126926.2200683309
120076.5677489074 125812.5284626691
119759.2880916481 121994.1572432573
119124.7287771296 122471.4536456838
118966.0889485000 121994.1572432573
118966.0889485000 126608.0224667132
118807.4491198704 127403.5164707574
118490.1694626111 122948.7500481103
120235.2075775370 126289.8248650956
120393.8474061667 121357.7620400221
120235.2075775370 129630.8996820809
121187.0465493148 121675.9596416397
121345.6863779444 122153.2560440662
118966.0889485000 122312.3548448750
120552.4872347963 124221.5404545809
119600.6482630185 121357.7620400221
119917.9279202778 125653.4296618603
120552.4872347963 121675.9596416397
122138.8855210926 121198.6632392132

121980.2456924630 126289.8248650956
118648.8092912407 129471.8008812721
121345.6863779444 123903.3428529633
125311.6820936852 125176.1332594338
118331.5296339815 130585.4924869338
119283.3686057593 125335.2320602426
118331.5296339815 126608.0224667132
122138.8855210926 122312.3548448750
118014.2499767222 123744.2440521544
124201.2032932778 124857.9356578162
118807.4491198704 127562.6152715662
118648.8092912407 131062.7888893603
117538.3304908333 127085.3188691397
121187.0465493148 126608.0224667132
123090.7244928704 125812.5284626691
121345.6863779444 121994.1572432573
119759.2880916481 122630.5524464927
119600.6482630185 128676.3068772279
117855.6101480926 128358.1092756103
118014.2499767222 123585.1452513456
118490.1694626111 124062.4416537721
123408.0041501296 124221.5404545809
122297.5253497222 121357.7620400221
118966.0889485000 123266.9476497279
119442.0084343889 128039.9116739927

119283.3686057593 122153.2560440662
117855.6101480926 128835.4056780368
120393.8474061667 121198.6632392132
118966.0889485000 124380.6392553897
122614.8050069815 121675.9596416397
120235.2075775370 124857.9356578162
121345.6863779444 128039.9116739927
119283.3686057593 129153.6032796544
119124.7287771296 121198.6632392132
120552.4872347963 128358.1092756103
119124.7287771296 127721.7140723750
120711.1270634259 126608.0224667132
119124.7287771296 125335.2320602426
120393.8474061667 126130.7260642868
120235.2075775370 126289.8248650956
119600.6482630185 121835.0584424485
118490.1694626111 123585.1452513456
118966.0889485000 123107.8488489191
121821.6058638333 125653.4296618603
122773.4448356111 127085.3188691397
124677.1227791667 125335.2320602426
121345.6863779444 125176.1332594338
124994.4024364259 125653.4296618603
122614.8050069815 121994.1572432573
119442.0084343889 122471.4536456838

119442.0084343889 128039.9116739927
119124.7287771296 128358.1092756103
120076.5677489074 126608.0224667132
118014.2499767222 127562.6152715662
120076.5677489074 127880.8128731838
118966.0889485000 124539.7380561985
119759.2880916481 127562.6152715662
119283.3686057593 123903.3428529633
121821.6058638333 121198.6632392132
119600.6482630185 125335.2320602426
119917.9279202778 121516.8608408309
120393.8474061667 122153.2560440662
118966.0889485000 130108.1960845073
118490.1694626111 129630.8996820809
117696.9703194630 128039.9116739927
119283.3686057593 121675.9596416397
119283.3686057593 121198.6632392132
119442.0084343889 127244.4176699485
119600.6482630185 127403.5164707574
118648.8092912407 124539.7380561985
121028.4067206852 121675.9596416397
119600.6482630185 121835.0584424485
120711.1270634259 126767.1212675221
119600.6482630185 121357.7620400221
117855.6101480926 123107.8488489191

118648.8092912407 125335.2320602426
120711.1270634259 121516.8608408309
118807.4491198704 125812.5284626691
122297.5253497222 127721.7140723750
119917.9279202778 121994.1572432573
121187.0465493148 121675.9596416397
118966.0889485000 127244.4176699485
121345.6863779444 128358.1092756103
116903.7711763148 124539.7380561985
117538.3304908333 125494.3308610515
120393.8474061667 123107.8488489191
120711.1270634259 121675.9596416397
118807.4491198704 122789.6512473015
118807.4491198704 127085.3188691397
120711.1270634259 126130.7260642868
122456.1651783518 121039.5644384044
119917.9279202778 122312.3548448750
118807.4491198704 121835.0584424485
119442.0084343889 127721.7140723750
124994.4024364259 123585.1452513456
124359.8431219074 125176.1332594338
117221.0508335741 124062.4416537721
120711.1270634259 128517.2080764191
117379.6906622037 124857.9356578162
121187.0465493148 128039.9116739927

118966.0889485000 126448.9236659044
123090.7244928704 121357.7620400221
121980.2456924630 127721.7140723750
120552.4872347963 121357.7620400221
124042.5634646481 123585.1452513456
122138.8855210926 121675.9596416397
117855.6101480926 123266.9476497279
120552.4872347963 127085.3188691397
119442.0084343889 121675.9596416397
118807.4491198704 128358.1092756103
117696.9703194630 128358.1092756103
120869.7668920556 124221.5404545809
118014.2499767222 124698.8368570074
118807.4491198704 127562.6152715662
119442.0084343889 128994.5044788456
118807.4491198704 121994.1572432573
122614.8050069815 127403.5164707574
120393.8474061667 127880.8128731838
117696.9703194630 126926.2200683309
119917.9279202778 122471.4536456838
124994.4024364259 124062.4416537721
118966.0889485000 125653.4296618603
119124.7287771296 126926.2200683309
117062.4110049445 124539.7380561985
121187.0465493148 128676.3068772279

118172.8898053518 122789.6512473015
121028.4067206852 127880.8128731838
119124.7287771296 124857.9356578162
120869.7668920556 121198.6632392132
124994.4024364259 123585.1452513456
121821.6058638333 122153.2560440662
121028.4067206852 128039.9116739927
118966.0889485000 127562.6152715662
122456.1651783518 123744.2440521544
124994.4024364259 124857.9356578162
121345.6863779444 124221.5404545809
120711.1270634259 126289.8248650956
119124.7287771296 125494.3308610515
120869.7668920556 128676.3068772279
118490.1694626111 130426.3936861250
121504.3262065741 126926.2200683309
118172.8898053518 128994.5044788456
124201.2032932778 125971.6272634779
117538.3304908333 124539.7380561985
118807.4491198704 127244.4176699485
119600.6482630185 123266.9476497279
118648.8092912407 126448.9236659044
118648.8092912407 126608.0224667132
121504.3262065741 121835.0584424485
123883.9236360185 124062.4416537721

119600.6482630185 122948.7500481103
119600.6482630185 121198.6632392132
119283.3686057593 126289.8248650956
118966.0889485000 125812.5284626691
119124.7287771296 122471.4536456838
118490.1694626111 125017.0344586250
118014.2499767222 124062.4416537721
121028.4067206852 121516.8608408309
122614.8050069815 121835.0584424485
121980.2456924630 121675.9596416397
121662.9660352037 127403.5164707574
121345.6863779444 127562.6152715662
122456.1651783518 122153.2560440662
118172.8898053518 128676.3068772279
122297.5253497222 121675.9596416397
119917.9279202778 122153.2560440662
121980.2456924630 126926.2200683309
118172.8898053518 126926.2200683309
120393.8474061667 127562.6152715662
124359.8431219074 124698.8368570074
123883.9236360185 126130.7260642868
121662.9660352037 128199.0104748015
121662.9660352037 127880.8128731838
120711.1270634259 121835.0584424485
118648.8092912407 124380.6392553897

119124.7287771296 127562.6152715662
124677.1227791667 124698.8368570074
118807.4491198704 129153.6032796544
118490.1694626111 124857.9356578162
118014.2499767222 123744.2440521544
118331.5296339815 130108.1960845073
120711.1270634259 128199.0104748015
118807.4491198704 125494.3308610515
117855.6101480926 128199.0104748015
118648.8092912407 125971.6272634779
118331.5296339815 122471.4536456838
121504.3262065741 124221.5404545809
120869.7668920556 128835.4056780368
122456.1651783518 121994.1572432573
118966.0889485000 128835.4056780368
121980.2456924630 127562.6152715662
120393.8474061667 127880.8128731838
118490.1694626111 126926.2200683309
118331.5296339815 129471.8008812721
123249.3643215000 125335.2320602426
119600.6482630185 121835.0584424485
117538.3304908333 126448.9236659044
123408.0041501296 121357.7620400221
119600.6482630185 121516.8608408309
117855.6101480926 127244.4176699485

119124.7287771296 130426.3936861250
118172.8898053518 125812.5284626691
121345.6863779444 127085.3188691397
117696.9703194630 127403.5164707574
116903.7711763148 124380.6392553897
119600.6482630185 122471.4536456838
118172.8898053518 123266.9476497279
120076.5677489074 124062.4416537721
123725.2838073889 126130.7260642868
117696.9703194630 127880.8128731838
118648.8092912407 124698.8368570074
119442.0084343889 121994.1572432573
119917.9279202778 121198.6632392132
118172.8898053518 128517.2080764191
122773.4448356111 126926.2200683309
121504.3262065741 128199.0104748015
119600.6482630185 128676.3068772279
118966.0889485000 125494.3308610515
117855.6101480926 128199.0104748015
119759.2880916481 121516.8608408309
123249.3643215000 121039.5644384044
121028.4067206852 122312.3548448750
120552.4872347963 126289.8248650956
118172.8898053518 128835.4056780368
118648.8092912407 125176.1332594338

119124.7287771296 130267.2948853162
119600.6482630185 127562.6152715662
119283.3686057593 121516.8608408309
118490.1694626111 123585.1452513456
120552.4872347963 125017.0344586250
119283.3686057593 122789.6512473015
121504.3262065741 126448.9236659044
119124.7287771296 124698.8368570074
118172.8898053518 127244.4176699485
117538.3304908333 126608.0224667132
120869.7668920556 124380.6392553897
119442.0084343889 121994.1572432573
118648.8092912407 122312.3548448750
117696.9703194630 127562.6152715662
120235.2075775370 126926.2200683309
119917.9279202778 125494.3308610515
121504.3262065741 124062.4416537721
120235.2075775370 128676.3068772279
118966.0889485000 123107.8488489191
118331.5296339815 125971.6272634779
119283.3686057593 126289.8248650956
119283.3686057593 130585.4924869338
120235.2075775370 128835.4056780368
123566.6439787593 121198.6632392132
119600.6482630185 129789.9984828897

119283.3686057593 127085.3188691397
118490.1694626111 129153.6032796544
118331.5296339815 127721.7140723750
119759.2880916481 128835.4056780368
119917.9279202778 129471.8008812721
120393.8474061667 128994.5044788456
121028.4067206852 121675.9596416397
124994.4024364259 125494.3308610515
117538.3304908333 124221.5404545809
118807.4491198704 127403.5164707574
119759.2880916481 128517.2080764191
117855.6101480926 126926.2200683309
121028.4067206852 125494.3308610515
119759.2880916481 121516.8608408309
120235.2075775370 122153.2560440662
118331.5296339815 127880.8128731838
120076.5677489074 121835.0584424485
118490.1694626111 122153.2560440662
121821.6058638333 126767.1212675221
121028.4067206852 127880.8128731838
121187.0465493148 121198.6632392132
121028.4067206852 128199.0104748015
118331.5296339815 126608.0224667132
119917.9279202778 123903.3428529633
118490.1694626111 125812.5284626691

119442.0084343889 127562.6152715662
117062.4110049445 125335.2320602426
118648.8092912407 126130.7260642868
122138.8855210926 123903.3428529633
119442.0084343889 121516.8608408309
118172.8898053518 127880.8128731838
117696.9703194630 128517.2080764191
120711.1270634259 123426.0464505368
121980.2456924630 121994.1572432573
119600.6482630185 125971.6272634779
121187.0465493148 127880.8128731838
117855.6101480926 128835.4056780368
118490.1694626111 122789.6512473015
121028.4067206852 121198.6632392132
121187.0465493148 121994.1572432573
120076.5677489074 128199.0104748015
120235.2075775370 126448.9236659044
124359.8431219074 125653.4296618603
121504.3262065741 121675.9596416397
117538.3304908333 127721.7140723750
123725.2838073889 126130.7260642868
119283.3686057593 124698.8368570074
118966.0889485000 127244.4176699485
122456.1651783518 127244.4176699485
120552.4872347963 122312.3548448750

121662.9660352037 121675.9596416397
124201.2032932778 125176.1332594338
118648.8092912407 130108.1960845073
119917.9279202778 124539.7380561985
121980.2456924630 127721.7140723750
117379.6906622037 126448.9236659044
124677.1227791667 123585.1452513456
119600.6482630185 122630.5524464927
120552.4872347963 121994.1572432573
119917.9279202778 126130.7260642868
117855.6101480926 124857.9356578162
124994.4024364259 124062.4416537721
121662.9660352037 126767.1212675221
122773.4448356111 127244.4176699485
118966.0889485000 127244.4176699485
121345.6863779444 128358.1092756103
119600.6482630185 125335.2320602426
124201.2032932778 124062.4416537721
119600.6482630185 122312.3548448750
118331.5296339815 123585.1452513456
120711.1270634259 121198.6632392132
121028.4067206852 128039.9116739927
119283.3686057593 127721.7140723750
118331.5296339815 126767.1212675221
119759.2880916481 129630.8996820809

121821.6058638333 128039.9116739927
118966.0889485000 121675.9596416397
124994.4024364259 125653.4296618603
122456.1651783518 124539.7380561985
118331.5296339815 128199.0104748015
121028.4067206852 127085.3188691397
120869.7668920556 124539.7380561985
118490.1694626111 124221.5404545809
119917.9279202778 128039.9116739927
121187.0465493148 121835.0584424485
121821.6058638333 121198.6632392132
121504.3262065741 127721.7140723750
117855.6101480926 127244.4176699485
118966.0889485000 121835.0584424485
124994.4024364259 125335.2320602426
119600.6482630185 126926.2200683309
118490.1694626111 128517.2080764191
119917.9279202778 121516.8608408309
122297.5253497222 127403.5164707574
117221.0508335741 125017.0344586250
118014.2499767222 125494.3308610515
119442.0084343889 122789.6512473015
118014.2499767222 126926.2200683309
117855.6101480926 128994.5044788456
118807.4491198704 122312.3548448750

120711.1270634259 127721.7140723750
117855.6101480926 128994.5044788456
118331.5296339815 128039.9116739927
123249.3643215000 125335.2320602426
118014.2499767222 123585.1452513456
123566.6439787593 121039.5644384044
117855.6101480926 126289.8248650956
118966.0889485000 122948.7500481103
118172.8898053518 129312.7020804632
117696.9703194630 127721.7140723750
119917.9279202778 122471.4536456838
119283.3686057593 121357.7620400221
118172.8898053518 127085.3188691397
120076.5677489074 129789.9984828897
120235.2075775370 123266.9476497279
117696.9703194630 123585.1452513456
118331.5296339815 123903.3428529633
120393.8474061667 127403.5164707574
119917.9279202778 121675.9596416397
120552.4872347963 128039.9116739927
121662.9660352037 128358.1092756103
122614.8050069815 126608.0224667132
117538.3304908333 124380.6392553897
118648.8092912407 126926.2200683309
124835.7626077963 125335.2320602426

119759.2880916481 123107.8488489191
124042.5634646481 123585.1452513456
118648.8092912407 127085.3188691397
117855.6101480926 128199.0104748015
119600.6482630185 129789.9984828897
119283.3686057593 128835.4056780368
121187.0465493148 127880.8128731838
118648.8092912407 125653.4296618603
123090.7244928704 125176.1332594338
125153.0422650556 124698.8368570074
119917.9279202778 122789.6512473015
118648.8092912407 123426.0464505368
118966.0889485000 127562.6152715662
120076.5677489074 121994.1572432573
121662.9660352037 128358.1092756103
120552.4872347963 121357.7620400221
122614.8050069815 126767.1212675221
121345.6863779444 124221.5404545809
119917.9279202778 126289.8248650956
119759.2880916481 126130.7260642868
118331.5296339815 124062.4416537721
122614.8050069815 121039.5644384044
117855.6101480926 123744.2440521544
117855.6101480926 127880.8128731838
119442.0084343889 122312.3548448750

120076.5677489074 122789.6512473015
124835.7626077963 125494.3308610515
120552.4872347963 127880.8128731838
120711.1270634259 124857.9356578162
121028.4067206852 121994.1572432573
117855.6101480926 125653.4296618603
121821.6058638333 126926.2200683309
118014.2499767222 126130.7260642868
122456.1651783518 124698.8368570074
124518.4829505370 125971.6272634779
118490.1694626111 128835.4056780368
121504.3262065741 126289.8248650956
117538.3304908333 123585.1452513456
118807.4491198704 123107.8488489191
119124.7287771296 122312.3548448750
118331.5296339815 129153.6032796544
124677.1227791667 124539.7380561985
121821.6058638333 128199.0104748015
120869.7668920556 128676.3068772279
119442.0084343889 121198.6632392132
119442.0084343889 126608.0224667132
121821.6058638333 128039.9116739927
120711.1270634259 121516.8608408309
124994.4024364259 125017.0344586250
117538.3304908333 124062.4416537721

120711.1270634259 127721.7140723750
118966.0889485000 123107.8488489191
121662.9660352037 128199.0104748015
119917.9279202778 127244.4176699485
119600.6482630185 123585.1452513456
122456.1651783518 122153.2560440662
119442.0084343889 121994.1572432573
121821.6058638333 127880.8128731838
119283.3686057593 128039.9116739927
119283.3686057593 126926.2200683309
118172.8898053518 126448.9236659044
120552.4872347963 127562.6152715662
123566.6439787593 121198.6632392132
121187.0465493148 122153.2560440662
122297.5253497222 127721.7140723750
117538.3304908333 124539.7380561985
121821.6058638333 128039.9116739927
121821.6058638333 126289.8248650956
122138.8855210926 121357.7620400221
118490.1694626111 125494.3308610515
121187.0465493148 127562.6152715662
119917.9279202778 121516.8608408309
121028.4067206852 127403.5164707574
122773.4448356111 125812.5284626691
119283.3686057593 121357.7620400221

118014.2499767222 127403.5164707574
118966.0889485000 126130.7260642868
120869.7668920556 122312.3548448750
117221.0508335741 125176.1332594338
123408.0041501296 125176.1332594338
117538.3304908333 123903.3428529633
122297.5253497222 127244.4176699485
122297.5253497222 121516.8608408309
117062.4110049445 124698.8368570074
119283.3686057593 128517.2080764191
119124.7287771296 128994.5044788456
122456.1651783518 127562.6152715662
119600.6482630185 128039.9116739927
120235.2075775370 123107.8488489191
122297.5253497222 126926.2200683309
121345.6863779444 121835.0584424485
125153.0422650556 125494.3308610515
118966.0889485000 125653.4296618603
121187.0465493148 126289.8248650956
118014.2499767222 127721.7140723750
120235.2075775370 121994.1572432573
119917.9279202778 122312.3548448750
123090.7244928704 121039.5644384044
121662.9660352037 128039.9116739927
117696.9703194630 128039.9116739927

117538.3304908333 126448.9236659044
121028.4067206852 121198.6632392132
120393.8474061667 127562.6152715662
117696.9703194630 128039.9116739927
118966.0889485000 126926.2200683309
118966.0889485000 128835.4056780368
119283.3686057593 128039.9116739927
122773.4448356111 121357.7620400221
120076.5677489074 126289.8248650956
118490.1694626111 123585.1452513456
121345.6863779444 121198.6632392132
117538.3304908333 124062.4416537721
122138.8855210926 126926.2200683309
117538.3304908333 127721.7140723750
120711.1270634259 125176.1332594338
119442.0084343889 121516.8608408309
119917.9279202778 121994.1572432573
121821.6058638333 122630.5524464927
120869.7668920556 128199.0104748015
120235.2075775370 124380.6392553897
121821.6058638333 128199.0104748015
120076.5677489074 126926.2200683309
121187.0465493148 121516.8608408309
117855.6101480926 127562.6152715662
120235.2075775370 121994.1572432573

121345.6863779444 127562.6152715662
121504.3262065741 127244.4176699485
119124.7287771296 121357.7620400221
121345.6863779444 121994.1572432573
121504.3262065741 127085.3188691397
117855.6101480926 128199.0104748015
123883.9236360185 125176.1332594338
120711.1270634259 127721.7140723750
119442.0084343889 121675.9596416397
118966.0889485000 128835.4056780368
119283.3686057593 130426.3936861250
118648.8092912407 121835.0584424485
118648.8092912407 126767.1212675221
118807.4491198704 127403.5164707574
122456.1651783518 121675.9596416397
118966.0889485000 121835.0584424485
118014.2499767222 124062.4416537721
117538.3304908333 127403.5164707574
118490.1694626111 124221.5404545809
118648.8092912407 127403.5164707574
119124.7287771296 121198.6632392132
119124.7287771296 122471.4536456838
121345.6863779444 128358.1092756103
119600.6482630185 122471.4536456838
118966.0889485000 124380.6392553897

