58567146.1985919476 65.9652912617
59381707.2619846091 66.4777755141
58311865.4274189398 64.0745607615
60399082.1494042277 68.0774019957
57555751.2951712385 61.2495986819
58601460.8405010402 66.0126899779
57569368.0513299331 61.7812967896
58189351.1891992986 62.6120848954
60998511.1411212534 69.9844558835
60172108.5432156101 67.1237586141
56920515.2786060348 58.3200473189
56503771.1568832919 56.5654527694
57508229.2813814655 58.9840372503
57369886.1605630368 58.7617041767
60680045.2809945047 68.2211607695
61680573.1894474924 70.1451919079
