60450629.2129422799 69.7373020053
59866170.0258958265 69.3855537176
57751415.3036084920 63.2126915753
57468328.9596489668 60.3200728893
57537279.6061987653 60.6118541360
64058030.9280631542 70.5699771643
58567146.1985919476 65.9652912617
59381707.2619846091 66.4777755141
58311865.4274189398 64.0745607615
57555751.2951712385 61.2495986819
58601460.8405010402 66.0126899779
57569368.0513299331 61.7812967896
60998511.1411212534 69.9844558835
56920515.2786060348 58.3200473189
56503771.1568832919 56.5654527694
57369886.1605630368 58.7617041767
61680573.1894474924 70.1451919079
