59407617.3160177618 68.5755180717
57695016.7037813738 66.5551623702
63461406.7126208320 71.4544985294
61273676.5685293004 70.9336914718
62395157.0612946078 71.0010501146
63386646.5927444026 71.2505414486
59620563.6877806857 68.8098179698
60407746.4272682592 70.2493894100
58858790.6683188975 67.4233959317
57670345.1590426788 64.6899490356
56489101.4614049122 52.7036804110
59347997.2361911833 67.9670746326
59866170.0258958265 69.3855537176
57468328.9596489668 60.3200728893
57537279.6061987653 60.6118541360
57555751.2951712385 61.2495986819
57569368.0513299331 61.7812967896
56920515.2786060348 58.3200473189
56503771.1568832919 56.5654527694
57369886.1605630368 58.7617041767
