119759.2880916481 128835.4056780368
122297.5253497222 125971.6272634779
117221.0508335741 125335.2320602426
121662.9660352037 121835.0584424485
119917.9279202778 127880.8128731838
120869.7668920556 128358.1092756103
118172.8898053518 128517.2080764191
122932.0846642407 125176.1332594338
117379.6906622037 125017.0344586250
119600.6482630185 121198.6632392132
121345.6863779444 121198.6632392132
122138.8855210926 127880.8128731838
124677.1227791667 123903.3428529633
118490.1694626111 122630.5524464927
121821.6058638333 128199.0104748015
124359.8431219074 125812.5284626691
120393.8474061667 124698.8368570074
118648.8092912407 131380.9864909780
118490.1694626111 126926.2200683309
119917.9279202778 126130.7260642868
117538.3304908333 123744.2440521544
119124.7287771296 121516.8608408309
118172.8898053518 122789.6512473015
122614.8050069815 127403.5164707574
122138.8855210926 121835.0584424485

124518.4829505370 125653.4296618603
120869.7668920556 122153.2560440662
121662.9660352037 128039.9116739927
119759.2880916481 126926.2200683309
118807.4491198704 127562.6152715662
120552.4872347963 127562.6152715662
123725.2838073889 123585.1452513456
121028.4067206852 127562.6152715662
118331.5296339815 130585.4924869338
123090.7244928704 121675.9596416397
118014.2499767222 127085.3188691397
120076.5677489074 124539.7380561985
124835.7626077963 125176.1332594338
122456.1651783518 121198.6632392132
119283.3686057593 121198.6632392132
117855.6101480926 122948.7500481103
118172.8898053518 129153.6032796544
119124.7287771296 122312.3548448750
120235.2075775370 126289.8248650956
117379.6906622037 123903.3428529633
120393.8474061667 126608.0224667132
117855.6101480926 128039.9116739927
119759.2880916481 121198.6632392132
118648.8092912407 128835.4056780368
119442.0084343889 126926.2200683309

119124.7287771296 122630.5524464927
118490.1694626111 130744.5912877427
124042.5634646481 126130.7260642868
124835.7626077963 125176.1332594338
118014.2499767222 129312.7020804632
120869.7668920556 126767.1212675221
119442.0084343889 121198.6632392132
119917.9279202778 121357.7620400221
123249.3643215000 121357.7620400221
121028.4067206852 126289.8248650956
117538.3304908333 123585.1452513456
122932.0846642407 123585.1452513456
118807.4491198704 129789.9984828897
123090.7244928704 125653.4296618603
120552.4872347963 128039.9116739927
121662.9660352037 125971.6272634779
120235.2075775370 121198.6632392132
118490.1694626111 123107.8488489191
118490.1694626111 128994.5044788456
118331.5296339815 124380.6392553897
120393.8474061667 127085.3188691397
123566.6439787593 123744.2440521544
117221.0508335741 125494.3308610515
119442.0084343889 126926.2200683309
117696.9703194630 126926.2200683309

124359.8431219074 123585.1452513456
121345.6863779444 121198.6632392132
119600.6482630185 121516.8608408309
122614.8050069815 124380.6392553897
123883.9236360185 121039.5644384044
117696.9703194630 125653.4296618603
122932.0846642407 126926.2200683309
118648.8092912407 123903.3428529633
122456.1651783518 121516.8608408309
119442.0084343889 128835.4056780368
124835.7626077963 125335.2320602426
119917.9279202778 126926.2200683309
118648.8092912407 127403.5164707574
121028.4067206852 122312.3548448750
118648.8092912407 124857.9356578162
118490.1694626111 130903.6900885515
120393.8474061667 126448.9236659044
119442.0084343889 122471.4536456838
117379.6906622037 123585.1452513456
121504.3262065741 126289.8248650956
121345.6863779444 126926.2200683309
119124.7287771296 127403.5164707574
118014.2499767222 127880.8128731838
118966.0889485000 128517.2080764191
121980.2456924630 121516.8608408309

119600.6482630185 123266.9476497279
118966.0889485000 128039.9116739927
122138.8855210926 127721.7140723750
120076.5677489074 127244.4176699485
121662.9660352037 127721.7140723750
118172.8898053518 122789.6512473015
119442.0084343889 122630.5524464927
117696.9703194630 128199.0104748015
122138.8855210926 121994.1572432573
119442.0084343889 125653.4296618603
121187.0465493148 128676.3068772279
118331.5296339815 122948.7500481103
118331.5296339815 127880.8128731838
119283.3686057593 124698.8368570074
120552.4872347963 129153.6032796544
120869.7668920556 121357.7620400221
117538.3304908333 127244.4176699485
118331.5296339815 125653.4296618603
120552.4872347963 123266.9476497279
121028.4067206852 121994.1572432573
121662.9660352037 127244.4176699485
119283.3686057593 127880.8128731838
121662.9660352037 122153.2560440662
119124.7287771296 121994.1572432573
120235.2075775370 123266.9476497279

120711.1270634259 128199.0104748015
119600.6482630185 123744.2440521544
120552.4872347963 127403.5164707574
121504.3262065741 127403.5164707574
118490.1694626111 128358.1092756103
118172.8898053518 128517.2080764191
119917.9279202778 121835.0584424485
124518.4829505370 125971.6272634779
118966.0889485000 127562.6152715662
117062.4110049445 125176.1332594338
121662.9660352037 121675.9596416397
121187.0465493148 125971.6272634779
117855.6101480926 122948.7500481103
120076.5677489074 129789.9984828897
119283.3686057593 127403.5164707574
119124.7287771296 130585.4924869338
119283.3686057593 123107.8488489191
117696.9703194630 123903.3428529633
121028.4067206852 127721.7140723750
118807.4491198704 123585.1452513456
118490.1694626111 131380.9864909780
122297.5253497222 121039.5644384044
123566.6439787593 125176.1332594338
123566.6439787593 126130.7260642868
120076.5677489074 121516.8608408309

123249.3643215000 125971.6272634779
121662.9660352037 121835.0584424485
121187.0465493148 121516.8608408309
122297.5253497222 121675.9596416397
119917.9279202778 128039.9116739927
119917.9279202778 124062.4416537721
120711.1270634259 127562.6152715662
118331.5296339815 127403.5164707574
117379.6906622037 125971.6272634779
118966.0889485000 124539.7380561985
124359.8431219074 123903.3428529633
119917.9279202778 128835.4056780368
120869.7668920556 122312.3548448750
120235.2075775370 127880.8128731838
119442.0084343889 122153.2560440662
117855.6101480926 128199.0104748015
121345.6863779444 128039.9116739927
119600.6482630185 126926.2200683309
120869.7668920556 126289.8248650956
120393.8474061667 121675.9596416397
119759.2880916481 121516.8608408309
122614.8050069815 121675.9596416397
119124.7287771296 128199.0104748015
118966.0889485000 123426.0464505368
120235.2075775370 123107.8488489191

119124.7287771296 126767.1212675221
120552.4872347963 121675.9596416397
118807.4491198704 122471.4536456838
120393.8474061667 125176.1332594338
120711.1270634259 124380.6392553897
122932.0846642407 126767.1212675221
120076.5677489074 127562.6152715662
124042.5634646481 126448.9236659044
118014.2499767222 125017.0344586250
124835.7626077963 124062.4416537721
119600.6482630185 121835.0584424485
121504.3262065741 128517.2080764191
118490.1694626111 127085.3188691397
118331.5296339815 128994.5044788456
124835.7626077963 125812.5284626691
117855.6101480926 123266.9476497279
121028.4067206852 127085.3188691397
123090.7244928704 121039.5644384044
118331.5296339815 125971.6272634779
123566.6439787593 121198.6632392132
120076.5677489074 129471.8008812721
121028.4067206852 125653.4296618603
117855.6101480926 129153.6032796544
118966.0889485000 128517.2080764191
118331.5296339815 122789.6512473015

124042.5634646481 126289.8248650956
122456.1651783518 125494.3308610515
120235.2075775370 124857.9356578162
118807.4491198704 121835.0584424485
123408.0041501296 121357.7620400221
121980.2456924630 125653.4296618603
121028.4067206852 128039.9116739927
118490.1694626111 127562.6152715662
120552.4872347963 121357.7620400221
123249.3643215000 123744.2440521544
117696.9703194630 128199.0104748015
118648.8092912407 125335.2320602426
121662.9660352037 121357.7620400221
123566.6439787593 121039.5644384044
121028.4067206852 125176.1332594338
120393.8474061667 123585.1452513456
122932.0846642407 121198.6632392132
122456.1651783518 124221.5404545809
121821.6058638333 128039.9116739927
121028.4067206852 127403.5164707574
119442.0084343889 122312.3548448750
122456.1651783518 121675.9596416397
117696.9703194630 125176.1332594338
118490.1694626111 125971.6272634779
120393.8474061667 127721.7140723750

119759.2880916481 126926.2200683309
118490.1694626111 123744.2440521544
118966.0889485000 128835.4056780368
120711.1270634259 127880.8128731838
118172.8898053518 127721.7140723750
118807.4491198704 129153.6032796544
118331.5296339815 129312.7020804632
119283.3686057593 125971.6272634779
121662.9660352037 127562.6152715662
117221.0508335741 124380.6392553897
118172.8898053518 130267.2948853162
117696.9703194630 126926.2200683309
122297.5253497222 127403.5164707574
122456.1651783518 121994.1572432573
121187.0465493148 121516.8608408309
119124.7287771296 121516.8608408309
124359.8431219074 124221.5404545809
123725.2838073889 125653.4296618603
120869.7668920556 127562.6152715662
124518.4829505370 125971.6272634779
120393.8474061667 121198.6632392132
123090.7244928704 125971.6272634779
121980.2456924630 121675.9596416397
122932.0846642407 121039.5644384044
120552.4872347963 122312.3548448750

121980.2456924630 125971.6272634779
121187.0465493148 127244.4176699485
120711.1270634259 122471.4536456838
121187.0465493148 122312.3548448750
119124.7287771296 121835.0584424485
120235.2075775370 128039.9116739927
120711.1270634259 128199.0104748015
118648.8092912407 122630.5524464927
121345.6863779444 121198.6632392132
118331.5296339815 124380.6392553897
120076.5677489074 129312.7020804632
119283.3686057593 128039.9116739927
118014.2499767222 127721.7140723750
119283.3686057593 122948.7500481103
118331.5296339815 127085.3188691397
119600.6482630185 121835.0584424485
121345.6863779444 128199.0104748015
118172.8898053518 129471.8008812721
119600.6482630185 129949.0972836985
120235.2075775370 126926.2200683309
120552.4872347963 121357.7620400221
117538.3304908333 126448.9236659044
121980.2456924630 127721.7140723750
121187.0465493148 121516.8608408309
119759.2880916481 124857.9356578162

122614.8050069815 121675.9596416397
120869.7668920556 122153.2560440662
121028.4067206852 128199.0104748015
122138.8855210926 127721.7140723750
119759.2880916481 128358.1092756103
119759.2880916481 123266.9476497279
120235.2075775370 128039.9116739927
118014.2499767222 124062.4416537721
118490.1694626111 127244.4176699485
120711.1270634259 122471.4536456838
121980.2456924630 127721.7140723750
121980.2456924630 127403.5164707574
119124.7287771296 121835.0584424485
118172.8898053518 125176.1332594338
121662.9660352037 127244.4176699485
120711.1270634259 127721.7140723750
120076.5677489074 122312.3548448750
121504.3262065741 128517.2080764191
121187.0465493148 127244.4176699485
118490.1694626111 128199.0104748015
122932.0846642407 121357.7620400221
119759.2880916481 127244.4176699485
118172.8898053518 129312.7020804632
117696.9703194630 125653.4296618603
121187.0465493148 128358.1092756103

120552.4872347963 128835.4056780368
119442.0084343889 127403.5164707574
124994.4024364259 124857.9356578162
122297.5253497222 127721.7140723750
122773.4448356111 127244.4176699485
116903.7711763148 124380.6392553897
118172.8898053518 128517.2080764191
122297.5253497222 123903.3428529633
122932.0846642407 125971.6272634779
119600.6482630185 121835.0584424485
121980.2456924630 121994.1572432573
118014.2499767222 123903.3428529633
120552.4872347963 122153.2560440662
119283.3686057593 125017.0344586250
119917.9279202778 129630.8996820809
123883.9236360185 126448.9236659044
119124.7287771296 122312.3548448750
120235.2075775370 127403.5164707574
118490.1694626111 126448.9236659044
118648.8092912407 128199.0104748015
120076.5677489074 124539.7380561985
124359.8431219074 125653.4296618603
118172.8898053518 122471.4536456838
118490.1694626111 127721.7140723750
117379.6906622037 123744.2440521544

119917.9279202778 121198.6632392132
118172.8898053518 128517.2080764191
121821.6058638333 128039.9116739927
117062.4110049445 124539.7380561985
121980.2456924630 127403.5164707574
118172.8898053518 122471.4536456838
121980.2456924630 126767.1212675221
119600.6482630185 123107.8488489191
117696.9703194630 127403.5164707574
124994.4024364259 123585.1452513456
119124.7287771296 123744.2440521544
122614.8050069815 126608.0224667132
119759.2880916481 121516.8608408309
119124.7287771296 121675.9596416397
122297.5253497222 127562.6152715662
120076.5677489074 128358.1092756103
121028.4067206852 127403.5164707574
118490.1694626111 124221.5404545809
120076.5677489074 126448.9236659044
120552.4872347963 128517.2080764191
119759.2880916481 128676.3068772279
122773.4448356111 121835.0584424485
121504.3262065741 121835.0584424485
119600.6482630185 122948.7500481103
118490.1694626111 128039.9116739927

120869.7668920556 126926.2200683309
120393.8474061667 127244.4176699485
124201.2032932778 124062.4416537721
117221.0508335741 125176.1332594338
119917.9279202778 121198.6632392132
122138.8855210926 127562.6152715662
120552.4872347963 127721.7140723750
120076.5677489074 123585.1452513456
119283.3686057593 127244.4176699485
121504.3262065741 126289.8248650956
120076.5677489074 127562.6152715662
120235.2075775370 122948.7500481103
118807.4491198704 121994.1572432573
121187.0465493148 121994.1572432573
121662.9660352037 127721.7140723750
118014.2499767222 126448.9236659044
121187.0465493148 121357.7620400221
121187.0465493148 128039.9116739927
121345.6863779444 126926.2200683309
118014.2499767222 129471.8008812721
119759.2880916481 121994.1572432573
119442.0084343889 123744.2440521544
118648.8092912407 126289.8248650956
119759.2880916481 127244.4176699485
118807.4491198704 127244.4176699485

120235.2075775370 126130.7260642868
118172.8898053518 122789.6512473015
118648.8092912407 123426.0464505368
117379.6906622037 126448.9236659044
122456.1651783518 127562.6152715662
122138.8855210926 121516.8608408309
117379.6906622037 123585.1452513456
122138.8855210926 127562.6152715662
121504.3262065741 126608.0224667132
123090.7244928704 123744.2440521544
121345.6863779444 121357.7620400221
119917.9279202778 127562.6152715662
119124.7287771296 123266.9476497279
120552.4872347963 126926.2200683309
120711.1270634259 121516.8608408309
117379.6906622037 124380.6392553897
118966.0889485000 127721.7140723750
120393.8474061667 121835.0584424485
120711.1270634259 127880.8128731838
118172.8898053518 126289.8248650956
122773.4448356111 127244.4176699485
121504.3262065741 127403.5164707574
120552.4872347963 121516.8608408309
122932.0846642407 125017.0344586250
119600.6482630185 122153.2560440662

121345.6863779444 121516.8608408309
118807.4491198704 130426.3936861250
120076.5677489074 121994.1572432573
123408.0041501296 121357.7620400221
119759.2880916481 121198.6632392132
120711.1270634259 128676.3068772279
122456.1651783518 121994.1572432573
117221.0508335741 124062.4416537721
121187.0465493148 128517.2080764191
122297.5253497222 121198.6632392132
118807.4491198704 123266.9476497279
120869.7668920556 121675.9596416397
121821.6058638333 121516.8608408309
120552.4872347963 125494.3308610515
120235.2075775370 125971.6272634779
121662.9660352037 127880.8128731838
118966.0889485000 121994.1572432573
119759.2880916481 123266.9476497279
119124.7287771296 121675.9596416397
120076.5677489074 121198.6632392132
119124.7287771296 126926.2200683309
120393.8474061667 126130.7260642868
121345.6863779444 126448.9236659044
118331.5296339815 128676.3068772279
122138.8855210926 126926.2200683309

121662.9660352037 126130.7260642868
119442.0084343889 122312.3548448750
119917.9279202778 122471.4536456838
117696.9703194630 127403.5164707574
121028.4067206852 128199.0104748015
121187.0465493148 122153.2560440662
119442.0084343889 126926.2200683309
117538.3304908333 125176.1332594338
122138.8855210926 126926.2200683309
117696.9703194630 128199.0104748015
118966.0889485000 121994.1572432573
119442.0084343889 127085.3188691397
118807.4491198704 122789.6512473015
118331.5296339815 127403.5164707574
119759.2880916481 122948.7500481103
118648.8092912407 126767.1212675221
119442.0084343889 128199.0104748015
119283.3686057593 125017.0344586250
121504.3262065741 121675.9596416397
119600.6482630185 124221.5404545809
119917.9279202778 121516.8608408309
121821.6058638333 121357.7620400221
118331.5296339815 122312.3548448750
120711.1270634259 122312.3548448750
119600.6482630185 127880.8128731838

124994.4024364259 125335.2320602426
119283.3686057593 123107.8488489191
125311.6820936852 125494.3308610515
119600.6482630185 124539.7380561985
119600.6482630185 122471.4536456838
119600.6482630185 127721.7140723750
120076.5677489074 122312.3548448750
119124.7287771296 125494.3308610515
122138.8855210926 127880.8128731838
118648.8092912407 127880.8128731838
121821.6058638333 128199.0104748015
121504.3262065741 128199.0104748015
121187.0465493148 128199.0104748015
119442.0084343889 123585.1452513456
118648.8092912407 128517.2080764191
120711.1270634259 121198.6632392132
118331.5296339815 124380.6392553897
117696.9703194630 124062.4416537721
124994.4024364259 125653.4296618603
119283.3686057593 121516.8608408309
119759.2880916481 122312.3548448750
119600.6482630185 127085.3188691397
117696.9703194630 123426.0464505368
118490.1694626111 122153.2560440662
119600.6482630185 129312.7020804632

