59620563.6877806857 68.8098179698
60407746.4272682592 70.2493894100
62011559.0315786377 70.2580612302
62019058.8800198212 70.4190219641
58553802.4533300996 65.0999297351
58858790.6683188975 67.4233959317
57670345.1590426788 64.6899490356
56489101.4614049122 52.7036804110
64192660.4044056758 70.6049597859
62206499.4546036720 70.4389849901
59347997.2361911833 67.9670746326
59866170.0258958265 69.3855537176
57468328.9596489668 60.3200728893
57537279.6061987653 60.6118541360
64058030.9280631542 70.5699771643
58567146.1985919476 65.9652912617
57555751.2951712385 61.2495986819
58601460.8405010402 66.0126899779
57569368.0513299331 61.7812967896
56920515.2786060348 58.3200473189
56503771.1568832919 56.5654527694
57369886.1605630368 58.7617041767
