59366417.7973106354 68.4949308634
58306252.3446700200 66.5567225218
61201458.6558651626 71.6432614326
59823648.3952469304 70.1871645451
57106945.2087736577 59.2138052583
59407617.3160177618 68.5755180717
57695016.7037813738 66.5551623702
59620563.6877806857 68.8098179698
60407746.4272682592 70.2493894100
58858790.6683188975 67.4233959317
57670345.1590426788 64.6899490356
56489101.4614049122 52.7036804110
59347997.2361911833 67.9670746326
57468328.9596489668 60.3200728893
57537279.6061987653 60.6118541360
57555751.2951712385 61.2495986819
57569368.0513299331 61.7812967896
56920515.2786060348 58.3200473189
56503771.1568832919 56.5654527694
