49458379.5425055623 7427.0583648682
48234684.9559893310 7104.9740905762
46557858.9452223703 5579.0194950104
47802625.0261885449 7082.8975410461
48313275.3082537875 7252.4312133789
47191944.6097223461 6847.4165992737
49974844.1651356369 7458.5065917969
46576123.1253792942 5900.3478021622
46223243.6403554529 5387.7612700462
46952890.5247059464 6491.3919429779
46807432.5771173015 5980.8248653412
49253982.0658760518 7390.5548095703
49036602.2956032678 7255.7129516602
46917735.0447548777 6361.0052623749
