125304.4531211053 114406.6469685409
124827.1589345789 114406.6469685409
120690.6093180175 118284.1312540828
121963.3938154210 114083.5232780791
127372.7279293860 114891.3325042337
126259.0414941579 115860.7035756191
124668.0608724035 115376.0180399264
125940.8453698070 113598.8377423864
126259.0414941579 116183.8272660810
124827.1589345789 114891.3325042337
121963.3938154210 114245.0851233100
124668.0608724035 115537.5798851573
121963.3938154210 113921.9614328482
121008.8054423684 114568.2088137719
126895.4337428596 115214.4561946955
120690.6093180175 112467.9048257700
124508.9628102281 112952.5903614627
120849.7073801930 115699.1417303882
127054.5318050351 116668.5128017737
119099.6286962632 113598.8377423864

120531.5112558421 115376.0180399264
127213.6298672105 115537.5798851573
126736.3356806842 113760.3995876173
120690.6093180175 117637.8838731591
126736.3356806842 113921.9614328482
120849.7073801930 116830.0746470046
121645.1976910702 114729.7706590028
120690.6093180175 116183.8272660810
118940.5306340877 113921.9614328482
121804.2957532456 113921.9614328482
126895.4337428596 115214.4561946955
120690.6093180175 117961.0075636210
124668.0608724035 114568.2088137719
118940.5306340877 113760.3995876173
119576.9228827895 113114.1522066937
126259.0414941579 116022.2654208500
125622.6492454561 113275.7140519246
119895.1190071403 112144.7811353082
125304.4531211053 112952.5903614627
120690.6093180175 112467.9048257700

124668.0608724035 115537.5798851573
125463.5511832807 113598.8377423864
127531.8259915614 115860.7035756191
122917.9821884737 115214.4561946955
120213.3151314912 112467.9048257700
124349.8647480526 115860.7035756191
119895.1190071403 114083.5232780791
121167.9035045439 113437.2758971555
120213.3151314912 116183.8272660810
127213.6298672105 116345.3891113118
124986.2569967544 114406.6469685409
120531.5112558421 117476.3220279282
122440.6880019474 113921.9614328482
121327.0015667193 112791.0285162318
120372.4131936667 116830.0746470046
127054.5318050351 116668.5128017737
121645.1976910702 114245.0851233100
124668.0608724035 114083.5232780791
121645.1976910702 114568.2088137719
121327.0015667193 113760.3995876173

120213.3151314912 114406.6469685409
124668.0608724035 115860.7035756191
120849.7073801930 118607.2549445446
119736.0209449649 112629.4666710009
121008.8054423684 113275.7140519246
120531.5112558421 116506.9509565428
124508.9628102281 115537.5798851573
120849.7073801930 118284.1312540828
120372.4131936667 115537.5798851573
120372.4131936667 115214.4561946955
122281.5899397719 114568.2088137719
124827.1589345789 113760.3995876173
120372.4131936667 116022.2654208500
119736.0209449649 111660.0955996155
120372.4131936667 116830.0746470046
120849.7073801930 117314.7601826973
124986.2569967544 113275.7140519246
127372.7279293860 116830.0746470046
122122.4918775965 114729.7706590028
121167.9035045439 112629.4666710009

127531.8259915614 116668.5128017737
121804.2957532456 113275.7140519246
126099.9434319825 113760.3995876173
121486.0996288947 114406.6469685409
121804.2957532456 113921.9614328482
125145.3550589298 114406.6469685409
121963.3938154210 114568.2088137719
124827.1589345789 113437.2758971555
126259.0414941579 112629.4666710009
121486.0996288947 114891.3325042337
124827.1589345789 114083.5232780791
121327.0015667193 112791.0285162318
121963.3938154210 113598.8377423864
126736.3356806842 115376.0180399264
119736.0209449649 114245.0851233100
126736.3356806842 113921.9614328482
124668.0608724035 115052.8943494646
120372.4131936667 117153.1983374664
124508.9628102281 115699.1417303882
119736.0209449649 111821.6574448464

120849.7073801930 118445.6930993137
127054.5318050351 114406.6469685409
125463.5511832807 115052.8943494646
120690.6093180175 117637.8838731591
120849.7073801930 112791.0285162318
120213.3151314912 115860.7035756191
120054.2170693158 116183.8272660810
127054.5318050351 116668.5128017737
119576.9228827895 112144.7811353082
118940.5306340877 113921.9614328482
125622.6492454561 113114.1522066937
120690.6093180175 117476.3220279282
126577.2376185088 116345.3891113118
125622.6492454561 113275.7140519246
124508.9628102281 115860.7035756191
123077.0802506491 115376.0180399264
119258.7267584386 114406.6469685409
120531.5112558421 115052.8943494646
120531.5112558421 114891.3325042337
126259.0414941579 114406.6469685409

124508.9628102281 115860.7035756191
120372.4131936667 112306.3429805391
126259.0414941579 114083.5232780791
120849.7073801930 115214.4561946955
119417.8248206140 113598.8377423864
120849.7073801930 116506.9509565428
127531.8259915614 116668.5128017737
122281.5899397719 113921.9614328482
124349.8647480526 115376.0180399264
120849.7073801930 117314.7601826973
122599.7860641228 114406.6469685409
120849.7073801930 118768.8167897755
127054.5318050351 116183.8272660810
120849.7073801930 118284.1312540828
119099.6286962632 114406.6469685409
121804.2957532456 113114.1522066937
120690.6093180175 117799.4457183901
121963.3938154210 114891.3325042337
123872.5705615263 114891.3325042337
123713.4724993509 115214.4561946955

120690.6093180175 112306.3429805391
127690.9240537368 116668.5128017737
125145.3550589298 113760.3995876173
119099.6286962632 113921.9614328482
119895.1190071403 111821.6574448464
123077.0802506491 115052.8943494646
120690.6093180175 116022.2654208500
125463.5511832807 115376.0180399264
126577.2376185088 116183.8272660810
120054.2170693158 114245.0851233100
120372.4131936667 115376.0180399264
122758.8841262982 113275.7140519246
124668.0608724035 114568.2088137719
124031.6686237018 115699.1417303882
120849.7073801930 117637.8838731591
124827.1589345789 115376.0180399264
120849.7073801930 118122.5694088519
120849.7073801930 116345.3891113118
121645.1976910702 114729.7706590028
120849.7073801930 116991.6364922355

122281.5899397719 114891.3325042337
119736.0209449649 112467.9048257700
124668.0608724035 114406.6469685409
127054.5318050351 115699.1417303882
127213.6298672105 116345.3891113118
125781.7473076316 113275.7140519246
126736.3356806842 113760.3995876173
125622.6492454561 114083.5232780791
121963.3938154210 113921.9614328482
120690.6093180175 117637.8838731591
121804.2957532456 114245.0851233100
124827.1589345789 112952.5903614627
124827.1589345789 113598.8377423864
119258.7267584386 113760.3995876173
121963.3938154210 114083.5232780791
127690.9240537368 116830.0746470046
120849.7073801930 117314.7601826973
119576.9228827895 112144.7811353082
124668.0608724035 115214.4561946955
126736.3356806842 116345.3891113118

119895.1190071403 113921.9614328482
120054.2170693158 116022.2654208500
120372.4131936667 115699.1417303882
120531.5112558421 116506.9509565428
119736.0209449649 112952.5903614627
123554.3744371754 114729.7706590028
126099.9434319825 112791.0285162318
127531.8259915614 116668.5128017737
126577.2376185088 114568.2088137719
126895.4337428596 115699.1417303882
120213.3151314912 111983.2192900773
119736.0209449649 115376.0180399264
123554.3744371754 113598.8377423864
124508.9628102281 113921.9614328482
119736.0209449649 115052.8943494646
125940.8453698070 116022.2654208500
123554.3744371754 113437.2758971555
124031.6686237018 114245.0851233100
120849.7073801930 114406.6469685409
119895.1190071403 112629.4666710009

119099.6286962632 113921.9614328482
126895.4337428596 115860.7035756191
123713.4724993509 115052.8943494646
120213.3151314912 116668.5128017737
124190.7666858772 115376.0180399264
124508.9628102281 114568.2088137719
120213.3151314912 116830.0746470046
121645.1976910702 114245.0851233100
121486.0996288947 113437.2758971555
126418.1395563333 113921.9614328482
120690.6093180175 117961.0075636210
125463.5511832807 115052.8943494646
119576.9228827895 112952.5903614627
123077.0802506491 113598.8377423864
126895.4337428596 115537.5798851573
120054.2170693158 115699.1417303882
120531.5112558421 117637.8838731591
121327.0015667193 114729.7706590028
127531.8259915614 116183.8272660810
120054.2170693158 116022.2654208500

121645.1976910702 114891.3325042337
127054.5318050351 115537.5798851573
126099.9434319825 114406.6469685409
119576.9228827895 112629.4666710009
125781.7473076316 113760.3995876173
121963.3938154210 113275.7140519246
119258.7267584386 112952.5903614627
121963.3938154210 113921.9614328482
120213.3151314912 112306.3429805391
126259.0414941579 113275.7140519246
127054.5318050351 116022.2654208500
126895.4337428596 116668.5128017737
124986.2569967544 114083.5232780791
124190.7666858772 115537.5798851573
120849.7073801930 118445.6930993137
119895.1190071403 116345.3891113118
126577.2376185088 114083.5232780791
124668.0608724035 115214.4561946955
127372.7279293860 116345.3891113118
124668.0608724035 114245.0851233100

121327.0015667193 114891.3325042337
126418.1395563333 115537.5798851573
126418.1395563333 114083.5232780791
119736.0209449649 112791.0285162318
121645.1976910702 114729.7706590028
126259.0414941579 113598.8377423864
121327.0015667193 112791.0285162318
120690.6093180175 116991.6364922355
126895.4337428596 116345.3891113118
120531.5112558421 117637.8838731591
122599.7860641228 114245.0851233100
121645.1976910702 114406.6469685409
121963.3938154210 114568.2088137719
123077.0802506491 115214.4561946955
121486.0996288947 113598.8377423864
120213.3151314912 116022.2654208500
119736.0209449649 113921.9614328482
127690.9240537368 116668.5128017737
124349.8647480526 115537.5798851573
120531.5112558421 117799.4457183901

