48052028.9168009236 7194.1132888794
46228849.9986518398 5399.7862472534
49105651.1517790779 7404.8465194702
47056791.6551888660 6782.1026725769
52386437.4566980973 7480.2784576416
46502413.6532610208 5923.2012796402
51941892.0613045394 7465.4876403809
49458379.5425055623 7427.0583648682
47802625.0261885449 7082.8975410461
48313275.3082537875 7252.4312133789
47191944.6097223461 6847.4165992737
49974844.1651356369 7458.5065917969
46223243.6403554529 5387.7612700462
46952890.5247059464 6491.3919429779
46807432.5771173015 5980.8248653412
49036602.2956032678 7255.7129516602
46917735.0447548777 6361.0052623749
