49974844.1651356369 7458.5065917969
48907032.2642698288 7040.7831115723
48338564.4818776995 7033.4521789551
47807774.8639203608 6519.4232521057
46576123.1253792942 5900.3478021622
48963114.7295128480 7171.8433303833
46223243.6403554529 5387.7612700462
48951877.5099406466 7108.5801391602
46952890.5247059464 6491.3919429779
48955237.8315520659 7115.5358467102
47831914.7199728563 6883.0622329712
48125340.3020365387 6960.8328018188
48915728.0083586350 7097.7446842194
46807432.5771173015 5980.8248653412
49253982.0658760518 7390.5548095703
49036602.2956032678 7255.7129516602
46917735.0447548777 6361.0052623749
