46752140.1452855840 5467.3872241974
46223243.6403554529 5387.7612700462
48951877.5099406466 7108.5801391602
46952890.5247059464 6491.3919429779
48955237.8315520659 7115.5358467102
48979046.2551005259 7120.5532836914
47831914.7199728563 6883.0622329712
48680857.0342129916 6998.2039756775
48516331.4559510127 6976.7218894958
48125340.3020365387 6960.8328018188
48915728.0083586350 7097.7446842194
46807432.5771173015 5980.8248653412
49253982.0658760518 7390.5548095703
49036602.2956032678 7255.7129516602
46917735.0447548777 6361.0052623749
