57914165.4932740927 60.7887636423
56582698.5276114419 47.1514694244
58329308.3015292808 63.3113841340
56929409.8026450500 48.7755280472
58972089.9525185376 67.1030211449
60232807.8650667444 68.1274833679
59404907.0308561325 68.0625835657
58679235.0241065547 63.6272968650
57912929.3987103999 59.9544270635
57139373.9021313637 56.5553546697
56963500.3326413780 53.4315351546
61166539.7133702710 69.6876597404
60307227.5928251967 68.6285481453
56354703.0949319825 44.0215690210
58950007.6546574682 64.1861023009
57803637.0543338954 58.8064229786
57670286.4823602363 58.1574574560
