62089986.4996100217 70.8193581104
57391862.9593128860 58.6443976164
58497871.2756137922 65.1100018919
57797465.4843575135 61.1417281628
56568817.1386399865 54.5270381868
56701838.3215660974 55.4694373272
57000765.5360226184 55.8001643121
57548916.7977101877 59.4798887670
57633447.4585119560 59.7038660645
60769071.9130640998 70.3529922962
59729665.2666197047 68.8920021057
57981017.5432674661 63.6742397547
59775229.1142699942 69.0595704317
59701522.6939013153 68.4002289176
57354876.0731493607 56.5705795884
57910018.0788777024 62.4061750174
60586836.8213282451 69.1437335014
61060422.6740322784 70.8088895082
57781737.4013470709 59.8259662688
58972089.9525185376 67.1030211449
59404907.0308561325 68.0625835657
57139373.9021313637 56.5553546697
56354703.0949319825 44.0215690210
