57541989.6273010448 57.3023935854
57633447.4585119560 59.7038660645
60769071.9130640998 70.3529922962
59729665.2666197047 68.8920021057
58902244.2702979892 64.2447952032
57587541.0561908558 59.0081173480
58849870.1197184622 64.0994861126
57981017.5432674661 63.6742397547
59775229.1142699942 69.0595704317
59701522.6939013153 68.4002289176
57354876.0731493607 56.5705795884
57910018.0788777024 62.4061750174
60586836.8213282451 69.1437335014
57057712.8969717845 55.2278478965
61060422.6740322784 70.8088895082
57781737.4013470709 59.8259662688
56976841.9077995941 54.7400267944
56582698.5276114419 47.1514694244
56929409.8026450500 48.7755280472
58972089.9525185376 67.1030211449
59404907.0308561325 68.0625835657
57139373.9021313637 56.5553546697
56963500.3326413780 53.4315351546
56354703.0949319825 44.0215690210
