120711.1270634259 128199.0104748015
121187.0465493148 127562.6152715662
121187.0465493148 121516.8608408309
119917.9279202778 127244.4176699485
120393.8474061667 124221.5404545809
118014.2499767222 127721.7140723750
119283.3686057593 121198.6632392132
118490.1694626111 128039.9116739927
118490.1694626111 126448.9236659044
120552.4872347963 121357.7620400221
119442.0084343889 123266.9476497279
118331.5296339815 125176.1332594338
120393.8474061667 125653.4296618603
119917.9279202778 121675.9596416397
120076.5677489074 127721.7140723750
120869.7668920556 122312.3548448750
121821.6058638333 125653.4296618603
118966.0889485000 128676.3068772279
119917.9279202778 121357.7620400221
122138.8855210926 127880.8128731838
120552.4872347963 126767.1212675221
118172.8898053518 127562.6152715662
118807.4491198704 127721.7140723750
124518.4829505370 124062.4416537721
117062.4110049445 124539.7380561985

118490.1694626111 129949.0972836985
119917.9279202778 124221.5404545809
124518.4829505370 125335.2320602426
120235.2075775370 123107.8488489191
120711.1270634259 124062.4416537721
122138.8855210926 124221.5404545809
118807.4491198704 127721.7140723750
120552.4872347963 128358.1092756103
117379.6906622037 123585.1452513456
118807.4491198704 130903.6900885515
116903.7711763148 124221.5404545809
118490.1694626111 127562.6152715662
119442.0084343889 121198.6632392132
120711.1270634259 123426.0464505368
119283.3686057593 122153.2560440662
122297.5253497222 121994.1572432573
122773.4448356111 125812.5284626691
118331.5296339815 128835.4056780368
120869.7668920556 128676.3068772279
120552.4872347963 122153.2560440662
121980.2456924630 121516.8608408309
118966.0889485000 125812.5284626691
124994.4024364259 123903.3428529633
120711.1270634259 124380.6392553897
120235.2075775370 129630.8996820809

118172.8898053518 127562.6152715662
121028.4067206852 122153.2560440662
119759.2880916481 123107.8488489191
117855.6101480926 127403.5164707574
122614.8050069815 127244.4176699485
119124.7287771296 123585.1452513456
118807.4491198704 128358.1092756103
117538.3304908333 126130.7260642868
122932.0846642407 121516.8608408309
119759.2880916481 126448.9236659044
118966.0889485000 126767.1212675221
120393.8474061667 127880.8128731838
121028.4067206852 124857.9356578162
120869.7668920556 126767.1212675221
120393.8474061667 124380.6392553897
121504.3262065741 128199.0104748015
120235.2075775370 121357.7620400221
122614.8050069815 121357.7620400221
119759.2880916481 122312.3548448750
118966.0889485000 122471.4536456838
118490.1694626111 123585.1452513456
119600.6482630185 126130.7260642868
119600.6482630185 127244.4176699485
120076.5677489074 121198.6632392132
119442.0084343889 121198.6632392132

119442.0084343889 129789.9984828897
118014.2499767222 125653.4296618603
119442.0084343889 127562.6152715662
117855.6101480926 128835.4056780368
118966.0889485000 124539.7380561985
120711.1270634259 128517.2080764191
120076.5677489074 122153.2560440662
120869.7668920556 124857.9356578162
121028.4067206852 127403.5164707574
118807.4491198704 127562.6152715662
120393.8474061667 122153.2560440662
121187.0465493148 125812.5284626691
119124.7287771296 126448.9236659044
119917.9279202778 127244.4176699485
123408.0041501296 123744.2440521544
120235.2075775370 127403.5164707574
120393.8474061667 124698.8368570074
120869.7668920556 127721.7140723750
119124.7287771296 126130.7260642868
119442.0084343889 122153.2560440662
121662.9660352037 122153.2560440662
118807.4491198704 121835.0584424485
122773.4448356111 126767.1212675221
120869.7668920556 121516.8608408309
120076.5677489074 121516.8608408309

119759.2880916481 127403.5164707574
119283.3686057593 121198.6632392132
119600.6482630185 126289.8248650956
123090.7244928704 127085.3188691397
120393.8474061667 127721.7140723750
123883.9236360185 123903.3428529633
120552.4872347963 124698.8368570074
117538.3304908333 124062.4416537721
121980.2456924630 128039.9116739927
119917.9279202778 125812.5284626691
117696.9703194630 123426.0464505368
119283.3686057593 126926.2200683309
122297.5253497222 127403.5164707574
121821.6058638333 121357.7620400221
121821.6058638333 121994.1572432573
117062.4110049445 125017.0344586250
120711.1270634259 122471.4536456838
120076.5677489074 121357.7620400221
119759.2880916481 127880.8128731838
120393.8474061667 126448.9236659044
118648.8092912407 125335.2320602426
123883.9236360185 126448.9236659044
119442.0084343889 121994.1572432573
120235.2075775370 128358.1092756103
118648.8092912407 124698.8368570074

118172.8898053518 124062.4416537721
119124.7287771296 127085.3188691397
117538.3304908333 126767.1212675221
117696.9703194630 126448.9236659044
119759.2880916481 127721.7140723750
123090.7244928704 121357.7620400221
121821.6058638333 128039.9116739927
119759.2880916481 125812.5284626691
124359.8431219074 123744.2440521544
118807.4491198704 125971.6272634779
118172.8898053518 123426.0464505368
121028.4067206852 128039.9116739927
121821.6058638333 127880.8128731838
120552.4872347963 121198.6632392132
119124.7287771296 127244.4176699485
119759.2880916481 122312.3548448750
118966.0889485000 127403.5164707574
119124.7287771296 121516.8608408309
118331.5296339815 128199.0104748015
118648.8092912407 128676.3068772279
118172.8898053518 122630.5524464927
121504.3262065741 128199.0104748015
121980.2456924630 127403.5164707574
118331.5296339815 129153.6032796544
121662.9660352037 121198.6632392132

120235.2075775370 124698.8368570074
119917.9279202778 121994.1572432573
120552.4872347963 121198.6632392132
120235.2075775370 127721.7140723750
119600.6482630185 121994.1572432573
117379.6906622037 126926.2200683309
121028.4067206852 128835.4056780368
120711.1270634259 121835.0584424485
119124.7287771296 121516.8608408309
124518.4829505370 125812.5284626691
120235.2075775370 121357.7620400221
121980.2456924630 121357.7620400221
120869.7668920556 128039.9116739927
119124.7287771296 127244.4176699485
119283.3686057593 129153.6032796544
119283.3686057593 128994.5044788456
121980.2456924630 122471.4536456838
120235.2075775370 122948.7500481103
119283.3686057593 127880.8128731838
118648.8092912407 125017.0344586250
119442.0084343889 128199.0104748015
122614.8050069815 121198.6632392132
119442.0084343889 127244.4176699485
120869.7668920556 127721.7140723750
119759.2880916481 121675.9596416397

121504.3262065741 122153.2560440662
124518.4829505370 124698.8368570074
117379.6906622037 123585.1452513456
117379.6906622037 126448.9236659044
120076.5677489074 126926.2200683309
118490.1694626111 123744.2440521544
124518.4829505370 125494.3308610515
118648.8092912407 124221.5404545809
117696.9703194630 127721.7140723750
120235.2075775370 125653.4296618603
119600.6482630185 121198.6632392132
121662.9660352037 127403.5164707574
119917.9279202778 127244.4176699485
119442.0084343889 125971.6272634779
117379.6906622037 125335.2320602426
121821.6058638333 127880.8128731838
122138.8855210926 127721.7140723750
120393.8474061667 127562.6152715662
119759.2880916481 121675.9596416397
120869.7668920556 121357.7620400221
117379.6906622037 126608.0224667132
119124.7287771296 122153.2560440662
117855.6101480926 128199.0104748015
117538.3304908333 124539.7380561985
119124.7287771296 121198.6632392132

118172.8898053518 128199.0104748015
124994.4024364259 123585.1452513456
117538.3304908333 127244.4176699485
119442.0084343889 126926.2200683309
121345.6863779444 127721.7140723750
120711.1270634259 122312.3548448750
120711.1270634259 125494.3308610515
117538.3304908333 124062.4416537721
121028.4067206852 121516.8608408309
119124.7287771296 121357.7620400221
121187.0465493148 121994.1572432573
118172.8898053518 127244.4176699485
117221.0508335741 124698.8368570074
121028.4067206852 121357.7620400221
119917.9279202778 128676.3068772279
119283.3686057593 123744.2440521544
119283.3686057593 125335.2320602426
121504.3262065741 128517.2080764191
117696.9703194630 124698.8368570074
119600.6482630185 128517.2080764191
117696.9703194630 125971.6272634779
119917.9279202778 128039.9116739927
120235.2075775370 127403.5164707574
118807.4491198704 122312.3548448750
117379.6906622037 125653.4296618603

122138.8855210926 124539.7380561985
124042.5634646481 125971.6272634779
119442.0084343889 124857.9356578162
117855.6101480926 127880.8128731838
123249.3643215000 121198.6632392132
125153.0422650556 125494.3308610515
119283.3686057593 121516.8608408309
118966.0889485000 121675.9596416397
117696.9703194630 124698.8368570074
122297.5253497222 127562.6152715662
117062.4110049445 124062.4416537721
121662.9660352037 127562.6152715662
118490.1694626111 124539.7380561985
124042.5634646481 125653.4296618603
120711.1270634259 122153.2560440662
121662.9660352037 127880.8128731838
119283.3686057593 128994.5044788456
119283.3686057593 122471.4536456838
120393.8474061667 121198.6632392132
118490.1694626111 127880.8128731838
119442.0084343889 128358.1092756103
118490.1694626111 127244.4176699485
120235.2075775370 127403.5164707574
119600.6482630185 127562.6152715662
119283.3686057593 123266.9476497279

118648.8092912407 124857.9356578162
121028.4067206852 121198.6632392132
120552.4872347963 128358.1092756103
118490.1694626111 131380.9864909780
117855.6101480926 124062.4416537721
121980.2456924630 122471.4536456838
118490.1694626111 122630.5524464927
117221.0508335741 126130.7260642868
121821.6058638333 128039.9116739927
121028.4067206852 125335.2320602426
121028.4067206852 124857.9356578162
119283.3686057593 125335.2320602426
119917.9279202778 127403.5164707574
122138.8855210926 121994.1572432573
119124.7287771296 121357.7620400221
118014.2499767222 128676.3068772279
119917.9279202778 121198.6632392132
122456.1651783518 126289.8248650956
122297.5253497222 125494.3308610515
121345.6863779444 126608.0224667132
117538.3304908333 125176.1332594338
122297.5253497222 121039.5644384044
118490.1694626111 124221.5404545809
124359.8431219074 126130.7260642868
118807.4491198704 129789.9984828897

119283.3686057593 126767.1212675221
124835.7626077963 125017.0344586250
120076.5677489074 121516.8608408309
125311.6820936852 125494.3308610515
120552.4872347963 126767.1212675221
119600.6482630185 121357.7620400221
120552.4872347963 123585.1452513456
122138.8855210926 126926.2200683309
124042.5634646481 123903.3428529633
122932.0846642407 121675.9596416397
117221.0508335741 124221.5404545809
121662.9660352037 124062.4416537721
118014.2499767222 125653.4296618603
118331.5296339815 126130.7260642868
121504.3262065741 128517.2080764191
121980.2456924630 121516.8608408309
118966.0889485000 126608.0224667132
119600.6482630185 126608.0224667132
117538.3304908333 123585.1452513456
119917.9279202778 129949.0972836985
121980.2456924630 127562.6152715662
118490.1694626111 126448.9236659044
119124.7287771296 127244.4176699485
119600.6482630185 124539.7380561985
119917.9279202778 122153.2560440662

123566.6439787593 125971.6272634779
120076.5677489074 124062.4416537721
117538.3304908333 124062.4416537721
123566.6439787593 123903.3428529633
118807.4491198704 125494.3308610515
117855.6101480926 128517.2080764191
119124.7287771296 121516.8608408309
117855.6101480926 128835.4056780368
118014.2499767222 128517.2080764191
121504.3262065741 121994.1572432573
119600.6482630185 123426.0464505368
121980.2456924630 128039.9116739927
122456.1651783518 127562.6152715662
121028.4067206852 127721.7140723750
118966.0889485000 126926.2200683309
121821.6058638333 121357.7620400221
120711.1270634259 121357.7620400221
125153.0422650556 125494.3308610515
118966.0889485000 121994.1572432573
119759.2880916481 125335.2320602426
119124.7287771296 127244.4176699485
117696.9703194630 127085.3188691397
119124.7287771296 124539.7380561985
118331.5296339815 122948.7500481103
119124.7287771296 129153.6032796544

122297.5253497222 127721.7140723750
118014.2499767222 129312.7020804632
121028.4067206852 121198.6632392132
118490.1694626111 126448.9236659044
122297.5253497222 126767.1212675221
120235.2075775370 122153.2560440662
117538.3304908333 125653.4296618603
118807.4491198704 125494.3308610515
119283.3686057593 126289.8248650956
120711.1270634259 126289.8248650956
117855.6101480926 125017.0344586250
122614.8050069815 121675.9596416397
121980.2456924630 125971.6272634779
122773.4448356111 125971.6272634779
119124.7287771296 129471.8008812721
119600.6482630185 128835.4056780368
118966.0889485000 121516.8608408309
118331.5296339815 123585.1452513456
119600.6482630185 122312.3548448750
120869.7668920556 126767.1212675221
119759.2880916481 127880.8128731838
120869.7668920556 128039.9116739927
120869.7668920556 128994.5044788456
122456.1651783518 121357.7620400221
119759.2880916481 125335.2320602426

122456.1651783518 126448.9236659044
120711.1270634259 121835.0584424485
119600.6482630185 125653.4296618603
122138.8855210926 121994.1572432573
121821.6058638333 128039.9116739927
120235.2075775370 126926.2200683309
119600.6482630185 122153.2560440662
123090.7244928704 125653.4296618603
119600.6482630185 129153.6032796544
124201.2032932778 124221.5404545809
118172.8898053518 125812.5284626691
118807.4491198704 125017.0344586250
121504.3262065741 121835.0584424485
118331.5296339815 122471.4536456838
119442.0084343889 126767.1212675221
117855.6101480926 126289.8248650956
120235.2075775370 127880.8128731838
119442.0084343889 121198.6632392132
118490.1694626111 128358.1092756103
118490.1694626111 123107.8488489191
118966.0889485000 123426.0464505368
121504.3262065741 127880.8128731838
120076.5677489074 129789.9984828897
124994.4024364259 125017.0344586250
119124.7287771296 129630.8996820809

118331.5296339815 125335.2320602426
121504.3262065741 122153.2560440662
122138.8855210926 121198.6632392132
118331.5296339815 129312.7020804632
119759.2880916481 127562.6152715662
118648.8092912407 127244.4176699485
118331.5296339815 126926.2200683309
121345.6863779444 121357.7620400221
120393.8474061667 125653.4296618603
120235.2075775370 121675.9596416397
118014.2499767222 128835.4056780368
119759.2880916481 128835.4056780368
119759.2880916481 121357.7620400221
119283.3686057593 127403.5164707574
120869.7668920556 125017.0344586250
122138.8855210926 127721.7140723750
121345.6863779444 127562.6152715662
118807.4491198704 122630.5524464927
121504.3262065741 126130.7260642868
117379.6906622037 126289.8248650956
117379.6906622037 126767.1212675221
119283.3686057593 126926.2200683309
117696.9703194630 126926.2200683309
120552.4872347963 127562.6152715662
119759.2880916481 125971.6272634779

121821.6058638333 122312.3548448750
119442.0084343889 127085.3188691397
122297.5253497222 127403.5164707574
124994.4024364259 125335.2320602426
120235.2075775370 127562.6152715662
118172.8898053518 127562.6152715662
122614.8050069815 121357.7620400221
119124.7287771296 126926.2200683309
119283.3686057593 125653.4296618603
118807.4491198704 122153.2560440662
118331.5296339815 131540.0852917868
118490.1694626111 131062.7888893603
118014.2499767222 123266.9476497279
123883.9236360185 125653.4296618603
119124.7287771296 127721.7140723750
124677.1227791667 124539.7380561985
120552.4872347963 128994.5044788456
118966.0889485000 124698.8368570074
119442.0084343889 124857.9356578162
120552.4872347963 126130.7260642868
118490.1694626111 128199.0104748015
118172.8898053518 125971.6272634779
118490.1694626111 126608.0224667132
119600.6482630185 130108.1960845073
118331.5296339815 124221.5404545809

118966.0889485000 128039.9116739927
123725.2838073889 126289.8248650956
121821.6058638333 127880.8128731838
121821.6058638333 128199.0104748015
121504.3262065741 124062.4416537721
119442.0084343889 126767.1212675221
117379.6906622037 125176.1332594338
117379.6906622037 125971.6272634779
120711.1270634259 128039.9116739927
119917.9279202778 122630.5524464927
119600.6482630185 127244.4176699485
122138.8855210926 122312.3548448750
118172.8898053518 127880.8128731838
117379.6906622037 125494.3308610515
119917.9279202778 121994.1572432573
122614.8050069815 125653.4296618603
120393.8474061667 124857.9356578162
121821.6058638333 121994.1572432573
120235.2075775370 129630.8996820809
118648.8092912407 122312.3548448750
118648.8092912407 121835.0584424485
121821.6058638333 124380.6392553897
124677.1227791667 124857.9356578162
121345.6863779444 125335.2320602426
118490.1694626111 130267.2948853162

120552.4872347963 121198.6632392132
120235.2075775370 121675.9596416397
117855.6101480926 124221.5404545809
121345.6863779444 127721.7140723750
119442.0084343889 128358.1092756103
120076.5677489074 122153.2560440662
118807.4491198704 125176.1332594338
125153.0422650556 125335.2320602426
119283.3686057593 125971.6272634779
119759.2880916481 127562.6152715662
121821.6058638333 127880.8128731838
119600.6482630185 122789.6512473015
117379.6906622037 126130.7260642868
118807.4491198704 128199.0104748015
120076.5677489074 121835.0584424485
119600.6482630185 122630.5524464927
120393.8474061667 127403.5164707574
118807.4491198704 125494.3308610515
122297.5253497222 124857.9356578162
124042.5634646481 124221.5404545809
118807.4491198704 121675.9596416397
117696.9703194630 127403.5164707574
119917.9279202778 129471.8008812721
119442.0084343889 127403.5164707574
119124.7287771296 127403.5164707574

120393.8474061667 129471.8008812721
124359.8431219074 125653.4296618603
120393.8474061667 122471.4536456838
121028.4067206852 123903.3428529633
119283.3686057593 126289.8248650956
121345.6863779444 128517.2080764191
118331.5296339815 126130.7260642868
118014.2499767222 129949.0972836985
121504.3262065741 128039.9116739927
119442.0084343889 121835.0584424485
121504.3262065741 122948.7500481103
118490.1694626111 127403.5164707574
122138.8855210926 122153.2560440662
118490.1694626111 123903.3428529633
121187.0465493148 121675.9596416397
122456.1651783518 121357.7620400221
123090.7244928704 121198.6632392132
123090.7244928704 125812.5284626691
119600.6482630185 121198.6632392132
119759.2880916481 127880.8128731838
120711.1270634259 128039.9116739927
119600.6482630185 126448.9236659044
117696.9703194630 123266.9476497279
120711.1270634259 127403.5164707574
122456.1651783518 127085.3188691397

119600.6482630185 122312.3548448750
120076.5677489074 126289.8248650956
122297.5253497222 126767.1212675221
120393.8474061667 123266.9476497279
118490.1694626111 128994.5044788456
124677.1227791667 124062.4416537721
119124.7287771296 121516.8608408309
118648.8092912407 128199.0104748015
119600.6482630185 124380.6392553897
118807.4491198704 127721.7140723750
123566.6439787593 125971.6272634779
120076.5677489074 123426.0464505368
119600.6482630185 122630.5524464927
122456.1651783518 127085.3188691397
120076.5677489074 125812.5284626691
117696.9703194630 125812.5284626691
121187.0465493148 124221.5404545809
117855.6101480926 127721.7140723750
120711.1270634259 128199.0104748015
118490.1694626111 127562.6152715662
121345.6863779444 128517.2080764191
122932.0846642407 121357.7620400221
117538.3304908333 126767.1212675221
118648.8092912407 122312.3548448750
118490.1694626111 123585.1452513456

117696.9703194630 127721.7140723750
120235.2075775370 121198.6632392132
121345.6863779444 124698.8368570074
121187.0465493148 127403.5164707574
120869.7668920556 127244.4176699485
118014.2499767222 122948.7500481103
118331.5296339815 124380.6392553897
120235.2075775370 127562.6152715662
118807.4491198704 129471.8008812721
120076.5677489074 126926.2200683309
119600.6482630185 121516.8608408309
122138.8855210926 127721.7140723750
121504.3262065741 127721.7140723750
119759.2880916481 122471.4536456838
121345.6863779444 121994.1572432573
124835.7626077963 125812.5284626691
117696.9703194630 128039.9116739927
118014.2499767222 125812.5284626691
121345.6863779444 122153.2560440662
120235.2075775370 128835.4056780368
118490.1694626111 125971.6272634779
120076.5677489074 121994.1572432573
119600.6482630185 122312.3548448750
117855.6101480926 128517.2080764191
119283.3686057593 124062.4416537721

119759.2880916481 125335.2320602426
119600.6482630185 127721.7140723750
119442.0084343889 128039.9116739927
118807.4491198704 128039.9116739927
118807.4491198704 127562.6152715662
117696.9703194630 123585.1452513456
120235.2075775370 122471.4536456838
119124.7287771296 121516.8608408309
121028.4067206852 121835.0584424485
120869.7668920556 128676.3068772279
120235.2075775370 122789.6512473015
118807.4491198704 127880.8128731838
119600.6482630185 121835.0584424485
119283.3686057593 125017.0344586250
119442.0084343889 121357.7620400221
121662.9660352037 126289.8248650956
123090.7244928704 126767.1212675221
119124.7287771296 122948.7500481103
121662.9660352037 128039.9116739927
119442.0084343889 121516.8608408309
119442.0084343889 122948.7500481103
118014.2499767222 123744.2440521544
118490.1694626111 124698.8368570074
120076.5677489074 127085.3188691397
119600.6482630185 121516.8608408309

