57354876.0731493607 56.5705795884
57910018.0788777024 62.4061750174
57547638.1783388034 57.1148345172
60586836.8213282451 69.1437335014
57057712.8969717845 55.2278478965
61060422.6740322784 70.8088895082
57781737.4013470709 59.8259662688
56976841.9077995941 54.7400267944
58284679.1137658358 62.5729006529
56582698.5276114419 47.1514694244
58329308.3015292808 63.3113841340
56929409.8026450500 48.7755280472
58972089.9525185376 67.1030211449
60232807.8650667444 68.1274833679
59404907.0308561325 68.0625835657
58679235.0241065547 63.6272968650
57139373.9021313637 56.5553546697
56963500.3326413780 53.4315351546
60307227.5928251967 68.6285481453
56354703.0949319825 44.0215690210
58950007.6546574682 64.1861023009
57670286.4823602363 58.1574574560
