59360953.6076721475 66.2327775359
58125469.5007403940 58.9681762755
58662100.1658302099 62.6519190073
61166539.7133702710 69.6876597404
60307227.5928251967 68.6285481453
57622363.8781045899 53.4429863691
57242766.6694773734 47.7853502482
58432473.8946563974 61.0891287327
56354703.0949319825 44.0215690210
58950007.6546574682 64.1861023009
57315293.4327022433 52.9248665273
58353257.0260624066 59.6561975479
57390598.1631404385 52.9971292317
59321191.1141081154 65.7409456074
58983011.0800365284 65.0132279098
57803637.0543338954 58.8064229786
58459913.0727117285 62.6082158685
57670286.4823602363 58.1574574560
59141483.1743188500 65.4015600756
59501090.7179240286 67.1615595222
57272173.3694484830 50.7936788723
59218868.7619975507 65.6272370815
