60232807.8650667444 68.1274833679
59404907.0308561325 68.0625835657
58679235.0241065547 63.6272968650
57912929.3987103999 59.9544270635
57139373.9021313637 56.5553546697
56963500.3326413780 53.4315351546
59360953.6076721475 66.2327775359
58662100.1658302099 62.6519190073
61166539.7133702710 69.6876597404
60307227.5928251967 68.6285481453
58432473.8946563974 61.0891287327
56354703.0949319825 44.0215690210
58950007.6546574682 64.1861023009
59321191.1141081154 65.7409456074
58983011.0800365284 65.0132279098
57803637.0543338954 58.8064229786
58459913.0727117285 62.6082158685
57670286.4823602363 58.1574574560
59141483.1743188500 65.4015600756
59218868.7619975507 65.6272370815
