35475714.3631464094 32785.6002197266
34864421.1308556497 31543.7857666016
34995862.5237166956 31959.3096923828
36558290.9709872454 33306.1739501953
36149395.0519421995 33151.5928955078
34329279.0765214190 29391.2549743652
36957019.1853220761 34103.1517333984
34241025.7463912740 28144.8592834473
35159483.9772626981 32506.8155517578
34678375.1803495735 30778.6502380371
36676053.0551829934 33507.5540771484
34367987.6354150921 29797.5703582764
34288000.6761689857 28733.9998931885
34504314.7742189839 30498.7526855469
