130015.5412724268 122649.9448979528
133414.1063183049 119157.6067145943
132928.5970260366 116617.7243994245
134708.7977643537 119951.3199380849
130339.2141339390 122332.4596085566
134385.1249028415 118998.8640698962
131148.3962877195 118046.4082017076
128882.6862571341 115665.2685312359
134061.4520413293 115506.5258865377
131633.9055799878 116300.2391100283
129530.0319801585 119633.8346486887
133737.7791798171 116141.4964653302
132119.4148722561 115824.0111759340
129368.1955494024 115982.7538206321
130662.8869954512 122173.7169638585

130662.8869954512 121538.7463850660
132443.0877337683 118046.4082017076
130339.2141339390 122014.9743191604
134546.9613335976 119792.5772933868
133252.2698875488 116935.2096888208
129368.1955494024 116776.4670441226
129206.3591186464 116300.2391100283
130015.5412724268 121380.0037403679
130339.2141339390 117887.6655570094
133090.4334567927 115506.5258865377
131633.9055799878 118522.6361358019
130177.3777031829 116458.9817547264
134223.2884720854 117728.9229123113
129691.8684109146 116617.7243994245
131148.3962877195 121538.7463850660

130339.2141339390 116617.7243994245
130339.2141339390 122332.4596085566
132766.7605952805 119157.6067145943
132928.5970260366 119157.6067145943
131148.3962877195 120268.8052274811
134385.1249028415 119792.5772933868
130501.0505646951 115824.0111759340
129691.8684109146 118205.1508464057
132119.4148722561 118205.1508464057
131148.3962877195 115347.7832418396
132443.0877337683 117728.9229123113
133575.9427490610 119475.0920039906
130501.0505646951 122173.7169638585
133899.6156105732 117252.6949782170
131148.3962877195 115189.0405971415

134061.4520413293 116776.4670441226
131148.3962877195 120586.2905168774
131795.7420107439 117411.4376229151
129368.1955494024 117728.9229123113
134385.1249028415 120268.8052274811
132766.7605952805 118681.3787805000
132119.4148722561 115824.0111759340
133414.1063183049 117093.9523335189
130177.3777031829 118522.6361358019
134708.7977643537 119157.6067145943
130824.7234262073 118205.1508464057
133737.7791798171 118205.1508464057
135032.4706258659 119475.0920039906
131472.0691492317 116935.2096888208
130501.0505646951 116300.2391100283

128720.8498263780 115824.0111759340
130824.7234262073 115347.7832418396
130501.0505646951 121856.2316744623
132604.9241645244 115189.0405971415
133414.1063183049 115665.2685312359
133899.6156105732 118046.4082017076
131310.2327184756 118363.8934911038
130339.2141339390 115824.0111759340
134546.9613335976 117252.6949782170
132928.5970260366 118363.8934911038
132119.4148722561 117411.4376229151
134223.2884720854 119633.8346486887
129691.8684109146 116617.7243994245
135194.3070566220 120745.0331615755
131795.7420107439 117570.1802676132

133899.6156105732 116300.2391100283
130015.5412724268 122332.4596085566
133737.7791798171 115982.7538206321
131148.3962877195 119951.3199380849
130339.2141339390 122491.2022532547
134708.7977643537 119792.5772933868
134385.1249028415 119316.3493592924
132604.9241645244 119157.6067145943
134385.1249028415 114871.5553077453
130501.0505646951 122332.4596085566
130501.0505646951 122014.9743191604
132766.7605952805 119316.3493592924
134061.4520413293 117411.4376229151
132443.0877337683 118205.1508464057
133090.4334567927 115665.2685312359

131472.0691492317 115347.7832418396
132604.9241645244 119157.6067145943
129044.5226878902 117728.9229123113
134708.7977643537 117252.6949782170
133090.4334567927 117093.9523335189
130986.5598569634 119316.3493592924
130662.8869954512 118522.6361358019
134708.7977643537 119633.8346486887
134223.2884720854 119316.3493592924
133737.7791798171 117093.9523335189
129691.8684109146 116776.4670441226
135032.4706258659 119951.3199380849
130339.2141339390 121856.2316744623
132281.2513030122 117728.9229123113
131957.5784415000 117093.9523335189

131148.3962877195 121538.7463850660
129044.5226878902 115982.7538206321
130339.2141339390 121697.4890297642
132766.7605952805 118681.3787805000
134385.1249028415 119792.5772933868
135194.3070566220 120903.7758062736
133252.2698875488 117252.6949782170
132119.4148722561 117411.4376229151
133575.9427490610 118205.1508464057
130662.8869954512 122173.7169638585
130501.0505646951 116141.4964653302
131633.9055799878 118522.6361358019
134061.4520413293 117570.1802676132
131310.2327184756 115506.5258865377
135032.4706258659 119633.8346486887

129530.0319801585 118205.1508464057
130177.3777031829 119633.8346486887
133090.4334567927 119316.3493592924
134385.1249028415 114712.8126630472
133575.9427490610 115982.7538206321
133899.6156105732 120110.0625827830
129206.3591186464 115665.2685312359
130662.8869954512 115347.7832418396
132766.7605952805 118363.8934911038
130177.3777031829 116776.4670441226
130824.7234262073 121221.2610956698
132443.0877337683 118205.1508464057
129853.7048416707 116300.2391100283
134870.6341951098 117093.9523335189
133252.2698875488 116935.2096888208

129691.8684109146 115824.0111759340
132928.5970260366 119316.3493592924
134061.4520413293 117570.1802676132
134061.4520413293 115347.7832418396
133899.6156105732 117570.1802676132
130339.2141339390 116300.2391100283
129206.3591186464 115665.2685312359
130339.2141339390 119633.8346486887
130501.0505646951 121856.2316744623
132604.9241645244 119157.6067145943
129530.0319801585 120110.0625827830
129691.8684109146 116617.7243994245
134870.6341951098 116617.7243994245
130501.0505646951 122014.9743191604
132281.2513030122 117093.9523335189

