47991315.9122263268 151343.4128417969
49187015.3835313693 164750.8454589844
46275756.0501577407 117515.9248352051
48822127.1332894862 159706.1377563477
48747793.2542708293 158364.6125488281
46541164.9044814035 122141.6237640381
48320481.9394185841 153650.8115234375
49785895.8806340396 166276.0502929688
47528561.1513869017 150807.2669677734
48416088.8965484574 155878.0432128906
48341808.5416432321 155189.0560302734
48996122.0804927051 161264.1171875000
48931944.1699204072 160088.7620849609
47435919.3678284138 144725.7728271484
47178817.9364753142 141326.4567871094
46645242.4662478492 130343.7880859375
