47057008.1368185282 141373.3498535156
46833873.5891907960 132577.7897338867
48097507.9453809783 153893.2175292969
48174876.8895403892 157659.8344726562
48475506.4291483536 159894.9810180664
47497190.6119884849 147301.7081298828
49878351.4172293544 167302.8256835938
48804439.0006499663 161641.1660156250
46841133.0523582101 133290.1049804688
49641179.7004332989 166174.2883300781
46593375.2411760613 123372.8305358887
48249256.0885144621 158774.8829345703
47991315.9122263268 151343.4128417969
49187015.3835313693 164750.8454589844
46275756.0501577407 117515.9248352051
46541164.9044814035 122141.6237640381
49785895.8806340396 166276.0502929688
47528561.1513869017 150807.2669677734
47435919.3678284138 144725.7728271484
46645242.4662478492 130343.7880859375
