48133586.1910064816 150589.1922607422
48996122.0804927051 161264.1171875000
48773061.3851018399 155452.0886230469
48021519.1667115688 147832.5874023438
47955749.1427716538 146983.4494934082
48931944.1699204072 160088.7620849609
47435919.3678284138 144725.7728271484
47178817.9364753142 141326.4567871094
49300916.4865154624 162327.5900878906
48504321.2214774191 153763.3722534180
50565977.0535560027 163638.1494140625
48286332.6548683792 150930.9185791016
48510003.0119688734 154587.9709472656
46602876.1565966979 108542.4461364746
46645242.4662478492 130343.7880859375
