51000296.2278605476 167096.1269531250
47118117.0735829249 135522.0169067383
47084480.8259067759 132814.2119140625
47103584.3370790258 135483.4290771484
46593375.2411760613 123372.8305358887
48249256.0885144621 158774.8829345703
47991315.9122263268 151343.4128417969
49187015.3835313693 164750.8454589844
46275756.0501577407 117515.9248352051
48822127.1332894862 159706.1377563477
46541164.9044814035 122141.6237640381
49785895.8806340396 166276.0502929688
47528561.1513869017 150807.2669677734
48996122.0804927051 161264.1171875000
48931944.1699204072 160088.7620849609
47435919.3678284138 144725.7728271484
47178817.9364753142 141326.4567871094
46645242.4662478492 130343.7880859375
