126099.9434319825 113437.2758971555
121327.0015667193 113598.8377423864
121167.9035045439 114083.5232780791
127531.8259915614 116830.0746470046
122758.8841262982 114083.5232780791
122440.6880019474 113275.7140519246
123872.5705615263 115699.1417303882
126259.0414941579 116022.2654208500
125463.5511832807 112952.5903614627
120531.5112558421 117799.4457183901
121645.1976910702 113598.8377423864
120849.7073801930 115214.4561946955
126577.2376185088 113760.3995876173
125781.7473076316 113437.2758971555
127213.6298672105 115537.5798851573
124827.1589345789 114729.7706590028
119099.6286962632 113760.3995876173
120213.3151314912 116022.2654208500
122122.4918775965 114083.5232780791
123554.3744371754 114245.0851233100

126418.1395563333 114406.6469685409
121008.8054423684 112629.4666710009
119736.0209449649 111983.2192900773
120690.6093180175 116506.9509565428
120054.2170693158 115214.4561946955
120372.4131936667 116506.9509565428
122758.8841262982 114083.5232780791
122281.5899397719 114406.6469685409
120849.7073801930 117314.7601826973
121645.1976910702 114729.7706590028
119258.7267584386 113598.8377423864
127531.8259915614 116830.0746470046
124668.0608724035 115376.0180399264
124190.7666858772 115537.5798851573
126099.9434319825 113598.8377423864
124190.7666858772 113114.1522066937
121327.0015667193 114729.7706590028
121963.3938154210 114245.0851233100
120690.6093180175 113275.7140519246
123872.5705615263 114245.0851233100

120690.6093180175 116506.9509565428
120690.6093180175 114891.3325042337
124986.2569967544 115214.4561946955
119576.9228827895 112791.0285162318
122281.5899397719 114245.0851233100
121645.1976910702 114729.7706590028
120372.4131936667 116506.9509565428
121008.8054423684 112629.4666710009
122758.8841262982 114083.5232780791
122440.6880019474 113760.3995876173
121963.3938154210 114245.0851233100
124190.7666858772 115537.5798851573
124190.7666858772 113114.1522066937
124668.0608724035 115376.0180399264
121327.0015667193 114729.7706590028
122281.5899397719 114406.6469685409
127531.8259915614 116830.0746470046
126418.1395563333 114406.6469685409
119258.7267584386 113598.8377423864
124190.7666858772 115052.8943494646

125622.6492454561 114245.0851233100
126418.1395563333 114083.5232780791
126736.3356806842 115052.8943494646
121167.9035045439 113437.2758971555
127372.7279293860 116830.0746470046
120531.5112558421 115860.7035756191
122122.4918775965 114406.6469685409
124827.1589345789 115860.7035756191
120849.7073801930 118284.1312540828
121804.2957532456 115052.8943494646
126099.9434319825 116183.8272660810
120849.7073801930 113114.1522066937
120054.2170693158 113437.2758971555
121804.2957532456 113598.8377423864
124349.8647480526 115214.4561946955
122599.7860641228 114568.2088137719
127054.5318050351 116183.8272660810
120531.5112558421 117476.3220279282
124986.2569967544 114406.6469685409
119576.9228827895 112306.3429805391

126736.3356806842 113598.8377423864
120690.6093180175 115699.1417303882
122122.4918775965 114568.2088137719
126418.1395563333 114245.0851233100
125940.8453698070 114245.0851233100
124031.6686237018 115376.0180399264
121167.9035045439 113275.7140519246
127690.9240537368 116022.2654208500
124668.0608724035 115052.8943494646
120054.2170693158 116506.9509565428
125145.3550589298 113921.9614328482
124668.0608724035 115860.7035756191
120372.4131936667 116991.6364922355
123554.3744371754 115052.8943494646
121804.2957532456 114568.2088137719
122599.7860641228 113598.8377423864
125145.3550589298 115052.8943494646
126259.0414941579 113598.8377423864
124190.7666858772 115537.5798851573
121645.1976910702 114891.3325042337

125304.4531211053 115537.5798851573
125622.6492454561 114406.6469685409
121327.0015667193 114729.7706590028
119736.0209449649 112467.9048257700
126418.1395563333 116183.8272660810
124668.0608724035 113114.1522066937
119258.7267584386 113114.1522066937
127531.8259915614 116830.0746470046
122917.9821884737 113760.3995876173
123872.5705615263 114568.2088137719
120531.5112558421 116022.2654208500
122122.4918775965 114406.6469685409
127213.6298672105 116668.5128017737
124986.2569967544 115537.5798851573
119895.1190071403 115860.7035756191
121645.1976910702 113275.7140519246
125940.8453698070 113114.1522066937
124668.0608724035 115214.4561946955
124668.0608724035 113921.9614328482
126895.4337428596 116506.9509565428

125463.5511832807 113921.9614328482
120690.6093180175 115860.7035756191
124508.9628102281 115376.0180399264
127213.6298672105 115537.5798851573
123395.2763750000 115376.0180399264
127850.0221159123 116345.3891113118
120054.2170693158 112791.0285162318
121167.9035045439 114568.2088137719
126418.1395563333 113598.8377423864
119576.9228827895 115214.4561946955
121804.2957532456 114406.6469685409
125145.3550589298 112791.0285162318
121963.3938154210 114406.6469685409
124031.6686237018 115052.8943494646
122281.5899397719 115052.8943494646
121486.0996288947 114729.7706590028
126736.3356806842 115214.4561946955
124508.9628102281 113760.3995876173
126099.9434319825 116345.3891113118
122758.8841262982 114729.7706590028

119417.8248206140 112629.4666710009
121167.9035045439 114245.0851233100
127213.6298672105 116345.3891113118
125463.5511832807 113598.8377423864
121804.2957532456 113275.7140519246
122917.9821884737 114083.5232780791
126577.2376185088 116345.3891113118
122122.4918775965 114406.6469685409
127690.9240537368 116345.3891113118
126418.1395563333 112952.5903614627
124508.9628102281 115537.5798851573
121486.0996288947 113275.7140519246
120213.3151314912 112791.0285162318
124668.0608724035 112952.5903614627
121486.0996288947 114406.6469685409
124827.1589345789 115860.7035756191
122122.4918775965 113437.2758971555
125940.8453698070 113437.2758971555
119895.1190071403 112306.3429805391
124508.9628102281 115376.0180399264

125781.7473076316 116183.8272660810
122599.7860641228 113760.3995876173
126736.3356806842 113598.8377423864
124827.1589345789 114891.3325042337
120213.3151314912 113437.2758971555
126418.1395563333 116022.2654208500
125145.3550589298 114891.3325042337
120849.7073801930 113114.1522066937
119576.9228827895 112952.5903614627
120531.5112558421 115214.4561946955
119099.6286962632 114406.6469685409
123554.3744371754 115052.8943494646
127213.6298672105 115699.1417303882
121327.0015667193 113921.9614328482
122917.9821884737 114245.0851233100
121963.3938154210 114729.7706590028
124508.9628102281 115052.8943494646
125781.7473076316 112952.5903614627
122281.5899397719 115214.4561946955
123236.1783128245 114406.6469685409

123395.2763750000 113437.2758971555
126895.4337428596 115214.4561946955
123872.5705615263 115376.0180399264
123077.0802506491 115052.8943494646
121645.1976910702 114245.0851233100
119736.0209449649 115376.0180399264
127690.9240537368 116022.2654208500
126577.2376185088 113114.1522066937
121963.3938154210 114083.5232780791
119417.8248206140 112791.0285162318
124668.0608724035 115860.7035756191
124349.8647480526 114245.0851233100
121486.0996288947 114891.3325042337
126099.9434319825 116022.2654208500
120213.3151314912 117153.1983374664
124668.0608724035 113760.3995876173
120849.7073801930 116991.6364922355
127213.6298672105 115537.5798851573
124986.2569967544 113437.2758971555
121167.9035045439 114568.2088137719

124190.7666858772 115214.4561946955
122122.4918775965 114083.5232780791
119576.9228827895 113760.3995876173
126577.2376185088 114891.3325042337
126259.0414941579 114083.5232780791
124668.0608724035 114568.2088137719
122440.6880019474 114406.6469685409
125145.3550589298 113760.3995876173
121804.2957532456 113921.9614328482
123713.4724993509 114083.5232780791
120213.3151314912 113437.2758971555
123236.1783128245 113921.9614328482
120690.6093180175 117153.1983374664
122917.9821884737 114406.6469685409
118940.5306340877 114083.5232780791
121486.0996288947 114568.2088137719
125781.7473076316 114891.3325042337
125145.3550589298 114891.3325042337
125463.5511832807 114083.5232780791
119895.1190071403 116183.8272660810

121804.2957532456 113921.9614328482
121327.0015667193 114891.3325042337
126577.2376185088 113437.2758971555
119258.7267584386 114729.7706590028
121645.1976910702 113598.8377423864
127054.5318050351 114245.0851233100
125145.3550589298 113921.9614328482
121486.0996288947 114406.6469685409
127372.7279293860 116506.9509565428
126895.4337428596 115214.4561946955
120372.4131936667 116668.5128017737
121008.8054423684 112629.4666710009
120372.4131936667 112629.4666710009
121645.1976910702 112952.5903614627
120690.6093180175 117153.1983374664
124190.7666858772 115699.1417303882
124508.9628102281 113760.3995876173
121804.2957532456 113598.8377423864
121167.9035045439 114245.0851233100
119736.0209449649 111660.0955996155

124668.0608724035 115860.7035756191
121327.0015667193 114245.0851233100
126577.2376185088 116345.3891113118
122599.7860641228 114083.5232780791
124508.9628102281 115376.0180399264
126895.4337428596 115537.5798851573
123395.2763750000 114729.7706590028
125463.5511832807 112791.0285162318
119895.1190071403 114568.2088137719
122122.4918775965 114083.5232780791
127690.9240537368 116830.0746470046
121645.1976910702 113598.8377423864
124190.7666858772 115052.8943494646
119576.9228827895 112144.7811353082
120213.3151314912 115537.5798851573
120849.7073801930 113921.9614328482
127372.7279293860 115699.1417303882
121327.0015667193 113275.7140519246
120531.5112558421 115860.7035756191
124986.2569967544 115537.5798851573

119895.1190071403 113598.8377423864
126577.2376185088 113921.9614328482
123872.5705615263 114891.3325042337
119417.8248206140 113921.9614328482
122122.4918775965 113275.7140519246
126259.0414941579 113275.7140519246
120213.3151314912 115376.0180399264
125145.3550589298 115860.7035756191
121804.2957532456 114406.6469685409
124349.8647480526 115537.5798851573
125463.5511832807 113437.2758971555
123077.0802506491 114568.2088137719
120531.5112558421 112306.3429805391
124827.1589345789 115376.0180399264
119736.0209449649 114245.0851233100
121008.8054423684 114406.6469685409
122758.8841262982 115214.4561946955
121327.0015667193 114568.2088137719
125781.7473076316 113437.2758971555
119099.6286962632 114406.6469685409

121327.0015667193 114083.5232780791
124668.0608724035 115052.8943494646
124190.7666858772 114568.2088137719
121804.2957532456 114406.6469685409
121327.0015667193 113275.7140519246
121963.3938154210 114729.7706590028
120213.3151314912 115699.1417303882
121645.1976910702 112952.5903614627
124508.9628102281 114729.7706590028
127054.5318050351 114083.5232780791
124827.1589345789 115376.0180399264
125145.3550589298 113114.1522066937
124508.9628102281 115537.5798851573
122440.6880019474 114891.3325042337
124190.7666858772 115052.8943494646
120690.6093180175 116022.2654208500
119736.0209449649 113760.3995876173
126259.0414941579 113437.2758971555
121486.0996288947 114245.0851233100
124508.9628102281 115699.1417303882

124668.0608724035 115214.4561946955
119099.6286962632 113760.3995876173
124508.9628102281 115376.0180399264
127531.8259915614 116830.0746470046
121327.0015667193 114729.7706590028
122122.4918775965 114568.2088137719
121486.0996288947 114729.7706590028
119417.8248206140 114245.0851233100
120690.6093180175 115376.0180399264
126895.4337428596 116345.3891113118
120213.3151314912 116345.3891113118
121963.3938154210 113275.7140519246
126259.0414941579 113921.9614328482
119099.6286962632 114245.0851233100
121963.3938154210 114891.3325042337
127213.6298672105 115860.7035756191
126259.0414941579 116345.3891113118
119258.7267584386 114083.5232780791
120690.6093180175 116668.5128017737
122440.6880019474 113598.8377423864

124827.1589345789 114406.6469685409
123872.5705615263 115214.4561946955
120849.7073801930 118122.5694088519
125145.3550589298 114083.5232780791
120531.5112558421 114729.7706590028
126099.9434319825 115537.5798851573
126577.2376185088 113921.9614328482
121804.2957532456 113760.3995876173
124508.9628102281 113760.3995876173
120372.4131936667 113275.7140519246
119576.9228827895 112306.3429805391
123554.3744371754 114729.7706590028
122122.4918775965 114568.2088137719
124190.7666858772 114568.2088137719
125781.7473076316 112791.0285162318
127372.7279293860 115537.5798851573
126895.4337428596 113760.3995876173
120213.3151314912 116022.2654208500
125463.5511832807 114729.7706590028
118940.5306340877 113921.9614328482

124031.6686237018 115699.1417303882
124668.0608724035 114245.0851233100
127372.7279293860 115537.5798851573
121327.0015667193 113760.3995876173
125781.7473076316 114245.0851233100
120054.2170693158 116830.0746470046
126099.9434319825 115860.7035756191
121645.1976910702 114729.7706590028
122122.4918775965 114245.0851233100
118940.5306340877 113760.3995876173
120849.7073801930 112791.0285162318
126895.4337428596 116668.5128017737
119576.9228827895 112791.0285162318
119258.7267584386 113921.9614328482
121486.0996288947 112952.5903614627
122440.6880019474 114083.5232780791
121645.1976910702 114568.2088137719
120690.6093180175 115052.8943494646
120054.2170693158 112144.7811353082
124349.8647480526 115052.8943494646

121327.0015667193 112791.0285162318
121327.0015667193 114729.7706590028
122281.5899397719 114729.7706590028
124190.7666858772 113598.8377423864
127690.9240537368 116830.0746470046
121486.0996288947 114406.6469685409
119736.0209449649 115537.5798851573
125622.6492454561 114406.6469685409
126895.4337428596 113760.3995876173
126577.2376185088 113275.7140519246
120690.6093180175 115214.4561946955
125304.4531211053 115214.4561946955
127213.6298672105 116506.9509565428
123872.5705615263 114891.3325042337
121804.2957532456 114891.3325042337
120531.5112558421 116183.8272660810
122281.5899397719 113760.3995876173
126259.0414941579 113114.1522066937
121008.8054423684 113275.7140519246
126577.2376185088 116345.3891113118

125304.4531211053 113760.3995876173
119895.1190071403 114568.2088137719
124508.9628102281 115537.5798851573
120690.6093180175 117153.1983374664
122440.6880019474 114083.5232780791
125463.5511832807 113437.2758971555
119417.8248206140 112467.9048257700
124031.6686237018 115537.5798851573
124827.1589345789 115376.0180399264
126577.2376185088 113598.8377423864
126895.4337428596 115699.1417303882
121804.2957532456 113437.2758971555
126895.4337428596 116345.3891113118
124668.0608724035 114568.2088137719
121327.0015667193 113598.8377423864
121167.9035045439 114568.2088137719
119895.1190071403 116183.8272660810
124031.6686237018 115699.1417303882
127531.8259915614 116345.3891113118
121645.1976910702 114245.0851233100

