34348730.7831253856 29599.4541320801
34020181.4690741375 25810.4981994629
35431278.9454030320 34418.6362304688
36234632.2030223384 34939.1535644531
34956173.0770585909 33001.6337280273
34257638.1257268712 29521.6081542969
34206136.7693927214 28976.7243194580
34623092.5291482583 32781.6239013672
34184485.2111037895 26506.7290039062
35059838.0479802638 33938.7093505859
35611787.3666658625 34731.2097167969
34205512.9177236632 26682.8415794373
34396918.9248087853 31414.5737304688
34978540.9529253766 33326.9248046875
33964618.5138573274 21764.9519042969
34609968.4364893734 31452.2763977051
