134708.7977643537 117728.9229123113
130824.7234262073 118046.4082017076
130824.7234262073 119316.3493592924
130177.3777031829 119951.3199380849
133737.7791798171 115506.5258865377
129691.8684109146 116617.7243994245
134061.4520413293 119475.0920039906
129368.1955494024 116458.9817547264
129530.0319801585 118046.4082017076
132604.9241645244 116458.9817547264
129206.3591186464 116300.2391100283
130015.5412724268 116776.4670441226
131310.2327184756 115665.2685312359
133899.6156105732 117411.4376229151
130177.3777031829 122173.7169638585

129206.3591186464 118205.1508464057
130015.5412724268 118363.8934911038
129368.1955494024 115982.7538206321
134385.1249028415 117252.6949782170
133252.2698875488 115347.7832418396
129691.8684109146 118681.3787805000
132604.9241645244 119157.6067145943
133899.6156105732 116300.2391100283
133252.2698875488 117093.9523335189
130662.8869954512 116617.7243994245
130015.5412724268 122332.4596085566
129853.7048416707 116776.4670441226
131148.3962877195 121380.0037403679
131957.5784415000 117570.1802676132
132766.7605952805 116141.4964653302

130824.7234262073 115347.7832418396
134708.7977643537 116776.4670441226
129691.8684109146 116617.7243994245
131795.7420107439 117411.4376229151
134546.9613335976 116141.4964653302
129368.1955494024 115665.2685312359
131795.7420107439 116300.2391100283
132604.9241645244 118363.8934911038
134546.9613335976 119951.3199380849
134870.6341951098 120745.0331615755
134223.2884720854 114871.5553077453
132119.4148722561 118681.3787805000
130015.5412724268 117728.9229123113
129368.1955494024 116458.9817547264
135194.3070566220 120745.0331615755

133414.1063183049 115189.0405971415
133575.9427490610 116935.2096888208
134546.9613335976 118522.6361358019
134061.4520413293 118205.1508464057
129530.0319801585 115665.2685312359
130177.3777031829 118363.8934911038
132281.2513030122 115506.5258865377
129530.0319801585 118363.8934911038
132766.7605952805 118998.8640698962
134385.1249028415 116935.2096888208
130339.2141339390 117570.1802676132
135032.4706258659 120268.8052274811
129691.8684109146 116617.7243994245
134708.7977643537 119475.0920039906
134385.1249028415 114712.8126630472

129206.3591186464 118205.1508464057
130015.5412724268 122491.2022532547
134546.9613335976 119951.3199380849
129044.5226878902 116458.9817547264
129853.7048416707 117093.9523335189
133737.7791798171 115665.2685312359
129530.0319801585 119792.5772933868
133899.6156105732 117093.9523335189
132604.9241645244 115982.7538206321
135194.3070566220 120903.7758062736
133090.4334567927 119475.0920039906
132281.2513030122 115347.7832418396
129206.3591186464 115665.2685312359
129691.8684109146 118046.4082017076
133575.9427490610 115347.7832418396

133737.7791798171 116617.7243994245
132604.9241645244 115982.7538206321
133899.6156105732 120268.8052274811
129530.0319801585 118840.1214251981
129691.8684109146 120110.0625827830
130339.2141339390 121856.2316744623
130501.0505646951 119475.0920039906
134870.6341951098 119633.8346486887
130177.3777031829 116617.7243994245
129691.8684109146 116617.7243994245
129853.7048416707 115506.5258865377
134223.2884720854 118840.1214251981
133414.1063183049 116935.2096888208
133252.2698875488 119316.3493592924
130824.7234262073 119316.3493592924

132928.5970260366 119475.0920039906
131472.0691492317 118363.8934911038
130015.5412724268 122332.4596085566
132443.0877337683 116300.2391100283
132119.4148722561 116141.4964653302
132604.9241645244 117728.9229123113
135194.3070566220 120745.0331615755
128882.6862571341 115824.0111759340
134708.7977643537 119792.5772933868
129206.3591186464 116458.9817547264
130339.2141339390 122332.4596085566
133737.7791798171 117252.6949782170
133899.6156105732 119951.3199380849
133090.4334567927 118998.8640698962
133252.2698875488 118681.3787805000

130501.0505646951 117887.6655570094
131957.5784415000 117411.4376229151
132281.2513030122 116300.2391100283
129368.1955494024 116141.4964653302
129691.8684109146 119951.3199380849
130662.8869954512 116141.4964653302
132119.4148722561 118046.4082017076
134223.2884720854 118681.3787805000
133575.9427490610 118046.4082017076
130015.5412724268 122173.7169638585
130501.0505646951 119792.5772933868
130501.0505646951 121856.2316744623
132604.9241645244 119157.6067145943
134061.4520413293 115982.7538206321
135194.3070566220 120586.2905168774

135194.3070566220 120745.0331615755
134385.1249028415 118681.3787805000
133737.7791798171 117570.1802676132
131148.3962877195 121538.7463850660
134546.9613335976 119475.0920039906
133575.9427490610 115824.0111759340
130824.7234262073 118363.8934911038
132766.7605952805 116300.2391100283
132281.2513030122 116300.2391100283
129368.1955494024 116458.9817547264
129368.1955494024 116141.4964653302
131957.5784415000 118522.6361358019
134546.9613335976 119157.6067145943
133252.2698875488 116776.4670441226
132281.2513030122 117411.4376229151

131472.0691492317 115347.7832418396
130501.0505646951 122014.9743191604
129853.7048416707 121538.7463850660
130662.8869954512 116141.4964653302
129691.8684109146 120110.0625827830
129206.3591186464 116300.2391100283
132119.4148722561 116141.4964653302
131472.0691492317 115982.7538206321
129530.0319801585 116617.7243994245
134708.7977643537 119633.8346486887
132443.0877337683 116141.4964653302
134546.9613335976 119316.3493592924
134385.1249028415 116141.4964653302
130177.3777031829 122014.9743191604
132928.5970260366 116776.4670441226

130339.2141339390 116776.4670441226
130177.3777031829 122491.2022532547
130662.8869954512 115347.7832418396
129691.8684109146 120110.0625827830
130986.5598569634 116617.7243994245
134708.7977643537 114712.8126630472
131795.7420107439 117093.9523335189
134708.7977643537 117728.9229123113
129530.0319801585 119792.5772933868
132766.7605952805 117252.6949782170
132604.9241645244 116300.2391100283
128882.6862571341 115982.7538206321
133090.4334567927 118205.1508464057
135194.3070566220 120745.0331615755
129206.3591186464 116458.9817547264

132443.0877337683 118046.4082017076
130339.2141339390 122332.4596085566
129530.0319801585 119951.3199380849
132766.7605952805 119157.6067145943
129691.8684109146 115665.2685312359
133899.6156105732 117411.4376229151
129691.8684109146 116776.4670441226
129368.1955494024 116617.7243994245
129530.0319801585 115665.2685312359
131957.5784415000 115506.5258865377
129530.0319801585 116617.7243994245
134223.2884720854 120268.8052274811
134870.6341951098 117093.9523335189
134708.7977643537 119157.6067145943
134708.7977643537 115982.7538206321

130177.3777031829 122014.9743191604
133737.7791798171 116935.2096888208
134708.7977643537 119792.5772933868
133899.6156105732 117411.4376229151
134223.2884720854 117570.1802676132
130015.5412724268 118205.1508464057
130015.5412724268 118840.1214251981
129368.1955494024 115665.2685312359
130986.5598569634 118840.1214251981
129044.5226878902 117728.9229123113
134385.1249028415 119792.5772933868
132928.5970260366 119157.6067145943
131957.5784415000 118363.8934911038
129530.0319801585 118363.8934911038
131795.7420107439 116935.2096888208

132766.7605952805 117728.9229123113
134546.9613335976 116935.2096888208
130177.3777031829 119475.0920039906
130501.0505646951 121697.4890297642
130339.2141339390 117887.6655570094
132119.4148722561 118046.4082017076
134385.1249028415 119633.8346486887
132928.5970260366 119157.6067145943
130177.3777031829 116617.7243994245
133414.1063183049 118998.8640698962
129691.8684109146 118205.1508464057
130501.0505646951 119475.0920039906
129530.0319801585 116617.7243994245
132928.5970260366 118522.6361358019
129368.1955494024 116300.2391100283

129691.8684109146 118046.4082017076
134385.1249028415 119951.3199380849
130339.2141339390 117887.6655570094
129206.3591186464 118522.6361358019
132928.5970260366 119316.3493592924
133737.7791798171 117252.6949782170
134061.4520413293 120110.0625827830
132928.5970260366 119157.6067145943
130662.8869954512 115982.7538206321
132119.4148722561 118363.8934911038
130501.0505646951 116458.9817547264
133090.4334567927 118998.8640698962
132119.4148722561 115189.0405971415
133899.6156105732 117570.1802676132
131472.0691492317 118363.8934911038

134546.9613335976 117887.6655570094
129368.1955494024 115665.2685312359
132443.0877337683 118046.4082017076
129853.7048416707 116617.7243994245
129368.1955494024 116617.7243994245
130986.5598569634 121538.7463850660
130339.2141339390 116458.9817547264
133899.6156105732 116935.2096888208
134546.9613335976 119792.5772933868
130177.3777031829 122332.4596085566
130501.0505646951 116617.7243994245
131310.2327184756 116935.2096888208
130015.5412724268 118363.8934911038
130662.8869954512 119792.5772933868
132443.0877337683 118840.1214251981

