112633.7405805804 120769.4363200000
110882.4102775268 119161.4074408510
112474.5287348482 120287.0276562553
112315.3168891161 120769.4363200000
115340.3419580268 121734.2536474894
114544.2827293661 123503.0854145532
111996.8931976518 120769.4363200000
111996.8931976518 122377.4651991489
112315.3168891161 120930.2392079149
110563.9865860625 119483.0132166808

118524.5788726696 124307.0998541277
114862.7064208303 121412.6478716596
111996.8931976518 122055.8594233192
112156.1050433839 122377.4651991489
111678.4695061875 120126.2247683404
112315.3168891161 120287.0276562553
110882.4102775268 120287.0276562553
111996.8931976518 121091.0420958298
111678.4695061875 119804.6189925106
112315.3168891161 120930.2392079149

117091.6722610804 123503.0854145532
115499.5538037589 122538.2680870638
115658.7656494911 122055.8594233192
112474.5287348482 123020.6767508085
114066.6471921696 122859.8738628936
113111.3761177768 123503.0854145532
113589.0116549732 123824.6911903830
117887.7314897411 123824.6911903830
111996.8931976518 122859.8738628936
112315.3168891161 120930.2392079149

115977.1893409554 122377.4651991489
110245.5628945982 120447.8305441702
117091.6722610804 123503.0854145532
112315.3168891161 120769.4363200000
112474.5287348482 121091.0420958298
111996.8931976518 119483.0132166808
111837.6813519196 120287.0276562553
112633.7405805804 120447.8305441702
114066.6471921696 122859.8738628936
110404.7747403304 120126.2247683404

115340.3419580268 121734.2536474894
111041.6221232589 119322.2103287660
113907.4353464375 122699.0709749787
118365.3670269375 124146.2969662128
112315.3168891161 120126.2247683404
117250.8841068125 123342.2825266383
112474.5287348482 122859.8738628936
114703.4945750982 121734.2536474894
110723.1984317946 122538.2680870638
110404.7747403304 119965.4218804255

110723.1984317946 119965.4218804255
110245.5628945982 120287.0276562553
112315.3168891161 119643.8161045957
111996.8931976518 119965.4218804255
112315.3168891161 120769.4363200000
111360.0458147232 119643.8161045957
112315.3168891161 123503.0854145532
112952.1642720446 123181.4796387234
112633.7405805804 120447.8305441702
118206.1551812054 123985.4940782979

114544.2827293661 121091.0420958298
111837.6813519196 120930.2392079149
111996.8931976518 119965.4218804255
114066.6471921696 122859.8738628936
112315.3168891161 120608.6334320851
114385.0708836339 121573.4507595745
112315.3168891161 120769.4363200000
110404.7747403304 120126.2247683404
110882.4102775268 120447.8305441702
112315.3168891161 119804.6189925106

114066.6471921696 122859.8738628936
114385.0708836339 121573.4507595745
118206.1551812054 123985.4940782979
111837.6813519196 120930.2392079149
114544.2827293661 121091.0420958298
111996.8931976518 119965.4218804255
110404.7747403304 120126.2247683404
114862.7064208303 122055.8594233192
112315.3168891161 120769.4363200000
112315.3168891161 120608.6334320851

114862.7064208303 121412.6478716596
110563.9865860625 120126.2247683404
112156.1050433839 120447.8305441702
113111.3761177768 123020.6767508085
113111.3761177768 120447.8305441702
110563.9865860625 120769.4363200000
112474.5287348482 120126.2247683404
117728.5196440089 123824.6911903830
111200.8339689911 119965.4218804255
111837.6813519196 120447.8305441702

118365.3670269375 124146.2969662128
111360.0458147232 123342.2825266383
112156.1050433839 119965.4218804255
112952.1642720446 120608.6334320851
111200.8339689911 119643.8161045957
115181.1301122946 121895.0565354042
112315.3168891161 120930.2392079149
110086.3510488661 119965.4218804255
111678.4695061875 122055.8594233192
111996.8931976518 119804.6189925106

115181.1301122946 121895.0565354042
110882.4102775268 121895.0565354042
112952.1642720446 120608.6334320851
111360.0458147232 123342.2825266383
112156.1050433839 119965.4218804255
111200.8339689911 119643.8161045957
112315.3168891161 120930.2392079149
110563.9865860625 119483.0132166808
118365.3670269375 124146.2969662128
115977.1893409554 122699.0709749787

112315.3168891161 123342.2825266383
118365.3670269375 124146.2969662128
112474.5287348482 123020.6767508085
111837.6813519196 120287.0276562553
112156.1050433839 119643.8161045957
114862.7064208303 121573.4507595745
111996.8931976518 123503.0854145532
115658.7656494911 122055.8594233192
114544.2827293661 121573.4507595745
112315.3168891161 120930.2392079149

110882.4102775268 119804.6189925106
112474.5287348482 120769.4363200000
111837.6813519196 117070.9698979574
110723.1984317946 119804.6189925106
112156.1050433839 122859.8738628936
112633.7405805804 120608.6334320851
111996.8931976518 120287.0276562553
112315.3168891161 120930.2392079149
115499.5538037589 121895.0565354042
112792.9524263125 123342.2825266383

112156.1050433839 120287.0276562553
110245.5628945982 119804.6189925106
111360.0458147232 122699.0709749787
116136.4011866875 122538.2680870638
117091.6722610804 123503.0854145532
112633.7405805804 123020.6767508085
112156.1050433839 119643.8161045957
115181.1301122946 121734.2536474894
114385.0708836339 121734.2536474894
118206.1551812054 123985.4940782979

112315.3168891161 120126.2247683404
110723.1984317946 122538.2680870638
114544.2827293661 121734.2536474894
114225.8590379018 123342.2825266383
111678.4695061875 120769.4363200000
112952.1642720446 120287.0276562553
111678.4695061875 121895.0565354042
115817.9774952232 122216.6623112340
115499.5538037589 122377.4651991489
112315.3168891161 120769.4363200000

112156.1050433839 120608.6334320851
112315.3168891161 120126.2247683404
116136.4011866875 122859.8738628936
114703.4945750982 121573.4507595745
111996.8931976518 122216.6623112340
114066.6471921696 123181.4796387234
115181.1301122946 121895.0565354042
111837.6813519196 117070.9698979574
113111.3761177768 120930.2392079149
110563.9865860625 120447.8305441702

110723.1984317946 119965.4218804255
111678.4695061875 117392.5756737872
111041.6221232589 122699.0709749787
113111.3761177768 122859.8738628936
114862.7064208303 121573.4507595745
112315.3168891161 120608.6334320851
112315.3168891161 119643.8161045957
110086.3510488661 119483.0132166808
115658.7656494911 122377.4651991489
111519.2576604554 119804.6189925106

114066.6471921696 123663.8883024681
114385.0708836339 121412.6478716596
111041.6221232589 119322.2103287660
118524.5788726696 124307.0998541277
112156.1050433839 122216.6623112340
110723.1984317946 121412.6478716596
115340.3419580268 121734.2536474894
112315.3168891161 119965.4218804255
111996.8931976518 120287.0276562553
110563.9865860625 120126.2247683404

