23705073.3462796845 147463.9985351562
23550302.2662242353 146267.1044921875
23344754.7500458620 145671.8779296875
22573583.0416252986 124067.4538574219
22963562.5353382975 142973.2124023438
22621528.2150716111 129017.4890136719
22541042.6944664754 122235.0302734375
22787080.3537234701 133156.2500000000
23709990.2286522761 148211.8183593750
23581532.8828479610 147244.6733398438
23342459.7047979161 145454.4121093750
22490515.2111021839 113567.4394531250
22286193.8188623115 113495.2946777344
22790257.6736754924 134689.3876953125
23202757.8370626420 144748.4750976562
22837174.5203917846 135972.4833984375
