23562888.4160942920 147437.7153320312
22375592.7174034752 121452.5654296875
23260524.8180767447 145096.6240234375
22468186.1672711633 130701.0698242188
22450305.3535112999 128913.5266113281
22438261.7568522878 123139.8244628906
23161383.4587191381 143268.0151367188
22880858.4045064971 139064.9445800781
23473914.1625889838 146972.4614257812
22571345.1329863481 138985.4448242188
23665945.3881833553 147501.8925781250
22158476.5337360427 114188.4545898438
23471660.7752227597 146522.6606445312
23344754.7500458620 145671.8779296875
22963562.5353382975 142973.2124023438
23709990.2286522761 148211.8183593750
23342459.7047979161 145454.4121093750
23202757.8370626420 144748.4750976562
