22541042.6944664754 122235.0302734375
23567762.5543417148 145574.0498046875
22787080.3537234701 133156.2500000000
22723107.3620585650 127568.7124023438
23709990.2286522761 148211.8183593750
23581532.8828479610 147244.6733398438
23149273.9944962002 141727.8955078125
22673060.9309681095 123178.2636718750
23147255.4465965703 141319.7944335938
23342459.7047979161 145454.4121093750
22490515.2111021839 113567.4394531250
22286193.8188623115 113495.2946777344
22790257.6736754924 134689.3876953125
23202757.8370626420 144748.4750976562
22980152.1951416992 141230.8720703125
22837174.5203917846 135972.4833984375
