35215669.4309972897 197160.7089843750
35556895.0535940900 199973.5917968750
35814117.4834303856 205511.3671875000
35355863.1956216842 199606.9082031250
34199121.0463823974 174850.4099121094
35656187.8267186955 203736.5781250000
37740405.1568071470 206073.6914062500
37842493.7607918903 207315.5488281250
35157485.8690578565 197091.8339843750
35224902.6081285477 199065.0029296875
34913674.4923203066 196059.5810546875
35358609.8238513842 199733.0273437500
34494256.0150778666 195087.8386230469
33741686.4126831666 157880.5745849609
34778437.3266214877 195795.7504882812
34218380.1484261975 194427.9521484375
