130339.2141339390 121856.2316744623
131148.3962877195 120268.8052274811
133414.1063183049 116935.2096888208
132928.5970260366 119157.6067145943
128720.8498263780 115824.0111759340
135194.3070566220 120745.0331615755
134223.2884720854 117252.6949782170
133414.1063183049 117093.9523335189
130662.8869954512 118046.4082017076
132928.5970260366 115824.0111759340
134061.4520413293 120268.8052274811
135194.3070566220 121062.5184509717
131310.2327184756 118363.8934911038
129853.7048416707 121697.4890297642
133737.7791798171 117093.9523335189

131957.5784415000 116458.9817547264
130339.2141339390 117887.6655570094
130339.2141339390 122014.9743191604
130177.3777031829 116617.7243994245
134708.7977643537 117411.4376229151
129206.3591186464 118363.8934911038
130986.5598569634 119316.3493592924
134546.9613335976 119475.0920039906
132766.7605952805 118998.8640698962
132443.0877337683 117570.1802676132
131148.3962877195 120268.8052274811
132766.7605952805 119316.3493592924
134223.2884720854 119951.3199380849
133414.1063183049 118205.1508464057
135032.4706258659 120427.5478721792

131310.2327184756 116935.2096888208
129206.3591186464 115824.0111759340
135032.4706258659 119951.3199380849
134061.4520413293 119316.3493592924
134385.1249028415 119792.5772933868
133414.1063183049 119633.8346486887
131795.7420107439 118522.6361358019
134708.7977643537 120586.2905168774
130501.0505646951 119951.3199380849
129691.8684109146 119792.5772933868
132281.2513030122 116458.9817547264
130986.5598569634 120268.8052274811
130177.3777031829 122332.4596085566
129206.3591186464 118363.8934911038
130177.3777031829 116141.4964653302

130177.3777031829 118205.1508464057
128882.6862571341 116617.7243994245
132281.2513030122 117570.1802676132
133252.2698875488 116935.2096888208
130824.7234262073 120268.8052274811
130501.0505646951 116141.4964653302
129530.0319801585 116458.9817547264
129206.3591186464 118363.8934911038
130015.5412724268 122491.2022532547
129853.7048416707 116935.2096888208
132604.9241645244 117728.9229123113
134223.2884720854 115347.7832418396
133575.9427490610 115982.7538206321
135032.4706258659 120745.0331615755
129530.0319801585 118840.1214251981

129691.8684109146 118363.8934911038
134546.9613335976 115506.5258865377
130662.8869954512 120427.5478721792
133414.1063183049 116935.2096888208
132119.4148722561 117728.9229123113
131633.9055799878 118522.6361358019
133899.6156105732 117728.9229123113
130177.3777031829 118205.1508464057
129368.1955494024 115665.2685312359
134223.2884720854 119792.5772933868
130986.5598569634 116776.4670441226
134708.7977643537 119475.0920039906
128882.6862571341 116617.7243994245
132443.0877337683 118522.6361358019
135032.4706258659 117887.6655570094

131633.9055799878 115824.0111759340
133899.6156105732 116776.4670441226
134870.6341951098 117093.9523335189
130501.0505646951 117728.9229123113
130177.3777031829 119633.8346486887
134223.2884720854 120110.0625827830
129044.5226878902 117093.9523335189
132604.9241645244 118522.6361358019
129691.8684109146 118522.6361358019
129368.1955494024 118205.1508464057
130986.5598569634 118998.8640698962
133414.1063183049 119475.0920039906
132119.4148722561 117252.6949782170
131310.2327184756 118046.4082017076
132928.5970260366 116776.4670441226

130824.7234262073 118046.4082017076
128882.6862571341 115824.0111759340
130177.3777031829 116776.4670441226
128882.6862571341 116617.7243994245
129206.3591186464 118363.8934911038
129691.8684109146 116935.2096888208
133575.9427490610 116458.9817547264
134546.9613335976 119633.8346486887
133090.4334567927 119157.6067145943
130501.0505646951 119633.8346486887
129853.7048416707 116776.4670441226
131472.0691492317 115665.2685312359
132928.5970260366 119316.3493592924
134223.2884720854 120268.8052274811
130177.3777031829 121856.2316744623

129853.7048416707 118205.1508464057
131795.7420107439 116141.4964653302
130501.0505646951 116141.4964653302
132281.2513030122 115189.0405971415
134061.4520413293 117093.9523335189
133737.7791798171 115665.2685312359
132604.9241645244 118998.8640698962
134870.6341951098 119792.5772933868
132928.5970260366 119157.6067145943
133414.1063183049 116935.2096888208
129530.0319801585 118046.4082017076
130177.3777031829 118205.1508464057
131472.0691492317 116458.9817547264
134870.6341951098 116935.2096888208
131148.3962877195 116300.2391100283

134546.9613335976 114554.0700183491
129853.7048416707 117093.9523335189
131795.7420107439 118522.6361358019
130339.2141339390 117570.1802676132
132766.7605952805 119157.6067145943
129044.5226878902 116458.9817547264
135032.4706258659 118998.8640698962
132443.0877337683 116776.4670441226
130501.0505646951 122173.7169638585
130824.7234262073 118046.4082017076
128720.8498263780 115824.0111759340
133090.4334567927 116776.4670441226
134385.1249028415 119633.8346486887
131310.2327184756 115665.2685312359
134061.4520413293 119951.3199380849

130339.2141339390 115506.5258865377
130824.7234262073 122014.9743191604
132928.5970260366 119157.6067145943
132604.9241645244 116141.4964653302
132119.4148722561 115665.2685312359
131472.0691492317 118363.8934911038
129853.7048416707 121538.7463850660
133252.2698875488 115506.5258865377
130177.3777031829 122332.4596085566
134708.7977643537 117252.6949782170
128882.6862571341 115982.7538206321
129853.7048416707 116776.4670441226
131633.9055799878 118363.8934911038
129206.3591186464 116458.9817547264
129530.0319801585 116617.7243994245

134385.1249028415 117570.1802676132
129691.8684109146 115506.5258865377
129044.5226878902 115665.2685312359
134385.1249028415 120268.8052274811
134708.7977643537 120745.0331615755
129853.7048416707 118205.1508464057
131795.7420107439 117411.4376229151
131148.3962877195 120110.0625827830
132443.0877337683 118205.1508464057
133252.2698875488 117093.9523335189
130177.3777031829 122332.4596085566
132766.7605952805 119157.6067145943
133090.4334567927 116458.9817547264
129530.0319801585 118681.3787805000
130501.0505646951 121856.2316744623

