34906366.3651289791 198256.3740234375
35415502.7210713625 200994.8242187500
33856223.3691148236 182301.8024902344
33848676.3500987813 161093.4663085938
34845776.9939749092 196276.5644531250
35490516.9249059036 203023.4091796875
36875811.2619635314 206374.1386718750
35814117.4834303856 205511.3671875000
35355863.1956216842 199606.9082031250
35656187.8267186955 203736.5781250000
37842493.7607918903 207315.5488281250
35224902.6081285477 199065.0029296875
35358609.8238513842 199733.0273437500
34494256.0150778666 195087.8386230469
33741686.4126831666 157880.5745849609
34778437.3266214877 195795.7504882812
34218380.1484261975 194427.9521484375
