36249657.7456670776 202453.1767578125
35433205.6500053629 197825.8222656250
33741686.4126831666 157880.5745849609
35904119.6390307918 199840.0273437500
34778437.3266214877 195795.7504882812
35733133.8788027838 199175.1865234375
35597407.8101554587 198260.0332031250
35945503.3353032172 201394.5087890625
35348824.9909472093 195992.2041015625
35679871.5448386297 199062.7377929688
37123073.7154530436 205155.6220703125
34218380.1484261975 194427.9521484375
36397868.8966736346 203537.5839843750
35805358.8540631682 199618.5195312500
