58009355.4519370198 279851.3642578125
64291603.3865157962 307518.6645507812
59471390.8764743507 298944.7290039062
61008753.1189183667 303334.5678710938
57119395.5163836554 262746.4654541016
59854267.9658672437 301266.6572265625
57509943.0120535791 269068.8994140625
61283634.7365471199 304618.5112304688
58142040.3522231728 288506.5625000000
61356862.0215110555 305159.1372070312
58715833.9616711289 291744.5778808594
62028365.3908757120 306645.3666992188
56377553.0843210220 259552.4003906250
59010782.6053916216 295932.9965820312
57770135.8555157036 273388.6169433594
