57528028.2897406891 264887.4187011719
59595119.4132280722 297304.0371093750
58142040.3522231728 288506.5625000000
61356862.0215110555 305159.1372070312
58715833.9616711289 291744.5778808594
60068644.5579493642 299060.2651367188
57298821.5134834275 262199.6337890625
62028365.3908757120 306645.3666992188
56377553.0843210220 259552.4003906250
58059179.0668666661 274672.5166015625
59010782.6053916216 295932.9965820312
60628523.7430838943 299198.2763671875
61034060.5619986355 300142.0556640625
61226867.3292358369 300636.9682617188
57770135.8555157036 273388.6169433594
59814633.2974329740 298778.2778320312
