118490.1694626111 125176.1332594338
120869.7668920556 121675.9596416397
119442.0084343889 125971.6272634779
119124.7287771296 122153.2560440662
120235.2075775370 122153.2560440662
121187.0465493148 125494.3308610515
120711.1270634259 128039.9116739927
122138.8855210926 121357.7620400221
119600.6482630185 121994.1572432573
120711.1270634259 128994.5044788456
119442.0084343889 126608.0224667132
118331.5296339815 126608.0224667132
120393.8474061667 127562.6152715662
122773.4448356111 126448.9236659044
120711.1270634259 127721.7140723750
119124.7287771296 121198.6632392132
119600.6482630185 123585.1452513456
120235.2075775370 128835.4056780368
120076.5677489074 126608.0224667132
121504.3262065741 121198.6632392132
120393.8474061667 121675.9596416397
118014.2499767222 126926.2200683309
120235.2075775370 122789.6512473015
118966.0889485000 122948.7500481103
119442.0084343889 121357.7620400221

117379.6906622037 126608.0224667132
121662.9660352037 125335.2320602426
122138.8855210926 121835.0584424485
120393.8474061667 126130.7260642868
121821.6058638333 127721.7140723750
121821.6058638333 122312.3548448750
120235.2075775370 127562.6152715662
123566.6439787593 123903.3428529633
124835.7626077963 125812.5284626691
118331.5296339815 122471.4536456838
119600.6482630185 121357.7620400221
120552.4872347963 122153.2560440662
120235.2075775370 121357.7620400221
121504.3262065741 127721.7140723750
118172.8898053518 128358.1092756103
118648.8092912407 128676.3068772279
119759.2880916481 122153.2560440662
119442.0084343889 126130.7260642868
121028.4067206852 121357.7620400221
118648.8092912407 123903.3428529633
119917.9279202778 127403.5164707574
119442.0084343889 123744.2440521544
117696.9703194630 124062.4416537721
118807.4491198704 122789.6512473015
120711.1270634259 128994.5044788456

121821.6058638333 122312.3548448750
118648.8092912407 125494.3308610515
124677.1227791667 125653.4296618603
123725.2838073889 123903.3428529633
124518.4829505370 123903.3428529633
117855.6101480926 123585.1452513456
118490.1694626111 125017.0344586250
122456.1651783518 125017.0344586250
119124.7287771296 127244.4176699485
118331.5296339815 126289.8248650956
118331.5296339815 131380.9864909780
119600.6482630185 124062.4416537721
124201.2032932778 125335.2320602426
122138.8855210926 127562.6152715662
120552.4872347963 128517.2080764191
119917.9279202778 129471.8008812721
120235.2075775370 125653.4296618603
119917.9279202778 121835.0584424485
119283.3686057593 121516.8608408309
121345.6863779444 127562.6152715662
119600.6482630185 126448.9236659044
119917.9279202778 127562.6152715662
120235.2075775370 126926.2200683309
119917.9279202778 121516.8608408309
118490.1694626111 128676.3068772279

120235.2075775370 122630.5524464927
117538.3304908333 126130.7260642868
120869.7668920556 126289.8248650956
121345.6863779444 127085.3188691397
117855.6101480926 128994.5044788456
120076.5677489074 129153.6032796544
122614.8050069815 121994.1572432573
117538.3304908333 123744.2440521544
124201.2032932778 125812.5284626691
121662.9660352037 121198.6632392132
120076.5677489074 123107.8488489191
119759.2880916481 121357.7620400221
120552.4872347963 125176.1332594338
119917.9279202778 126289.8248650956
119759.2880916481 129630.8996820809
120393.8474061667 124857.9356578162
120393.8474061667 127085.3188691397
118807.4491198704 126608.0224667132
124518.4829505370 125653.4296618603
117696.9703194630 128039.9116739927
119442.0084343889 121198.6632392132
119442.0084343889 122312.3548448750
122614.8050069815 127085.3188691397
118490.1694626111 122312.3548448750
120235.2075775370 122312.3548448750

117538.3304908333 124221.5404545809
118648.8092912407 129471.8008812721
120711.1270634259 121994.1572432573
117538.3304908333 123744.2440521544
119283.3686057593 121516.8608408309
118490.1694626111 129949.0972836985
118648.8092912407 124857.9356578162
124994.4024364259 124698.8368570074
122614.8050069815 125653.4296618603
118490.1694626111 127403.5164707574
118014.2499767222 125653.4296618603
118966.0889485000 124221.5404545809
124201.2032932778 123585.1452513456
125311.6820936852 125176.1332594338
119442.0084343889 130108.1960845073
119124.7287771296 129949.0972836985
120393.8474061667 125176.1332594338
121662.9660352037 121198.6632392132
120235.2075775370 129312.7020804632
118966.0889485000 126448.9236659044
119759.2880916481 123266.9476497279
118807.4491198704 131221.8876901691
121662.9660352037 126608.0224667132
117538.3304908333 124539.7380561985
119600.6482630185 121835.0584424485

118014.2499767222 125176.1332594338
119124.7287771296 121516.8608408309
120235.2075775370 124539.7380561985
118014.2499767222 128358.1092756103
120869.7668920556 122471.4536456838
120076.5677489074 121835.0584424485
120076.5677489074 121357.7620400221
125311.6820936852 125176.1332594338
120076.5677489074 126926.2200683309
125153.0422650556 124380.6392553897
121345.6863779444 123744.2440521544
124518.4829505370 125335.2320602426
118966.0889485000 125971.6272634779
121028.4067206852 128835.4056780368
119283.3686057593 126608.0224667132
119600.6482630185 126767.1212675221
118014.2499767222 124221.5404545809
118807.4491198704 125653.4296618603
122297.5253497222 121198.6632392132
121345.6863779444 127403.5164707574
122614.8050069815 121994.1572432573
124835.7626077963 124857.9356578162
125311.6820936852 125494.3308610515
119759.2880916481 129949.0972836985
123090.7244928704 124221.5404545809

120235.2075775370 121198.6632392132
121662.9660352037 128358.1092756103
118172.8898053518 124062.4416537721
117855.6101480926 123266.9476497279
119283.3686057593 127562.6152715662
119759.2880916481 128358.1092756103
124359.8431219074 125812.5284626691
118807.4491198704 128517.2080764191
119283.3686057593 122789.6512473015
119283.3686057593 121675.9596416397
119917.9279202778 127721.7140723750
121662.9660352037 127403.5164707574
118807.4491198704 123426.0464505368
120869.7668920556 126767.1212675221
119283.3686057593 127244.4176699485
120393.8474061667 122312.3548448750
119600.6482630185 125494.3308610515
121345.6863779444 121994.1572432573
119283.3686057593 121198.6632392132
118331.5296339815 127721.7140723750
124042.5634646481 126448.9236659044
119917.9279202778 126608.0224667132
123566.6439787593 123903.3428529633
119124.7287771296 125176.1332594338
117379.6906622037 126767.1212675221

118331.5296339815 128676.3068772279
124677.1227791667 125494.3308610515
121028.4067206852 121835.0584424485
119124.7287771296 121675.9596416397
121821.6058638333 127721.7140723750
121504.3262065741 128039.9116739927
118807.4491198704 129312.7020804632
119124.7287771296 122948.7500481103
119283.3686057593 121994.1572432573
118648.8092912407 127721.7140723750
118331.5296339815 126448.9236659044
120711.1270634259 125653.4296618603
118014.2499767222 124857.9356578162
120552.4872347963 121198.6632392132
118490.1694626111 128199.0104748015
118966.0889485000 128676.3068772279
118331.5296339815 127562.6152715662
119600.6482630185 121357.7620400221
118490.1694626111 125176.1332594338
118807.4491198704 126767.1212675221
118648.8092912407 129789.9984828897
120869.7668920556 126926.2200683309
121980.2456924630 121198.6632392132
121345.6863779444 125176.1332594338
120552.4872347963 121516.8608408309

117538.3304908333 125176.1332594338
119442.0084343889 121994.1572432573
117696.9703194630 128199.0104748015
120076.5677489074 125176.1332594338
119442.0084343889 121675.9596416397
121980.2456924630 121675.9596416397
119600.6482630185 127880.8128731838
120393.8474061667 127880.8128731838
121187.0465493148 121516.8608408309
117379.6906622037 126608.0224667132
124835.7626077963 123903.3428529633
120076.5677489074 127244.4176699485
118648.8092912407 121835.0584424485
124201.2032932778 125017.0344586250
121662.9660352037 122630.5524464927
124359.8431219074 125176.1332594338
121980.2456924630 127880.8128731838
118331.5296339815 124539.7380561985
120235.2075775370 128676.3068772279
120711.1270634259 121994.1572432573
118172.8898053518 126926.2200683309
121504.3262065741 125335.2320602426
118807.4491198704 127244.4176699485
118490.1694626111 126767.1212675221
121028.4067206852 121516.8608408309

121821.6058638333 127085.3188691397
118648.8092912407 122789.6512473015
118966.0889485000 127244.4176699485
122614.8050069815 127403.5164707574
117855.6101480926 127244.4176699485
121821.6058638333 121835.0584424485
118172.8898053518 125971.6272634779
119442.0084343889 126130.7260642868
120711.1270634259 122153.2560440662
117696.9703194630 126926.2200683309
117379.6906622037 125653.4296618603
117696.9703194630 128517.2080764191
121345.6863779444 127403.5164707574
122456.1651783518 121994.1572432573
121345.6863779444 125335.2320602426
119124.7287771296 122153.2560440662
124994.4024364259 125494.3308610515
117855.6101480926 124698.8368570074
118490.1694626111 125335.2320602426
122456.1651783518 121198.6632392132
121028.4067206852 126767.1212675221
118966.0889485000 127562.6152715662
121821.6058638333 128039.9116739927
120711.1270634259 127244.4176699485
118490.1694626111 125653.4296618603

118490.1694626111 131540.0852917868
124994.4024364259 124539.7380561985
117221.0508335741 124539.7380561985
124042.5634646481 124698.8368570074
121662.9660352037 124062.4416537721
124835.7626077963 125017.0344586250
119442.0084343889 128994.5044788456
119917.9279202778 123744.2440521544
123090.7244928704 125653.4296618603
118966.0889485000 130267.2948853162
121028.4067206852 121994.1572432573
117696.9703194630 127244.4176699485
118490.1694626111 128199.0104748015
124201.2032932778 124221.5404545809
124518.4829505370 123585.1452513456
120235.2075775370 126130.7260642868
120393.8474061667 125176.1332594338
119600.6482630185 130267.2948853162
120076.5677489074 121198.6632392132
117379.6906622037 124062.4416537721
120711.1270634259 123744.2440521544
121821.6058638333 127244.4176699485
121821.6058638333 125812.5284626691
118966.0889485000 129789.9984828897
120711.1270634259 128358.1092756103

117538.3304908333 124857.9356578162
120393.8474061667 124539.7380561985
118331.5296339815 124380.6392553897
120393.8474061667 127244.4176699485
119600.6482630185 122153.2560440662
121187.0465493148 125653.4296618603
118807.4491198704 122312.3548448750
118014.2499767222 129630.8996820809
119917.9279202778 121357.7620400221
123725.2838073889 123744.2440521544
121187.0465493148 122153.2560440662
121345.6863779444 121198.6632392132
121187.0465493148 121516.8608408309
119283.3686057593 126926.2200683309
120869.7668920556 127403.5164707574
120869.7668920556 121675.9596416397
121504.3262065741 127403.5164707574
120552.4872347963 121516.8608408309
119917.9279202778 123107.8488489191
120711.1270634259 128199.0104748015
119600.6482630185 124380.6392553897
119917.9279202778 122948.7500481103
119442.0084343889 127244.4176699485
121345.6863779444 128358.1092756103
121662.9660352037 127880.8128731838

121662.9660352037 122153.2560440662
121662.9660352037 127880.8128731838
118172.8898053518 127562.6152715662
121028.4067206852 124857.9356578162
121980.2456924630 128039.9116739927
117538.3304908333 127085.3188691397
124677.1227791667 123744.2440521544
119600.6482630185 126448.9236659044
118490.1694626111 127244.4176699485
120552.4872347963 126926.2200683309
122614.8050069815 126448.9236659044
120076.5677489074 121357.7620400221
118966.0889485000 127403.5164707574
119600.6482630185 123266.9476497279
121980.2456924630 121675.9596416397
118966.0889485000 128676.3068772279
121028.4067206852 127880.8128731838
118807.4491198704 127880.8128731838
120711.1270634259 122153.2560440662
118966.0889485000 128199.0104748015
117696.9703194630 125017.0344586250
117696.9703194630 127403.5164707574
121187.0465493148 125176.1332594338
124677.1227791667 124698.8368570074
120393.8474061667 121994.1572432573

121662.9660352037 127721.7140723750
118331.5296339815 128358.1092756103
121504.3262065741 128039.9116739927
120076.5677489074 126448.9236659044
120076.5677489074 122630.5524464927
119442.0084343889 122153.2560440662
121980.2456924630 121675.9596416397
121028.4067206852 128676.3068772279
118331.5296339815 128676.3068772279
119124.7287771296 121357.7620400221
118807.4491198704 123266.9476497279
121345.6863779444 127721.7140723750
120235.2075775370 123903.3428529633
121980.2456924630 122312.3548448750
123408.0041501296 124698.8368570074
118966.0889485000 126130.7260642868
118014.2499767222 127562.6152715662
118172.8898053518 124380.6392553897
118331.5296339815 128994.5044788456
119283.3686057593 124857.9356578162
120076.5677489074 125017.0344586250
119600.6482630185 123426.0464505368
124042.5634646481 124698.8368570074
119124.7287771296 121835.0584424485
117538.3304908333 126608.0224667132

119600.6482630185 129789.9984828897
121662.9660352037 122630.5524464927
122773.4448356111 124062.4416537721
117696.9703194630 125812.5284626691
124042.5634646481 124857.9356578162
117379.6906622037 125653.4296618603
118966.0889485000 122948.7500481103
118331.5296339815 126130.7260642868
117855.6101480926 129153.6032796544
119442.0084343889 122312.3548448750
117696.9703194630 127880.8128731838
117062.4110049445 124380.6392553897
122932.0846642407 125017.0344586250
119917.9279202778 121675.9596416397
121980.2456924630 127880.8128731838
121504.3262065741 127244.4176699485
120869.7668920556 124221.5404545809
122138.8855210926 121994.1572432573
118490.1694626111 129630.8996820809
119124.7287771296 121516.8608408309
121345.6863779444 126608.0224667132
122456.1651783518 125653.4296618603
119600.6482630185 124062.4416537721
118807.4491198704 126608.0224667132
122932.0846642407 126926.2200683309

124677.1227791667 125971.6272634779
117696.9703194630 126926.2200683309
123090.7244928704 121357.7620400221
119442.0084343889 127562.6152715662
122138.8855210926 127244.4176699485
121821.6058638333 121516.8608408309
119917.9279202778 127721.7140723750
118966.0889485000 121675.9596416397
118966.0889485000 126448.9236659044
120235.2075775370 127244.4176699485
120235.2075775370 122312.3548448750
118807.4491198704 122153.2560440662
118014.2499767222 127721.7140723750
119917.9279202778 121357.7620400221
119442.0084343889 128358.1092756103
122456.1651783518 126926.2200683309
120235.2075775370 125812.5284626691
120235.2075775370 121835.0584424485
121187.0465493148 127085.3188691397
118172.8898053518 128676.3068772279
118807.4491198704 123426.0464505368
120711.1270634259 121198.6632392132
120711.1270634259 128676.3068772279
119124.7287771296 124539.7380561985
119600.6482630185 121835.0584424485

119124.7287771296 125335.2320602426
124201.2032932778 123585.1452513456
121504.3262065741 127880.8128731838
119600.6482630185 124221.5404545809
118807.4491198704 122153.2560440662
120076.5677489074 122153.2560440662
118490.1694626111 131062.7888893603
119917.9279202778 124698.8368570074
118966.0889485000 124698.8368570074
122456.1651783518 122153.2560440662
121187.0465493148 128039.9116739927
118014.2499767222 122948.7500481103
119917.9279202778 127880.8128731838
118331.5296339815 124380.6392553897
121504.3262065741 122312.3548448750
118331.5296339815 129312.7020804632
117221.0508335741 124062.4416537721
119283.3686057593 121516.8608408309
120235.2075775370 129312.7020804632
119283.3686057593 121198.6632392132
120076.5677489074 127403.5164707574
124042.5634646481 125653.4296618603
118966.0889485000 126289.8248650956
119283.3686057593 127244.4176699485
119759.2880916481 122630.5524464927

