62550711.6500891373 303644.4736328125
59010782.6053916216 295932.9965820312
61509299.3129109368 302546.6132812500
62281154.0628745928 303351.9960937500
56747553.3107853085 233634.5998535156
57148025.9391765296 250745.6258544922
60628523.7430838943 299198.2763671875
58776263.1035942137 284083.2775878906
57232057.7642949745 255509.3745117188
58981624.6539525241 285560.4479980469
61034060.5619986355 300142.0556640625
57732773.3294656649 261321.4938964844
57710132.6117320582 260509.3466796875
61226867.3292358369 300636.9682617188
58451490.3150819987 282207.6503906250
57116321.0672198609 243798.7412109375
58443485.7209262624 277994.4487304688
58270809.2128066942 276466.8173828125
57770135.8555157036 273388.6169433594
57485263.7838656604 257473.7663574219
59814633.2974329740 298778.2778320312
