61591365.4621244073 305778.0576171875
62267571.6408925205 307143.0644531250
60262278.1436507702 305558.2656250000
57258155.3524083272 270790.8793945312
57466789.3474744484 273834.5522460938
58041672.7278055921 279929.7102050781
58005446.9335884601 276215.5625000000
57645750.7260718197 275790.7487792969
58009355.4519370198 279851.3642578125
64291603.3865157962 307518.6645507812
59471390.8764743507 298944.7290039062
57119395.5163836554 262746.4654541016
59854267.9658672437 301266.6572265625
58142040.3522231728 288506.5625000000
58715833.9616711289 291744.5778808594
62028365.3908757120 306645.3666992188
56377553.0843210220 259552.4003906250
59010782.6053916216 295932.9965820312
