57605517.6909551919 277378.8403320312
60320413.4894512966 306328.8398437500
59158974.1719076037 304730.7167968750
62267571.6408925205 307143.0644531250
60262278.1436507702 305558.2656250000
57258155.3524083272 270790.8793945312
57466789.3474744484 273834.5522460938
58041672.7278055921 279929.7102050781
58009355.4519370198 279851.3642578125
64291603.3865157962 307518.6645507812
57119395.5163836554 262746.4654541016
58142040.3522231728 288506.5625000000
58715833.9616711289 291744.5778808594
62028365.3908757120 306645.3666992188
56377553.0843210220 259552.4003906250
59010782.6053916216 295932.9965820312
