130339.2141339390 115982.7538206321
129368.1955494024 118840.1214251981
134061.4520413293 119951.3199380849
133252.2698875488 114871.5553077453
130501.0505646951 122332.4596085566
130824.7234262073 119316.3493592924
133575.9427490610 117252.6949782170
131633.9055799878 115347.7832418396
132766.7605952805 115982.7538206321
130339.2141339390 122332.4596085566
130986.5598569634 119157.6067145943
134546.9613335976 118681.3787805000
130339.2141339390 122173.7169638585
133899.6156105732 116141.4964653302
131957.5784415000 117411.4376229151

133414.1063183049 119316.3493592924
132928.5970260366 118998.8640698962
130824.7234262073 118840.1214251981
130177.3777031829 115665.2685312359
129368.1955494024 117570.1802676132
132119.4148722561 117411.4376229151
131472.0691492317 115347.7832418396
134061.4520413293 118522.6361358019
131148.3962877195 115982.7538206321
130501.0505646951 116617.7243994245
135032.4706258659 119475.0920039906
131795.7420107439 116935.2096888208
134708.7977643537 118998.8640698962
130015.5412724268 119316.3493592924
132604.9241645244 117728.9229123113

131310.2327184756 115824.0111759340
130501.0505646951 122173.7169638585
129853.7048416707 121856.2316744623
132928.5970260366 119157.6067145943
134385.1249028415 119157.6067145943
131633.9055799878 118522.6361358019
130501.0505646951 119475.0920039906
129691.8684109146 116776.4670441226
131795.7420107439 115665.2685312359
129206.3591186464 115824.0111759340
134061.4520413293 117887.6655570094
129368.1955494024 118522.6361358019
134385.1249028415 120586.2905168774
133252.2698875488 115506.5258865377
130177.3777031829 122491.2022532547

129530.0319801585 116458.9817547264
131148.3962877195 119792.5772933868
134061.4520413293 117728.9229123113
132766.7605952805 118998.8640698962
133575.9427490610 118046.4082017076
130177.3777031829 122173.7169638585
134385.1249028415 114712.8126630472
134870.6341951098 116935.2096888208
131633.9055799878 118363.8934911038
132281.2513030122 118998.8640698962
129368.1955494024 118363.8934911038
129691.8684109146 120110.0625827830
128882.6862571341 115824.0111759340
130986.5598569634 121380.0037403679
133090.4334567927 118998.8640698962

129853.7048416707 116776.4670441226
135032.4706258659 119951.3199380849
130824.7234262073 120268.8052274811
130339.2141339390 118046.4082017076
130662.8869954512 116617.7243994245
131957.5784415000 117411.4376229151
129044.5226878902 115665.2685312359
134546.9613335976 119316.3493592924
132928.5970260366 119157.6067145943
133899.6156105732 115665.2685312359
129368.1955494024 118046.4082017076
130015.5412724268 122173.7169638585
134061.4520413293 116458.9817547264
135032.4706258659 120903.7758062736
133737.7791798171 115506.5258865377

134385.1249028415 119633.8346486887
129368.1955494024 118046.4082017076
130986.5598569634 116776.4670441226
131795.7420107439 117411.4376229151
134385.1249028415 119951.3199380849
129530.0319801585 118046.4082017076
130662.8869954512 118363.8934911038
130986.5598569634 121380.0037403679
132443.0877337683 118046.4082017076
129206.3591186464 116141.4964653302
129853.7048416707 118046.4082017076
129530.0319801585 116617.7243994245
133899.6156105732 117570.1802676132
134870.6341951098 117570.1802676132
133414.1063183049 116617.7243994245

130177.3777031829 122173.7169638585
130177.3777031829 118205.1508464057
129368.1955494024 116617.7243994245
129530.0319801585 118363.8934911038
130339.2141339390 121697.4890297642
133090.4334567927 117093.9523335189
132281.2513030122 118205.1508464057
134223.2884720854 119951.3199380849
134708.7977643537 119475.0920039906
129044.5226878902 116458.9817547264
134223.2884720854 117411.4376229151
131472.0691492317 118363.8934911038
133575.9427490610 115506.5258865377
132281.2513030122 116617.7243994245
131148.3962877195 116300.2391100283

129530.0319801585 119792.5772933868
133575.9427490610 115347.7832418396
134061.4520413293 116776.4670441226
130986.5598569634 119157.6067145943
134385.1249028415 117411.4376229151
129530.0319801585 120110.0625827830
134546.9613335976 120427.5478721792
130662.8869954512 121856.2316744623
132766.7605952805 118998.8640698962
130339.2141339390 121856.2316744623
130339.2141339390 122014.9743191604
131472.0691492317 118363.8934911038
133575.9427490610 116776.4670441226
134870.6341951098 116776.4670441226
132604.9241645244 119157.6067145943

130986.5598569634 116935.2096888208
134708.7977643537 120110.0625827830
135032.4706258659 119633.8346486887
133737.7791798171 115506.5258865377
131795.7420107439 116776.4670441226
130501.0505646951 116458.9817547264
130824.7234262073 115347.7832418396
129691.8684109146 118205.1508464057
133090.4334567927 119157.6067145943
132604.9241645244 116300.2391100283
131310.2327184756 115347.7832418396
134385.1249028415 119792.5772933868
128882.6862571341 115982.7538206321
130177.3777031829 122332.4596085566
132119.4148722561 115506.5258865377

134546.9613335976 116935.2096888208
133737.7791798171 115665.2685312359
133737.7791798171 117093.9523335189
133414.1063183049 116935.2096888208
129853.7048416707 116617.7243994245
130824.7234262073 121856.2316744623
131957.5784415000 117411.4376229151
135194.3070566220 121221.2610956698
134708.7977643537 119792.5772933868
135032.4706258659 120745.0331615755
131310.2327184756 115506.5258865377
130986.5598569634 118522.6361358019
130177.3777031829 122014.9743191604
134546.9613335976 116617.7243994245
132766.7605952805 119316.3493592924

131472.0691492317 116935.2096888208
133252.2698875488 115824.0111759340
134061.4520413293 117252.6949782170
131957.5784415000 115665.2685312359
131148.3962877195 116776.4670441226
129691.8684109146 118205.1508464057
134546.9613335976 116300.2391100283
132928.5970260366 119475.0920039906
132604.9241645244 118840.1214251981
135032.4706258659 120110.0625827830
128882.6862571341 115824.0111759340
130015.5412724268 116141.4964653302
129368.1955494024 119157.6067145943
134385.1249028415 119475.0920039906
130339.2141339390 118205.1508464057

131795.7420107439 115824.0111759340
130339.2141339390 118363.8934911038
134061.4520413293 116617.7243994245
128882.6862571341 116141.4964653302
129206.3591186464 118046.4082017076
135032.4706258659 120745.0331615755
132766.7605952805 116141.4964653302
132443.0877337683 116141.4964653302
133252.2698875488 116776.4670441226
134385.1249028415 119475.0920039906
130015.5412724268 116776.4670441226
129691.8684109146 118998.8640698962
134870.6341951098 116617.7243994245
130986.5598569634 115824.0111759340
133575.9427490610 116458.9817547264

129530.0319801585 116617.7243994245
131148.3962877195 115506.5258865377
132443.0877337683 116458.9817547264
132119.4148722561 117570.1802676132
133090.4334567927 115506.5258865377
133737.7791798171 115506.5258865377
133252.2698875488 118840.1214251981
134223.2884720854 119157.6067145943
130662.8869954512 118363.8934911038
130986.5598569634 118998.8640698962
132766.7605952805 118998.8640698962
134061.4520413293 117252.6949782170
130339.2141339390 117887.6655570094
130177.3777031829 122173.7169638585
133737.7791798171 117411.4376229151

