120531.5112558421 114729.7706590028
126099.9434319825 114568.2088137719
124508.9628102281 115699.1417303882
126895.4337428596 113760.3995876173
119258.7267584386 113598.8377423864
126418.1395563333 114083.5232780791
122281.5899397719 113921.9614328482
121486.0996288947 114891.3325042337
120690.6093180175 115699.1417303882
120531.5112558421 115052.8943494646
124668.0608724035 113275.7140519246
123236.1783128245 114568.2088137719
121963.3938154210 114891.3325042337
124986.2569967544 115214.4561946955
121486.0996288947 112952.5903614627
127372.7279293860 116668.5128017737
121963.3938154210 113921.9614328482
121327.0015667193 114729.7706590028
125145.3550589298 115537.5798851573
124668.0608724035 115052.8943494646

119099.6286962632 113760.3995876173
120849.7073801930 115214.4561946955
121486.0996288947 114245.0851233100
122281.5899397719 115052.8943494646
121327.0015667193 112952.5903614627
120054.2170693158 116830.0746470046
120690.6093180175 116345.3891113118
122281.5899397719 114729.7706590028
120531.5112558421 117637.8838731591
124190.7666858772 112952.5903614627
121963.3938154210 114568.2088137719
126099.9434319825 116183.8272660810
121486.0996288947 114568.2088137719
124031.6686237018 115537.5798851573
125622.6492454561 114245.0851233100
126577.2376185088 113921.9614328482
124668.0608724035 115052.8943494646
124986.2569967544 116022.2654208500
121804.2957532456 114729.7706590028
125304.4531211053 113760.3995876173

124986.2569967544 115860.7035756191
126259.0414941579 113760.3995876173
120849.7073801930 116183.8272660810
123554.3744371754 113921.9614328482
124349.8647480526 113275.7140519246
127690.9240537368 116345.3891113118
122281.5899397719 113760.3995876173
120054.2170693158 112791.0285162318
121645.1976910702 114729.7706590028
122281.5899397719 115052.8943494646
124031.6686237018 115052.8943494646
120372.4131936667 112791.0285162318
119417.8248206140 115052.8943494646
125304.4531211053 113598.8377423864
121327.0015667193 113114.1522066937
125622.6492454561 114729.7706590028
124668.0608724035 113921.9614328482
127213.6298672105 116022.2654208500
119736.0209449649 112629.4666710009
120054.2170693158 116506.9509565428

126895.4337428596 116668.5128017737
127372.7279293860 116830.0746470046
121008.8054423684 113921.9614328482
125622.6492454561 113275.7140519246
120531.5112558421 114568.2088137719
119258.7267584386 114568.2088137719
126577.2376185088 113921.9614328482
118940.5306340877 114083.5232780791
121327.0015667193 113921.9614328482
120372.4131936667 117153.1983374664
120054.2170693158 114729.7706590028
124190.7666858772 113760.3995876173
124508.9628102281 115537.5798851573
127850.0221159123 116345.3891113118
121963.3938154210 113598.8377423864
121645.1976910702 114891.3325042337
119576.9228827895 115214.4561946955
124190.7666858772 114891.3325042337
125304.4531211053 114891.3325042337
124668.0608724035 114245.0851233100

120849.7073801930 116668.5128017737
121486.0996288947 114245.0851233100
126577.2376185088 114245.0851233100
124349.8647480526 113114.1522066937
124668.0608724035 115376.0180399264
127850.0221159123 116022.2654208500
125304.4531211053 114406.6469685409
126736.3356806842 115699.1417303882
121963.3938154210 115052.8943494646
122917.9821884737 114891.3325042337
121167.9035045439 113275.7140519246
127054.5318050351 115376.0180399264
126259.0414941579 113275.7140519246
123872.5705615263 115699.1417303882
119736.0209449649 111660.0955996155
120054.2170693158 115052.8943494646
124986.2569967544 114729.7706590028
120372.4131936667 116668.5128017737
120849.7073801930 117153.1983374664
122440.6880019474 113921.9614328482

127372.7279293860 115214.4561946955
119258.7267584386 114891.3325042337
124986.2569967544 113437.2758971555
125304.4531211053 116022.2654208500
124031.6686237018 115537.5798851573
126736.3356806842 115376.0180399264
122758.8841262982 113760.3995876173
121327.0015667193 113921.9614328482
126099.9434319825 115214.4561946955
124349.8647480526 113114.1522066937
122122.4918775965 113760.3995876173
123236.1783128245 115376.0180399264
125622.6492454561 114083.5232780791
120213.3151314912 112629.4666710009
121486.0996288947 114891.3325042337
126418.1395563333 116183.8272660810
120531.5112558421 115860.7035756191
120849.7073801930 116991.6364922355
119736.0209449649 113760.3995876173
121804.2957532456 113275.7140519246

126259.0414941579 112629.4666710009
120054.2170693158 115860.7035756191
121486.0996288947 114245.0851233100
119736.0209449649 112144.7811353082
122758.8841262982 113598.8377423864
127054.5318050351 115537.5798851573
125145.3550589298 114406.6469685409
124190.7666858772 113437.2758971555
126577.2376185088 114245.0851233100
125622.6492454561 113114.1522066937
121963.3938154210 113275.7140519246
120849.7073801930 115860.7035756191
127372.7279293860 114891.3325042337
124508.9628102281 114245.0851233100
124031.6686237018 115537.5798851573
119258.7267584386 113114.1522066937
127850.0221159123 116022.2654208500
125940.8453698070 114568.2088137719
120372.4131936667 116668.5128017737
126259.0414941579 115214.4561946955

126577.2376185088 116345.3891113118
123395.2763750000 115214.4561946955
119258.7267584386 113437.2758971555
124986.2569967544 115214.4561946955
127531.8259915614 115860.7035756191
125940.8453698070 113275.7140519246
120849.7073801930 114245.0851233100
121804.2957532456 114568.2088137719
121327.0015667193 114245.0851233100
121645.1976910702 114406.6469685409
127213.6298672105 116345.3891113118
122599.7860641228 114406.6469685409
125622.6492454561 114083.5232780791
126577.2376185088 113275.7140519246
122281.5899397719 114245.0851233100
121327.0015667193 114729.7706590028
120372.4131936667 116991.6364922355
126895.4337428596 116668.5128017737
121327.0015667193 114568.2088137719
124986.2569967544 112952.5903614627

124827.1589345789 114891.3325042337
122122.4918775965 113437.2758971555
120531.5112558421 117314.7601826973
121804.2957532456 114568.2088137719
120531.5112558421 115052.8943494646
127213.6298672105 116668.5128017737
119417.8248206140 112629.4666710009
125304.4531211053 114083.5232780791
121804.2957532456 115052.8943494646
127372.7279293860 116022.2654208500
126259.0414941579 113275.7140519246
127690.9240537368 116506.9509565428
124668.0608724035 113598.8377423864
127054.5318050351 114083.5232780791
124031.6686237018 115052.8943494646
121486.0996288947 113275.7140519246
123077.0802506491 115052.8943494646
120531.5112558421 113275.7140519246
120054.2170693158 116668.5128017737
121167.9035045439 114083.5232780791

124190.7666858772 114729.7706590028
123395.2763750000 114891.3325042337
123077.0802506491 113437.2758971555
121963.3938154210 114729.7706590028
127850.0221159123 116345.3891113118
120213.3151314912 114568.2088137719
121167.9035045439 114406.6469685409
119099.6286962632 114406.6469685409
126736.3356806842 113760.3995876173
126418.1395563333 115537.5798851573
122281.5899397719 114406.6469685409
123713.4724993509 114568.2088137719
126736.3356806842 116183.8272660810
125622.6492454561 115537.5798851573
126099.9434319825 114406.6469685409
125145.3550589298 113760.3995876173
119736.0209449649 116022.2654208500
127054.5318050351 114729.7706590028
120690.6093180175 117799.4457183901
120531.5112558421 112791.0285162318

123872.5705615263 115376.0180399264
121804.2957532456 114729.7706590028
126259.0414941579 113275.7140519246
120849.7073801930 116183.8272660810
125145.3550589298 113598.8377423864
124508.9628102281 113275.7140519246
122599.7860641228 113598.8377423864
127690.9240537368 116183.8272660810
124827.1589345789 114891.3325042337
121963.3938154210 115052.8943494646
121486.0996288947 114729.7706590028
120372.4131936667 116830.0746470046
122281.5899397719 115052.8943494646
120213.3151314912 116506.9509565428
126895.4337428596 116506.9509565428
122122.4918775965 114083.5232780791
124508.9628102281 115376.0180399264
119576.9228827895 115537.5798851573
120531.5112558421 116345.3891113118
125781.7473076316 115376.0180399264

124190.7666858772 114729.7706590028
123872.5705615263 114406.6469685409
119258.7267584386 114245.0851233100
120213.3151314912 115214.4561946955
121167.9035045439 114406.6469685409
124986.2569967544 115376.0180399264
123554.3744371754 114406.6469685409
121963.3938154210 114568.2088137719
121645.1976910702 113760.3995876173
127054.5318050351 114891.3325042337
124668.0608724035 114568.2088137719
123236.1783128245 113921.9614328482
122281.5899397719 115052.8943494646
125304.4531211053 115052.8943494646
125940.8453698070 113921.9614328482
120531.5112558421 112791.0285162318
120849.7073801930 116668.5128017737
119895.1190071403 112629.4666710009
125463.5511832807 114245.0851233100
126259.0414941579 116022.2654208500

122281.5899397719 113437.2758971555
121167.9035045439 113437.2758971555
124827.1589345789 115214.4561946955
126736.3356806842 115052.8943494646
126418.1395563333 116506.9509565428
119736.0209449649 112791.0285162318
127372.7279293860 116506.9509565428
125940.8453698070 113921.9614328482
121804.2957532456 114406.6469685409
125145.3550589298 115376.0180399264
121645.1976910702 113760.3995876173
126418.1395563333 113760.3995876173
120372.4131936667 116991.6364922355
126259.0414941579 114891.3325042337
127054.5318050351 114083.5232780791
124031.6686237018 115699.1417303882
124349.8647480526 114891.3325042337
125145.3550589298 115699.1417303882
120054.2170693158 116345.3891113118
123236.1783128245 115214.4561946955

127213.6298672105 114568.2088137719
122122.4918775965 114568.2088137719
122440.6880019474 113598.8377423864
120213.3151314912 112144.7811353082
125940.8453698070 114245.0851233100
121804.2957532456 113275.7140519246
119417.8248206140 112791.0285162318
125304.4531211053 114891.3325042337
125145.3550589298 113921.9614328482
121167.9035045439 112629.4666710009
121486.0996288947 114729.7706590028
124349.8647480526 114083.5232780791
125622.6492454561 116183.8272660810
124827.1589345789 114245.0851233100
120372.4131936667 116830.0746470046
119895.1190071403 115537.5798851573
119099.6286962632 114406.6469685409
120531.5112558421 114891.3325042337
124031.6686237018 115699.1417303882
123236.1783128245 114568.2088137719

127213.6298672105 115214.4561946955
123713.4724993509 114568.2088137719
124986.2569967544 115376.0180399264
121327.0015667193 113921.9614328482
126577.2376185088 113760.3995876173
124508.9628102281 115860.7035756191
125304.4531211053 112952.5903614627
120372.4131936667 116668.5128017737
122440.6880019474 113437.2758971555
127531.8259915614 115699.1417303882
125940.8453698070 114245.0851233100
127850.0221159123 116022.2654208500
120849.7073801930 115214.4561946955
125622.6492454561 113921.9614328482
122122.4918775965 113437.2758971555
121645.1976910702 114245.0851233100
120531.5112558421 113114.1522066937
122599.7860641228 114891.3325042337
126895.4337428596 116345.3891113118
119736.0209449649 112629.4666710009

121486.0996288947 113598.8377423864
119736.0209449649 115537.5798851573
121167.9035045439 114568.2088137719
121804.2957532456 113760.3995876173
122122.4918775965 114083.5232780791
124668.0608724035 114406.6469685409
121486.0996288947 114245.0851233100
118940.5306340877 113760.3995876173
124827.1589345789 115052.8943494646
124031.6686237018 115376.0180399264
124190.7666858772 115052.8943494646
121963.3938154210 113598.8377423864
123077.0802506491 115052.8943494646
122281.5899397719 114891.3325042337
118940.5306340877 113921.9614328482
127213.6298672105 116183.8272660810
127690.9240537368 116830.0746470046
125940.8453698070 114083.5232780791
121804.2957532456 115052.8943494646
126418.1395563333 114083.5232780791

