46627208.0635514557 393.4257035255
49893781.4560925663 491.2026777267
48007897.4962766394 469.3369188309
48315247.2588821650 480.7204422951
49917775.4811427295 491.4963388443
49906083.9118679762 491.4749298096
46662794.3811826482 428.1876142025
47587364.7855513096 441.9710803032
50459227.9895160794 501.8891267776
47427802.9026454613 436.8508174419
50046341.8502110168 496.4478292465
47630808.0335862562 451.1417496204
49178110.1214453503 489.9546804428
49206681.1186468080 490.2976284027
46346521.0300186202 369.6898109913
