48962149.6768028736 477.2246551514
50046341.8502110168 496.4478292465
48489017.9814349413 474.1452684402
47630808.0335862562 451.1417496204
47547881.3371738270 419.3873825073
49178110.1214453503 489.9546804428
49206681.1186468080 490.2976284027
47168328.3400007784 387.2190463543
47270930.7103158236 393.5923902988
46346521.0300186202 369.6898109913
48213537.3192677349 453.3760843277
50679029.2087184787 497.6657309532
46945096.4473781213 380.5696541071
47157531.1233615950 382.0052488744
47334970.9180433601 400.5564814806
48255832.7490435541 456.4182939529
47626373.1360870674 441.4024863243
47545439.0225618556 404.8352885246
