48027809.5027701557 453.8334279060
49917775.4811427295 491.4963388443
46661361.6576405093 387.2677841187
48396019.7871012911 466.1910328865
48878240.9710315317 479.2500572205
48788803.8292511925 475.2267405987
48034611.2289034799 465.3329141140
48398564.7204482108 473.3517627716
49906083.9118679762 491.4749298096
46662794.3811826482 428.1876142025
47587364.7855513096 441.9710803032
49076692.5750616938 480.5777692795
50459227.9895160794 501.8891267776
47427802.9026454613 436.8508174419
50046341.8502110168 496.4478292465
48489017.9814349413 474.1452684402
47630808.0335862562 451.1417496204
49178110.1214453503 489.9546804428
49206681.1186468080 490.2976284027
46346521.0300186202 369.6898109913
