48213537.3192677349 453.3760843277
48781220.4215509519 470.5273795128
50679029.2087184787 497.6657309532
46945096.4473781213 380.5696541071
47924143.9166984856 441.7383084297
47549273.0277946740 405.6494905949
49920317.5713162944 479.4517116547
47157531.1233615950 382.0052488744
47334970.9180433601 400.5564814806
49924550.1402481869 484.4267249107
48255832.7490435541 456.4182939529
49112601.7117305174 474.8991861343
50393469.4068481550 487.6208317280
47626373.1360870674 441.4024863243
48023959.0092973560 444.1119546890
47896667.2180982754 441.5675035715
47545439.0225618556 404.8352885246
46639545.7761333212 362.7959883213
