48375898.3083249107 457.8678545952
49906083.9118679762 491.4749298096
46662794.3811826482 428.1876142025
48462102.2613279447 465.0429797173
48441081.0515615493 459.3442869186
47587364.7855513096 441.9710803032
48922523.0893447623 475.6057081223
48066840.7087635323 453.8297500610
49076692.5750616938 480.5777692795
50459227.9895160794 501.8891267776
47427802.9026454613 436.8508174419
48172892.8351272792 454.1639051437
48962149.6768028736 477.2246551514
50046341.8502110168 496.4478292465
48489017.9814349413 474.1452684402
47630808.0335862562 451.1417496204
49178110.1214453503 489.9546804428
49206681.1186468080 490.2976284027
46346521.0300186202 369.6898109913
48255832.7490435541 456.4182939529
