120531.5112558421 116506.9509565428
126736.3356806842 116345.3891113118
124827.1589345789 112952.5903614627
121486.0996288947 114406.6469685409
119576.9228827895 113437.2758971555
126736.3356806842 114083.5232780791
122122.4918775965 113760.3995876173
120213.3151314912 115537.5798851573
122917.9821884737 113437.2758971555
121963.3938154210 113921.9614328482
124827.1589345789 115214.4561946955
120849.7073801930 117961.0075636210
119736.0209449649 112306.3429805391
122281.5899397719 115052.8943494646
120849.7073801930 118768.8167897755
126577.2376185088 113437.2758971555
122281.5899397719 115214.4561946955
126895.4337428596 116668.5128017737
121645.1976910702 114406.6469685409
121804.2957532456 114891.3325042337

120213.3151314912 116506.9509565428
121645.1976910702 113921.9614328482
120690.6093180175 115376.0180399264
122917.9821884737 114568.2088137719
120849.7073801930 116022.2654208500
122758.8841262982 113275.7140519246
126259.0414941579 112791.0285162318
127213.6298672105 116183.8272660810
121167.9035045439 113114.1522066937
121804.2957532456 113437.2758971555
119736.0209449649 111983.2192900773
126736.3356806842 115376.0180399264
123713.4724993509 115376.0180399264
119736.0209449649 111660.0955996155
120849.7073801930 116991.6364922355
127213.6298672105 116668.5128017737
120849.7073801930 116183.8272660810
122599.7860641228 115052.8943494646
126895.4337428596 114245.0851233100
126418.1395563333 113760.3995876173

125463.5511832807 113437.2758971555
121486.0996288947 113114.1522066937
126895.4337428596 115214.4561946955
119576.9228827895 111983.2192900773
120372.4131936667 114891.3325042337
127372.7279293860 114891.3325042337
124031.6686237018 114891.3325042337
126099.9434319825 112629.4666710009
124668.0608724035 114568.2088137719
119736.0209449649 111660.0955996155
126099.9434319825 116022.2654208500
120849.7073801930 117476.3220279282
124190.7666858772 115214.4561946955
126895.4337428596 116345.3891113118
122599.7860641228 114245.0851233100
120372.4131936667 114729.7706590028
119736.0209449649 112306.3429805391
120849.7073801930 117153.1983374664
120690.6093180175 115537.5798851573
126099.9434319825 113921.9614328482

120849.7073801930 117637.8838731591
122122.4918775965 114083.5232780791
121645.1976910702 112952.5903614627
124508.9628102281 114406.6469685409
126895.4337428596 114245.0851233100
120690.6093180175 114891.3325042337
121804.2957532456 114729.7706590028
120690.6093180175 115052.8943494646
122281.5899397719 113760.3995876173
121963.3938154210 113275.7140519246
120531.5112558421 112306.3429805391
126736.3356806842 113598.8377423864
120690.6093180175 116022.2654208500
125145.3550589298 115537.5798851573
119895.1190071403 115537.5798851573
121008.8054423684 114568.2088137719
120690.6093180175 112467.9048257700
120531.5112558421 117153.1983374664
120690.6093180175 115214.4561946955
124508.9628102281 115052.8943494646

121645.1976910702 113437.2758971555
120372.4131936667 117153.1983374664
120372.4131936667 117314.7601826973
120213.3151314912 113760.3995876173
119417.8248206140 112467.9048257700
126418.1395563333 113275.7140519246
119417.8248206140 114891.3325042337
120213.3151314912 115376.0180399264
127372.7279293860 116830.0746470046
119576.9228827895 112144.7811353082
121963.3938154210 114568.2088137719
126736.3356806842 114245.0851233100
126577.2376185088 115537.5798851573
123872.5705615263 115537.5798851573
127372.7279293860 115052.8943494646
127531.8259915614 116183.8272660810
120054.2170693158 111983.2192900773
121167.9035045439 112952.5903614627
119417.8248206140 112629.4666710009
120531.5112558421 116345.3891113118

125940.8453698070 116183.8272660810
126736.3356806842 114568.2088137719
122122.4918775965 114083.5232780791
126577.2376185088 113275.7140519246
118940.5306340877 113921.9614328482
119895.1190071403 115052.8943494646
120849.7073801930 118768.8167897755
127531.8259915614 116506.9509565428
124668.0608724035 113114.1522066937
120690.6093180175 117637.8838731591
120849.7073801930 115376.0180399264
126418.1395563333 112629.4666710009
119895.1190071403 113598.8377423864
127054.5318050351 116506.9509565428
126895.4337428596 114245.0851233100
126418.1395563333 112791.0285162318
122122.4918775965 113598.8377423864
120531.5112558421 114406.6469685409
126895.4337428596 115860.7035756191
127690.9240537368 116830.0746470046

119736.0209449649 111660.0955996155
121963.3938154210 114406.6469685409
126259.0414941579 113760.3995876173
125145.3550589298 113921.9614328482
124827.1589345789 114245.0851233100
119576.9228827895 112144.7811353082
120054.2170693158 116506.9509565428
120531.5112558421 116183.8272660810
121645.1976910702 113275.7140519246
124031.6686237018 114891.3325042337
120054.2170693158 116830.0746470046
125940.8453698070 116022.2654208500
121486.0996288947 114406.6469685409
121167.9035045439 112629.4666710009
124668.0608724035 115052.8943494646
127054.5318050351 116506.9509565428
121327.0015667193 113760.3995876173
121645.1976910702 113437.2758971555
124190.7666858772 115699.1417303882
125622.6492454561 114729.7706590028

126577.2376185088 113921.9614328482
119895.1190071403 115860.7035756191
127213.6298672105 116668.5128017737
124668.0608724035 114891.3325042337
120690.6093180175 115214.4561946955
120054.2170693158 112629.4666710009
121167.9035045439 113921.9614328482
120690.6093180175 117314.7601826973
124668.0608724035 114245.0851233100
119576.9228827895 112306.3429805391
123872.5705615263 113114.1522066937
127213.6298672105 116183.8272660810
124508.9628102281 114568.2088137719
122758.8841262982 115214.4561946955
120849.7073801930 118607.2549445446
121804.2957532456 113598.8377423864
120213.3151314912 113437.2758971555
121327.0015667193 113114.1522066937
126418.1395563333 116345.3891113118
126895.4337428596 116022.2654208500

121804.2957532456 114891.3325042337
121167.9035045439 114568.2088137719
124508.9628102281 115860.7035756191
121486.0996288947 114568.2088137719
125304.4531211053 114406.6469685409
124668.0608724035 115537.5798851573
121486.0996288947 113437.2758971555
121167.9035045439 114406.6469685409
125781.7473076316 112791.0285162318
125145.3550589298 114729.7706590028
121645.1976910702 114568.2088137719
123713.4724993509 113760.3995876173
124190.7666858772 115699.1417303882
122281.5899397719 114245.0851233100
124668.0608724035 115699.1417303882
126895.4337428596 113760.3995876173
126736.3356806842 116345.3891113118
120690.6093180175 113275.7140519246
127054.5318050351 115699.1417303882
127372.7279293860 116830.0746470046

126418.1395563333 113437.2758971555
124508.9628102281 113598.8377423864
119736.0209449649 111983.2192900773
120690.6093180175 117476.3220279282
127372.7279293860 116668.5128017737
120054.2170693158 116345.3891113118
120054.2170693158 113114.1522066937
122917.9821884737 114729.7706590028
120849.7073801930 115860.7035756191
124668.0608724035 115699.1417303882
120690.6093180175 117799.4457183901
119895.1190071403 112791.0285162318
119895.1190071403 115214.4561946955
122440.6880019474 113921.9614328482
126099.9434319825 114083.5232780791
121645.1976910702 114245.0851233100
120849.7073801930 118445.6930993137
120372.4131936667 116991.6364922355
121486.0996288947 112952.5903614627
126418.1395563333 112629.4666710009

126418.1395563333 114568.2088137719
121167.9035045439 114245.0851233100
122599.7860641228 114729.7706590028
119895.1190071403 112467.9048257700
120849.7073801930 114245.0851233100
121963.3938154210 114568.2088137719
124986.2569967544 115214.4561946955
124986.2569967544 115860.7035756191
121804.2957532456 113921.9614328482
127531.8259915614 116345.3891113118
121804.2957532456 113760.3995876173
126577.2376185088 113760.3995876173
121804.2957532456 114891.3325042337
120849.7073801930 115214.4561946955
127054.5318050351 116506.9509565428
126577.2376185088 116183.8272660810
121963.3938154210 114891.3325042337
127213.6298672105 116022.2654208500
126418.1395563333 114729.7706590028
120531.5112558421 114083.5232780791

127213.6298672105 116668.5128017737
120690.6093180175 117637.8838731591
121804.2957532456 113437.2758971555
120531.5112558421 115376.0180399264
120372.4131936667 116022.2654208500
119258.7267584386 114083.5232780791
124668.0608724035 115860.7035756191
126577.2376185088 115214.4561946955
119417.8248206140 114729.7706590028
120849.7073801930 117314.7601826973
124508.9628102281 114891.3325042337
119736.0209449649 112467.9048257700
120849.7073801930 118607.2549445446
120372.4131936667 116183.8272660810
123236.1783128245 115052.8943494646
125304.4531211053 113760.3995876173
121963.3938154210 114083.5232780791
119895.1190071403 112791.0285162318
119736.0209449649 112306.3429805391
119417.8248206140 114406.6469685409

123395.2763750000 114729.7706590028
119895.1190071403 116183.8272660810
120690.6093180175 118122.5694088519
126577.2376185088 116183.8272660810
120849.7073801930 118768.8167897755
124190.7666858772 113437.2758971555
120849.7073801930 115537.5798851573
120690.6093180175 117637.8838731591
120054.2170693158 116506.9509565428
120213.3151314912 112791.0285162318
119895.1190071403 112144.7811353082
119099.6286962632 113598.8377423864
119736.0209449649 115537.5798851573
120690.6093180175 114568.2088137719
119099.6286962632 113437.2758971555
120531.5112558421 114891.3325042337
120849.7073801930 115860.7035756191
124031.6686237018 114245.0851233100
122917.9821884737 113921.9614328482
123872.5705615263 115214.4561946955

126577.2376185088 115699.1417303882
120690.6093180175 116991.6364922355
127372.7279293860 116345.3891113118
126418.1395563333 112791.0285162318
126577.2376185088 114891.3325042337
126895.4337428596 113921.9614328482
122599.7860641228 113437.2758971555
120213.3151314912 116668.5128017737
120372.4131936667 117476.3220279282
127531.8259915614 116830.0746470046
124827.1589345789 114083.5232780791
125622.6492454561 113114.1522066937
120213.3151314912 116506.9509565428
120690.6093180175 112306.3429805391
125304.4531211053 115052.8943494646
125145.3550589298 113760.3995876173
121645.1976910702 114891.3325042337
120531.5112558421 117637.8838731591
122122.4918775965 114406.6469685409
126577.2376185088 113437.2758971555

120531.5112558421 115376.0180399264
124190.7666858772 115376.0180399264
121804.2957532456 113760.3995876173
122440.6880019474 114083.5232780791
127213.6298672105 116506.9509565428
127690.9240537368 115699.1417303882
119736.0209449649 111821.6574448464
120531.5112558421 116506.9509565428
120531.5112558421 115537.5798851573
127054.5318050351 116183.8272660810
124349.8647480526 114891.3325042337
126418.1395563333 114891.3325042337
126099.9434319825 114568.2088137719
125622.6492454561 115376.0180399264
126099.9434319825 112791.0285162318
121327.0015667193 112791.0285162318
121327.0015667193 114891.3325042337
126418.1395563333 113275.7140519246
121167.9035045439 114568.2088137719
120690.6093180175 117637.8838731591

127054.5318050351 114568.2088137719
120849.7073801930 115699.1417303882
120690.6093180175 116668.5128017737
124349.8647480526 115537.5798851573
121804.2957532456 114891.3325042337
124508.9628102281 115860.7035756191
126736.3356806842 114083.5232780791
126736.3356806842 113921.9614328482
121008.8054423684 114245.0851233100
124986.2569967544 114245.0851233100
121645.1976910702 114568.2088137719
122281.5899397719 113437.2758971555
119895.1190071403 115376.0180399264
120849.7073801930 112952.5903614627
125463.5511832807 113760.3995876173
120849.7073801930 118284.1312540828
120372.4131936667 117314.7601826973
124031.6686237018 113114.1522066937
124986.2569967544 115052.8943494646
120849.7073801930 117961.0075636210

