46473302.8683799058 1921.3372077942
48463241.1839095354 2123.9895610809
49414573.6097648665 2238.1145935059
47083232.6730120406 2028.6127490997
48757239.1571195051 2150.5676918030
48630626.1873567775 2139.6779766083
46905333.0211784616 1983.2963275909
48354204.2774683237 2118.7591276169
46005034.2560970783 1530.8025497794
48784889.4648209214 2167.0501689911
46307731.7973941714 1596.7247004509
48821672.9382016212 2217.7519302368
50670541.2492108792 2238.8824996948
47819883.5266108662 2079.0774402618
47975031.1909115762 2098.2357559204
47287041.1996604949 2072.2223358154
