47038663.3095829561 1929.7820549011
48784889.4648209214 2167.0501689911
46307731.7973941714 1596.7247004509
46604537.2657666653 1810.5138198137
48821672.9382016212 2217.7519302368
50670541.2492108792 2238.8824996948
47819883.5266108662 2079.0774402618
50207417.5121426135 2227.6993846893
47221870.3139438331 1944.0040006638
48480484.9106476158 2105.4847488403
47975031.1909115762 2098.2357559204
46883618.6098626107 1886.5415182114
47275396.4000536054 1992.2256469727
47287041.1996604949 2072.2223358154
46525289.8775033355 1758.0579293966
46510975.7688213363 1597.9975376129
