112156.1050433839 120608.6334320851
112315.3168891161 120447.8305441702
112474.5287348482 120608.6334320851
113429.7998092411 123020.6767508085
117410.0959525447 123503.0854145532
111519.2576604554 119804.6189925106
112156.1050433839 119804.6189925106
112792.9524263125 120769.4363200000
112156.1050433839 119965.4218804255
114225.8590379018 123181.4796387234

115817.9774952232 122377.4651991489
112315.3168891161 123342.2825266383
113907.4353464375 123181.4796387234
112474.5287348482 122699.0709749787
112315.3168891161 120608.6334320851
110404.7747403304 119804.6189925106
112474.5287348482 121091.0420958298
112315.3168891161 120930.2392079149
111837.6813519196 119804.6189925106
111678.4695061875 120608.6334320851

111837.6813519196 119804.6189925106
112474.5287348482 121091.0420958298
112156.1050433839 123020.6767508085
110404.7747403304 119804.6189925106
114225.8590379018 123181.4796387234
111996.8931976518 122538.2680870638
111996.8931976518 122055.8594233192
111996.8931976518 120287.0276562553
118206.1551812054 123985.4940782979
115181.1301122946 121734.2536474894

112315.3168891161 122859.8738628936
111996.8931976518 120287.0276562553
112315.3168891161 120287.0276562553
112474.5287348482 121091.0420958298
110563.9865860625 120126.2247683404
114703.4945750982 121573.4507595745
111837.6813519196 121091.0420958298
111996.8931976518 122055.8594233192
111996.8931976518 120126.2247683404
110245.5628945982 119161.4074408510

