126418.1395563333 112629.4666710009
121008.8054423684 114568.2088137719
124827.1589345789 113437.2758971555
124349.8647480526 113760.3995876173
120372.4131936667 112629.4666710009
119736.0209449649 113760.3995876173
127054.5318050351 116668.5128017737
119099.6286962632 114083.5232780791
120213.3151314912 116830.0746470046
124827.1589345789 115699.1417303882
124190.7666858772 114245.0851233100
124190.7666858772 115537.5798851573
127372.7279293860 116668.5128017737
126259.0414941579 114083.5232780791
121327.0015667193 114891.3325042337
121804.2957532456 114083.5232780791
121645.1976910702 114245.0851233100
121963.3938154210 114891.3325042337
124508.9628102281 115376.0180399264
125304.4531211053 114568.2088137719

119417.8248206140 113275.7140519246
124508.9628102281 115376.0180399264
124827.1589345789 115052.8943494646
126736.3356806842 115052.8943494646
120849.7073801930 118607.2549445446
125304.4531211053 113760.3995876173
120372.4131936667 116668.5128017737
121486.0996288947 114729.7706590028
121804.2957532456 113437.2758971555
123077.0802506491 115214.4561946955
125940.8453698070 114406.6469685409
122599.7860641228 114729.7706590028
124508.9628102281 114083.5232780791
120054.2170693158 112144.7811353082
127213.6298672105 115699.1417303882
119099.6286962632 113760.3995876173
124986.2569967544 113275.7140519246
121167.9035045439 113437.2758971555
127850.0221159123 116022.2654208500
126418.1395563333 113760.3995876173

119417.8248206140 114568.2088137719
126577.2376185088 116345.3891113118
126577.2376185088 114729.7706590028
124190.7666858772 112952.5903614627
127690.9240537368 116345.3891113118
120849.7073801930 117476.3220279282
121327.0015667193 113437.2758971555
121167.9035045439 114083.5232780791
119736.0209449649 115860.7035756191
126099.9434319825 113437.2758971555
124508.9628102281 115052.8943494646
122122.4918775965 113921.9614328482
119099.6286962632 113598.8377423864
120531.5112558421 115699.1417303882
120213.3151314912 115376.0180399264
122440.6880019474 113437.2758971555
126895.4337428596 114245.0851233100
125622.6492454561 115537.5798851573
122758.8841262982 114729.7706590028
127372.7279293860 116345.3891113118

121804.2957532456 113921.9614328482
124827.1589345789 115699.1417303882
120054.2170693158 116506.9509565428
120372.4131936667 115052.8943494646
120849.7073801930 118284.1312540828
121486.0996288947 114891.3325042337
124349.8647480526 115214.4561946955
123554.3744371754 115214.4561946955
124349.8647480526 113760.3995876173
127531.8259915614 116506.9509565428
126736.3356806842 115699.1417303882
119099.6286962632 113760.3995876173
126099.9434319825 116345.3891113118
126418.1395563333 113275.7140519246
122599.7860641228 115214.4561946955
121167.9035045439 112952.5903614627
125940.8453698070 113598.8377423864
120690.6093180175 116183.8272660810
122758.8841262982 113598.8377423864
122122.4918775965 113760.3995876173

121486.0996288947 113437.2758971555
123395.2763750000 113114.1522066937
124031.6686237018 114891.3325042337
122758.8841262982 113760.3995876173
125463.5511832807 115214.4561946955
127054.5318050351 114729.7706590028
119576.9228827895 112629.4666710009
119895.1190071403 115537.5798851573
122281.5899397719 114568.2088137719
126736.3356806842 115214.4561946955
120372.4131936667 114891.3325042337
126418.1395563333 113598.8377423864
121167.9035045439 112629.4666710009
126736.3356806842 116506.9509565428
124349.8647480526 115537.5798851573
120690.6093180175 117314.7601826973
119099.6286962632 113437.2758971555
120213.3151314912 112952.5903614627
121804.2957532456 115052.8943494646
125781.7473076316 114083.5232780791

120690.6093180175 112467.9048257700
125304.4531211053 115537.5798851573
121645.1976910702 114245.0851233100
127531.8259915614 116668.5128017737
121167.9035045439 113114.1522066937
120690.6093180175 116991.6364922355
121167.9035045439 114729.7706590028
124986.2569967544 113437.2758971555
121963.3938154210 114083.5232780791
124508.9628102281 114568.2088137719
121645.1976910702 113921.9614328482
119895.1190071403 113437.2758971555
120849.7073801930 115376.0180399264
122122.4918775965 114245.0851233100
126577.2376185088 113760.3995876173
127054.5318050351 116345.3891113118
126577.2376185088 113114.1522066937
124031.6686237018 115376.0180399264
126099.9434319825 113598.8377423864
126418.1395563333 114083.5232780791

120690.6093180175 114891.3325042337
120372.4131936667 116345.3891113118
125781.7473076316 113275.7140519246
121486.0996288947 114729.7706590028
126736.3356806842 116345.3891113118
124986.2569967544 113275.7140519246
119099.6286962632 114083.5232780791
122758.8841262982 114891.3325042337
119576.9228827895 114406.6469685409
126099.9434319825 113437.2758971555
126418.1395563333 112952.5903614627
125463.5511832807 114083.5232780791
127054.5318050351 114729.7706590028
120054.2170693158 116668.5128017737
122281.5899397719 114729.7706590028
124668.0608724035 114406.6469685409
120690.6093180175 118284.1312540828
121167.9035045439 112629.4666710009
123713.4724993509 113275.7140519246
124668.0608724035 114729.7706590028

120531.5112558421 117799.4457183901
127054.5318050351 114083.5232780791
127531.8259915614 116345.3891113118
127690.9240537368 115860.7035756191
126418.1395563333 113598.8377423864
119895.1190071403 115699.1417303882
124986.2569967544 114891.3325042337
121804.2957532456 115052.8943494646
120213.3151314912 115860.7035756191
122122.4918775965 114729.7706590028
126099.9434319825 115537.5798851573
125463.5511832807 112952.5903614627
125463.5511832807 114245.0851233100
124190.7666858772 112952.5903614627
121167.9035045439 112629.4666710009
124668.0608724035 114891.3325042337
122599.7860641228 114083.5232780791
124349.8647480526 115860.7035756191
126736.3356806842 115860.7035756191
121486.0996288947 113275.7140519246

121804.2957532456 113437.2758971555
120849.7073801930 116183.8272660810
126418.1395563333 116022.2654208500
119895.1190071403 112791.0285162318
121486.0996288947 114729.7706590028
124986.2569967544 114083.5232780791
125781.7473076316 114083.5232780791
121167.9035045439 113275.7140519246
119417.8248206140 113760.3995876173
120372.4131936667 113921.9614328482
122440.6880019474 114083.5232780791
126099.9434319825 115699.1417303882
127213.6298672105 116022.2654208500
127531.8259915614 116668.5128017737
124668.0608724035 114245.0851233100
120531.5112558421 117476.3220279282
120213.3151314912 116022.2654208500
122917.9821884737 114568.2088137719
126895.4337428596 115860.7035756191
123872.5705615263 114083.5232780791

119576.9228827895 114406.6469685409
121804.2957532456 115052.8943494646
124986.2569967544 115537.5798851573
125304.4531211053 113437.2758971555
122122.4918775965 113437.2758971555
121804.2957532456 114729.7706590028
124190.7666858772 114891.3325042337
122758.8841262982 115376.0180399264
126895.4337428596 114083.5232780791
120372.4131936667 117637.8838731591
125304.4531211053 112791.0285162318
118940.5306340877 113760.3995876173
127531.8259915614 116668.5128017737
122440.6880019474 113921.9614328482
121008.8054423684 114729.7706590028
120213.3151314912 116506.9509565428
125781.7473076316 114729.7706590028
126259.0414941579 113598.8377423864
120690.6093180175 118284.1312540828
126577.2376185088 115860.7035756191

123395.2763750000 113921.9614328482
120213.3151314912 116506.9509565428
119895.1190071403 111821.6574448464
121486.0996288947 114891.3325042337
123872.5705615263 115052.8943494646
125463.5511832807 113598.8377423864
120531.5112558421 112629.4666710009
123077.0802506491 113114.1522066937
124827.1589345789 113114.1522066937
121804.2957532456 114568.2088137719
126736.3356806842 114729.7706590028
125145.3550589298 114729.7706590028
124508.9628102281 114729.7706590028
126418.1395563333 114245.0851233100
126895.4337428596 116345.3891113118
119576.9228827895 113275.7140519246
125781.7473076316 113921.9614328482
120849.7073801930 112467.9048257700
122758.8841262982 114245.0851233100
121167.9035045439 114083.5232780791

126577.2376185088 113275.7140519246
121963.3938154210 113921.9614328482
126099.9434319825 114406.6469685409
120213.3151314912 116022.2654208500
120372.4131936667 115860.7035756191
126736.3356806842 116345.3891113118
124031.6686237018 115376.0180399264
124349.8647480526 115537.5798851573
125463.5511832807 113114.1522066937
127372.7279293860 116345.3891113118
120690.6093180175 116830.0746470046
124668.0608724035 115699.1417303882
122599.7860641228 113921.9614328482
121486.0996288947 112952.5903614627
126736.3356806842 113598.8377423864
121486.0996288947 114729.7706590028
121167.9035045439 114729.7706590028
126099.9434319825 114245.0851233100
126895.4337428596 116345.3891113118
123077.0802506491 115214.4561946955

124668.0608724035 115699.1417303882
127054.5318050351 116506.9509565428
121645.1976910702 114568.2088137719
123713.4724993509 115376.0180399264
121645.1976910702 113275.7140519246
122440.6880019474 114083.5232780791
126099.9434319825 114406.6469685409
127054.5318050351 116183.8272660810
126577.2376185088 113598.8377423864
125463.5511832807 113114.1522066937
125781.7473076316 112791.0285162318
121327.0015667193 114729.7706590028
126418.1395563333 116022.2654208500
121327.0015667193 114406.6469685409
121486.0996288947 114568.2088137719
124349.8647480526 114891.3325042337
121804.2957532456 114245.0851233100
125145.3550589298 114083.5232780791
120372.4131936667 115376.0180399264
126895.4337428596 115860.7035756191

122122.4918775965 114568.2088137719
120054.2170693158 115860.7035756191
119417.8248206140 112791.0285162318
126418.1395563333 114245.0851233100
121008.8054423684 113437.2758971555
120690.6093180175 117799.4457183901
124031.6686237018 115699.1417303882
121327.0015667193 114568.2088137719
124668.0608724035 115699.1417303882
124986.2569967544 114568.2088137719
124827.1589345789 115699.1417303882
124668.0608724035 115860.7035756191
119417.8248206140 114729.7706590028
124349.8647480526 115699.1417303882
127372.7279293860 116668.5128017737
121804.2957532456 114083.5232780791
119576.9228827895 112629.4666710009
122440.6880019474 114568.2088137719
120849.7073801930 115699.1417303882
119099.6286962632 113760.3995876173

126259.0414941579 113437.2758971555
123713.4724993509 115376.0180399264
121486.0996288947 114406.6469685409
126577.2376185088 115699.1417303882
125781.7473076316 114245.0851233100
124508.9628102281 112952.5903614627
120849.7073801930 112952.5903614627
120054.2170693158 116183.8272660810
127850.0221159123 116345.3891113118
120372.4131936667 117314.7601826973
127531.8259915614 116830.0746470046
125304.4531211053 114891.3325042337
119895.1190071403 112952.5903614627
124986.2569967544 115052.8943494646
126736.3356806842 113437.2758971555
120849.7073801930 114083.5232780791
127054.5318050351 116022.2654208500
119576.9228827895 112144.7811353082
121963.3938154210 113598.8377423864
119258.7267584386 114406.6469685409

122599.7860641228 114083.5232780791
119576.9228827895 112467.9048257700
120054.2170693158 114729.7706590028
120849.7073801930 115537.5798851573
125145.3550589298 115860.7035756191
121645.1976910702 114729.7706590028
126099.9434319825 115214.4561946955
121963.3938154210 113760.3995876173
124349.8647480526 115376.0180399264
123395.2763750000 115376.0180399264
120531.5112558421 116506.9509565428
127531.8259915614 116345.3891113118
124986.2569967544 115214.4561946955
126895.4337428596 114083.5232780791
120531.5112558421 115052.8943494646
123872.5705615263 113114.1522066937
121167.9035045439 114568.2088137719
123872.5705615263 115537.5798851573
125304.4531211053 114245.0851233100
124668.0608724035 115699.1417303882

127690.9240537368 116345.3891113118
121804.2957532456 114729.7706590028
125304.4531211053 114891.3325042337
119736.0209449649 111983.2192900773
120849.7073801930 116830.0746470046
122281.5899397719 113275.7140519246
119417.8248206140 113275.7140519246
127054.5318050351 116668.5128017737
120372.4131936667 114729.7706590028
124827.1589345789 114729.7706590028
120531.5112558421 116506.9509565428
121327.0015667193 113598.8377423864
120213.3151314912 116345.3891113118
124031.6686237018 115537.5798851573
127372.7279293860 115860.7035756191
121804.2957532456 113760.3995876173
122758.8841262982 113921.9614328482
121167.9035045439 114568.2088137719
124508.9628102281 114568.2088137719
127054.5318050351 114406.6469685409

119736.0209449649 115699.1417303882
127531.8259915614 116506.9509565428
125304.4531211053 114083.5232780791
124508.9628102281 113275.7140519246
119417.8248206140 113114.1522066937
122758.8841262982 114729.7706590028
126259.0414941579 115052.8943494646
123713.4724993509 113598.8377423864
122440.6880019474 114568.2088137719
121486.0996288947 113598.8377423864
120690.6093180175 115376.0180399264
126418.1395563333 112791.0285162318
120213.3151314912 116991.6364922355
125940.8453698070 113275.7140519246
127054.5318050351 114245.0851233100
120531.5112558421 114568.2088137719
126736.3356806842 113437.2758971555
121804.2957532456 113760.3995876173
124986.2569967544 116022.2654208500
118940.5306340877 113921.9614328482

121804.2957532456 114729.7706590028
125145.3550589298 112791.0285162318
120531.5112558421 112306.3429805391
126418.1395563333 116506.9509565428
124508.9628102281 114891.3325042337
127213.6298672105 116506.9509565428
126736.3356806842 116345.3891113118
122599.7860641228 115214.4561946955
122281.5899397719 114406.6469685409
127372.7279293860 116022.2654208500
120531.5112558421 116022.2654208500
121486.0996288947 114568.2088137719
124190.7666858772 115376.0180399264
120849.7073801930 118445.6930993137
120213.3151314912 114406.6469685409
119736.0209449649 116022.2654208500
125622.6492454561 113598.8377423864
122599.7860641228 113760.3995876173
120690.6093180175 115376.0180399264
126895.4337428596 116668.5128017737

121804.2957532456 114406.6469685409
119895.1190071403 114083.5232780791
124668.0608724035 113760.3995876173
125304.4531211053 114083.5232780791
127531.8259915614 116506.9509565428
120531.5112558421 117476.3220279282
122917.9821884737 114729.7706590028
121486.0996288947 114406.6469685409
122122.4918775965 113598.8377423864
126259.0414941579 113760.3995876173
127054.5318050351 114245.0851233100
120849.7073801930 117799.4457183901
123395.2763750000 113275.7140519246
125940.8453698070 116022.2654208500
122599.7860641228 114891.3325042337
120372.4131936667 112952.5903614627
126577.2376185088 116022.2654208500
120531.5112558421 115860.7035756191
124190.7666858772 115052.8943494646
121167.9035045439 113275.7140519246

126577.2376185088 113760.3995876173
124190.7666858772 114245.0851233100
126895.4337428596 116506.9509565428
121327.0015667193 114568.2088137719
121486.0996288947 114891.3325042337
124986.2569967544 115699.1417303882
122281.5899397719 114729.7706590028
125463.5511832807 113921.9614328482
121327.0015667193 112791.0285162318
121963.3938154210 114568.2088137719
119895.1190071403 112306.3429805391
127531.8259915614 116668.5128017737
122281.5899397719 115214.4561946955
121167.9035045439 114406.6469685409
121486.0996288947 113598.8377423864
125145.3550589298 114406.6469685409
122758.8841262982 115214.4561946955
121645.1976910702 112952.5903614627
123395.2763750000 115537.5798851573
119258.7267584386 113921.9614328482

120054.2170693158 115376.0180399264
127850.0221159123 116022.2654208500
120213.3151314912 115860.7035756191
122122.4918775965 114245.0851233100
124668.0608724035 115052.8943494646
121804.2957532456 113598.8377423864
126099.9434319825 116345.3891113118
122758.8841262982 114245.0851233100
121804.2957532456 114406.6469685409
124986.2569967544 113760.3995876173
126577.2376185088 113275.7140519246
119258.7267584386 113114.1522066937
122122.4918775965 114729.7706590028
125781.7473076316 115052.8943494646
121008.8054423684 114729.7706590028
121327.0015667193 114406.6469685409
126099.9434319825 112952.5903614627
120531.5112558421 115376.0180399264
121486.0996288947 114568.2088137719
118940.5306340877 114083.5232780791

120213.3151314912 115699.1417303882
124827.1589345789 113921.9614328482
125145.3550589298 114083.5232780791
126736.3356806842 116183.8272660810
121167.9035045439 114083.5232780791
121327.0015667193 114891.3325042337
124349.8647480526 115537.5798851573
125940.8453698070 114083.5232780791
122281.5899397719 115214.4561946955
122122.4918775965 113437.2758971555
121008.8054423684 114568.2088137719
124668.0608724035 115376.0180399264
127531.8259915614 116830.0746470046
125622.6492454561 112952.5903614627
119576.9228827895 113437.2758971555
124508.9628102281 114083.5232780791
127213.6298672105 116345.3891113118
120690.6093180175 116668.5128017737
119895.1190071403 114891.3325042337
121486.0996288947 114568.2088137719

125304.4531211053 113114.1522066937
126895.4337428596 114083.5232780791
124508.9628102281 115699.1417303882
126418.1395563333 115537.5798851573
120690.6093180175 113437.2758971555
119576.9228827895 112144.7811353082
124986.2569967544 115376.0180399264
121167.9035045439 114406.6469685409
121486.0996288947 114891.3325042337
121645.1976910702 114891.3325042337
121167.9035045439 113760.3995876173
124349.8647480526 115214.4561946955
121963.3938154210 114406.6469685409
119895.1190071403 116345.3891113118
120531.5112558421 117476.3220279282
121486.0996288947 114568.2088137719
122122.4918775965 114729.7706590028
119736.0209449649 115214.4561946955
127213.6298672105 115860.7035756191
127372.7279293860 116506.9509565428

126577.2376185088 116022.2654208500
124508.9628102281 115214.4561946955
127531.8259915614 116022.2654208500
123872.5705615263 115376.0180399264
124827.1589345789 115699.1417303882
127213.6298672105 116183.8272660810
119736.0209449649 111821.6574448464
124190.7666858772 115052.8943494646
121963.3938154210 114406.6469685409
124349.8647480526 115376.0180399264
120372.4131936667 116183.8272660810
119417.8248206140 112629.4666710009
121804.2957532456 114891.3325042337
126259.0414941579 112791.0285162318
122440.6880019474 114406.6469685409
126895.4337428596 116506.9509565428
119099.6286962632 113437.2758971555
124827.1589345789 113598.8377423864
121008.8054423684 113598.8377423864
126099.9434319825 113760.3995876173

