46697766.3407341018 513490.2929687500
48484795.1219950989 545154.4111328125
47044037.5815390199 518253.7441406250
48052153.7414486036 539083.4550781250
47576131.8487370536 537504.6113281250
49219388.7725661471 547958.6289062500
47539611.5282778293 528367.2539062500
49295539.5082971752 548123.4589843750
48354980.1819887236 541608.4277343750
46138298.5629928857 474806.6474609375
46582673.5545477718 508890.8730468750
48374682.6513157263 542363.9082031250
47085512.1763713807 523651.5390625000
49001994.2635771334 546884.2910156250
47440048.1656825617 527346.4375000000
47215725.2726348862 526379.6523437500
49579106.9466412514 550706.1621093750
46234977.3859718218 492687.4482421875
46365153.0066433102 501819.0361328125
46784487.2553677112 515399.5312500000
46926074.4110422879 517414.2275390625
50165569.7085952610 550783.4570312500
47210724.9045177028 525744.3085937500
47156056.4994639829 524354.2753906250
49059624.9493223876 546929.0156250000
