47556463.2016631216 524638.3007812500
47316467.7349868715 520907.8613281250
47824996.9638326168 536583.1542968750
49059624.9493223876 546929.0156250000
46462463.8957283348 480600.4824218750
47285627.9903948233 518166.5156250000
46741735.9332423732 508584.6513671875
49734005.5540094823 548508.8906250000
47188925.6920023039 509444.9873046875
47243277.4706439599 516153.7851562500
47675263.8498175517 529391.9628906250
48954614.0729912668 542940.0117187500
48937183.0864185095 542806.6367187500
48640129.3835507184 541603.0117187500
