48153582.1545521915 543279.3867187500
49544138.1953542903 553006.8476562500
48016706.8333893120 537972.4082031250
49426621.8813193142 549958.7021484375
46762606.7645963281 517938.0625000000
46117521.3438649699 501674.6025390625
47077480.9571890533 521781.4511718750
46697766.3407341018 513490.2929687500
48484795.1219950989 545154.4111328125
47044037.5815390199 518253.7441406250
48052153.7414486036 539083.4550781250
47576131.8487370536 537504.6113281250
49219388.7725661471 547958.6289062500
47539611.5282778293 528367.2539062500
49295539.5082971752 548123.4589843750
46582673.5545477718 508890.8730468750
47085512.1763713807 523651.5390625000
49001994.2635771334 546884.2910156250
47440048.1656825617 527346.4375000000
47215725.2726348862 526379.6523437500
46365153.0066433102 501819.0361328125
47210724.9045177028 525744.3085937500
47156056.4994639829 524354.2753906250
49059624.9493223876 546929.0156250000
