46138298.5629928857 474806.6474609375
46582673.5545477718 508890.8730468750
48374682.6513157263 542363.9082031250
47739459.5912892595 534040.9121093750
47085512.1763713807 523651.5390625000
49357286.3385278806 546999.1640625000
48815868.4422816634 544513.6015625000
49001994.2635771334 546884.2910156250
48272247.0804305226 537176.0410156250
47440048.1656825617 527346.4375000000
47215725.2726348862 526379.6523437500
49579106.9466412514 550706.1621093750
46234977.3859718218 492687.4482421875
46365153.0066433102 501819.0361328125
48582753.0951631069 544366.3007812500
46784487.2553677112 515399.5312500000
46926074.4110422879 517414.2275390625
50165569.7085952610 550783.4570312500
48280222.5599065498 538199.7949218750
47210724.9045177028 525744.3085937500
47156056.4994639829 524354.2753906250
47824996.9638326168 536583.1542968750
49059624.9493223876 546929.0156250000
47675263.8498175517 529391.9628906250
