129786.7282814833 129594.1115283333
128512.7490113500 128953.0223816667
129627.4808727167 129594.1115283333
129468.2334639500 129594.1115283333
127557.2645587500 129594.1115283333

129468.2334639500 129754.3838150000
127398.0171499833 129433.8392416667
129468.2334639500 129914.6561016667
129786.7282814833 129594.1115283333
130105.2230990167 129594.1115283333

129627.4808727167 129594.1115283333
129468.2334639500 129594.1115283333
129308.9860551833 129754.3838150000
128353.5016025833 128311.9332350000
129945.9756902500 129594.1115283333

129627.4808727167 129594.1115283333
127238.7697412167 129433.8392416667
129149.7386464167 127831.1163750000
130582.9653253167 127190.0272283333
129308.9860551833 129754.3838150000

