129149.7386464167 129594.1115283333
128353.5016025833 128792.7500950000
129786.7282814833 129594.1115283333
129627.4808727167 129594.1115283333
129468.2334639500 129594.1115283333

127238.7697412167 129754.3838150000
130105.2230990167 129754.3838150000
128353.5016025833 128792.7500950000
129945.9756902500 127991.3886616667
129627.4808727167 129594.1115283333

127398.0171499833 129433.8392416667
130582.9653253167 127190.0272283333
130105.2230990167 129594.1115283333
129468.2334639500 129754.3838150000
129468.2334639500 129433.8392416667

