130824.7234262073 119316.3493592924
132119.4148722561 117093.9523335189
130177.3777031829 122491.2022532547
129368.1955494024 117887.6655570094
132443.0877337683 118046.4082017076
134870.6341951098 117728.9229123113
134223.2884720854 118681.3787805000
128882.6862571341 116300.2391100283
130339.2141339390 116776.4670441226
133737.7791798171 115189.0405971415
129853.7048416707 121856.2316744623
131795.7420107439 117252.6949782170
135194.3070566220 121221.2610956698
134546.9613335976 120586.2905168774
131148.3962877195 116617.7243994245

134223.2884720854 120427.5478721792
133090.4334567927 117093.9523335189
130177.3777031829 121697.4890297642
130501.0505646951 121697.4890297642
130986.5598569634 119316.3493592924
133414.1063183049 118046.4082017076
131633.9055799878 115506.5258865377
129691.8684109146 116300.2391100283
132604.9241645244 116300.2391100283
130501.0505646951 116617.7243994245
135032.4706258659 119633.8346486887
129044.5226878902 116617.7243994245
129853.7048416707 118840.1214251981
134708.7977643537 117728.9229123113
131957.5784415000 116458.9817547264

129691.8684109146 116458.9817547264
130339.2141339390 119316.3493592924
133899.6156105732 115982.7538206321
134061.4520413293 119633.8346486887
133252.2698875488 116617.7243994245
131795.7420107439 117411.4376229151
130015.5412724268 119951.3199380849
129368.1955494024 119157.6067145943
132766.7605952805 118998.8640698962
130662.8869954512 115347.7832418396
130986.5598569634 118522.6361358019
128720.8498263780 115982.7538206321
132119.4148722561 117252.6949782170
131472.0691492317 115347.7832418396
132928.5970260366 116617.7243994245

133737.7791798171 115665.2685312359
130662.8869954512 121856.2316744623
129206.3591186464 117887.6655570094
131957.5784415000 117570.1802676132
130662.8869954512 116458.9817547264
131633.9055799878 117093.9523335189
134708.7977643537 117093.9523335189
130015.5412724268 116617.7243994245
132766.7605952805 116141.4964653302
133414.1063183049 116935.2096888208
135032.4706258659 121062.5184509717
132281.2513030122 117093.9523335189
134385.1249028415 119475.0920039906
130986.5598569634 120110.0625827830
132443.0877337683 118681.3787805000

134061.4520413293 115824.0111759340
131310.2327184756 117887.6655570094
135194.3070566220 120903.7758062736
134546.9613335976 115347.7832418396
129368.1955494024 116300.2391100283
133737.7791798171 116776.4670441226
132443.0877337683 118681.3787805000
129691.8684109146 119951.3199380849
133090.4334567927 116617.7243994245
130177.3777031829 119792.5772933868
132766.7605952805 116141.4964653302
130662.8869954512 119157.6067145943
130986.5598569634 119475.0920039906
131795.7420107439 118205.1508464057
134870.6341951098 118840.1214251981

129368.1955494024 115982.7538206321
130339.2141339390 116458.9817547264
134061.4520413293 116458.9817547264
131795.7420107439 116458.9817547264
134546.9613335976 119951.3199380849
132928.5970260366 118681.3787805000
131148.3962877195 120110.0625827830
133252.2698875488 119475.0920039906
132119.4148722561 118522.6361358019
131148.3962877195 115982.7538206321
130015.5412724268 118522.6361358019
130501.0505646951 121697.4890297642
133575.9427490610 115665.2685312359
131472.0691492317 116935.2096888208
129044.5226878902 115665.2685312359

129530.0319801585 118522.6361358019
128882.6862571341 115982.7538206321
130339.2141339390 122014.9743191604
129853.7048416707 117093.9523335189
132281.2513030122 118205.1508464057
130986.5598569634 118681.3787805000
130986.5598569634 121697.4890297642
134223.2884720854 116458.9817547264
133737.7791798171 116935.2096888208
130662.8869954512 122014.9743191604
135194.3070566220 121062.5184509717
131795.7420107439 115665.2685312359
130662.8869954512 118363.8934911038
134385.1249028415 119633.8346486887
132604.9241645244 116141.4964653302

131472.0691492317 117093.9523335189
130015.5412724268 122332.4596085566
131795.7420107439 115506.5258865377
132766.7605952805 116141.4964653302
135194.3070566220 120903.7758062736
134708.7977643537 118681.3787805000
133414.1063183049 117252.6949782170
132119.4148722561 117252.6949782170
130662.8869954512 118681.3787805000
134708.7977643537 120427.5478721792
132766.7605952805 119157.6067145943
130177.3777031829 122173.7169638585
131148.3962877195 115189.0405971415
129691.8684109146 116935.2096888208
131148.3962877195 120268.8052274811

134546.9613335976 119633.8346486887
131633.9055799878 118046.4082017076
129691.8684109146 116776.4670441226
130824.7234262073 115347.7832418396
131148.3962877195 116617.7243994245
134223.2884720854 115665.2685312359
134546.9613335976 116458.9817547264
129206.3591186464 116300.2391100283
132119.4148722561 116300.2391100283
130177.3777031829 122014.9743191604
130339.2141339390 116300.2391100283
133414.1063183049 115189.0405971415
133090.4334567927 115347.7832418396
132928.5970260366 118046.4082017076
134870.6341951098 116617.7243994245

132281.2513030122 117411.4376229151
129691.8684109146 116776.4670441226
130015.5412724268 115824.0111759340
129206.3591186464 115982.7538206321
130015.5412724268 122173.7169638585
130501.0505646951 121697.4890297642
133737.7791798171 116300.2391100283
130177.3777031829 116458.9817547264
133252.2698875488 115665.2685312359
131957.5784415000 115506.5258865377
131148.3962877195 120268.8052274811
132928.5970260366 119157.6067145943
131795.7420107439 117728.9229123113
130501.0505646951 122173.7169638585
130177.3777031829 119951.3199380849

133899.6156105732 117252.6949782170
130824.7234262073 118363.8934911038
132766.7605952805 119157.6067145943
129206.3591186464 118363.8934911038
132766.7605952805 119316.3493592924
133899.6156105732 119633.8346486887
129368.1955494024 118840.1214251981
132281.2513030122 117728.9229123113
129853.7048416707 118046.4082017076
132928.5970260366 115189.0405971415
129206.3591186464 115665.2685312359
130015.5412724268 119951.3199380849
133090.4334567927 119157.6067145943
134546.9613335976 119157.6067145943
131148.3962877195 118205.1508464057

130824.7234262073 118363.8934911038
134546.9613335976 115030.2979524434
130501.0505646951 117887.6655570094
130177.3777031829 116776.4670441226
134708.7977643537 119633.8346486887
129853.7048416707 119792.5772933868
131472.0691492317 118363.8934911038
132119.4148722561 117411.4376229151
130824.7234262073 121697.4890297642
131310.2327184756 116300.2391100283
132928.5970260366 119157.6067145943
129206.3591186464 118363.8934911038
133252.2698875488 118046.4082017076
131795.7420107439 117252.6949782170
133899.6156105732 120110.0625827830

134385.1249028415 115665.2685312359
130339.2141339390 116141.4964653302
131957.5784415000 117728.9229123113
134870.6341951098 117570.1802676132
128882.6862571341 115824.0111759340
133252.2698875488 115506.5258865377
131795.7420107439 116458.9817547264
130501.0505646951 122173.7169638585
130015.5412724268 116617.7243994245
133090.4334567927 116935.2096888208
133575.9427490610 117252.6949782170
129368.1955494024 115665.2685312359
130015.5412724268 122173.7169638585
133899.6156105732 117252.6949782170
135032.4706258659 120110.0625827830

