35100549.4035152271 910188.3046875000
35564532.2767856866 912220.1835937500
36321582.7460021749 916020.7382812500
35526635.3270554170 911130.4296875000
35778754.8627593890 913615.6914062500
34582699.0479228348 910002.0820312500
34257635.7550847456 900775.5781250000
35536113.6794093996 911456.9453125000
35313233.3858790025 910939.9335937500
33968448.2639942095 894607.8359375000
33878976.7015665770 888509.1640625000
35617915.5844117776 912443.2656250000
34354458.3322732598 907315.7812500000
34297249.6278334931 901321.9921875000
