48257914.5949519873 82344.4876098633
50262539.1300520673 86697.3444824219
47371351.5407542065 73515.5905761719
46126699.9566311240 50784.8245182037
50402714.8886063397 88386.6530761719
46790144.3538181111 64374.1329421997
47066024.7481978983 72454.5670471191
48554233.5716118813 83759.6873474121
48400062.3637111410 82618.5068054199
47571028.6402598098 79573.3367309570
47247252.7072192058 73491.1971282959
47858995.7897156030 80272.5023498535
48584947.3009394705 86504.1966552734
47474252.8836397156 79267.1241455078
46900121.7594799772 71914.9548034668
46499648.5334037393 63227.8659667969
46366320.2855793908 59402.4333648682
47377165.0525411069 75602.3203735352
49901836.6140075177 86618.4185791016
48003610.4687568545 81159.9855957031
48478827.3502538949 82789.3471069336
