120690.6093180175 114729.7706590028
120372.4131936667 113275.7140519246
120849.7073801930 118284.1312540828
126259.0414941579 115052.8943494646
119576.9228827895 112306.3429805391
123872.5705615263 113114.1522066937
119099.6286962632 114083.5232780791
123872.5705615263 115699.1417303882
126895.4337428596 116345.3891113118
126099.9434319825 113275.7140519246
120372.4131936667 114083.5232780791
125940.8453698070 114891.3325042337
121963.3938154210 114891.3325042337
124668.0608724035 115537.5798851573
120690.6093180175 117153.1983374664
124827.1589345789 113114.1522066937
127054.5318050351 116668.5128017737
120531.5112558421 116022.2654208500
124827.1589345789 114729.7706590028
127690.9240537368 116668.5128017737

127054.5318050351 115214.4561946955
126577.2376185088 113114.1522066937
124668.0608724035 113921.9614328482
126736.3356806842 114891.3325042337
124827.1589345789 114891.3325042337
127531.8259915614 116022.2654208500
120531.5112558421 117961.0075636210
121804.2957532456 114083.5232780791
126259.0414941579 113114.1522066937
122122.4918775965 114406.6469685409
126736.3356806842 113921.9614328482
120849.7073801930 117799.4457183901
119736.0209449649 112467.9048257700
126418.1395563333 113921.9614328482
121327.0015667193 113275.7140519246
121167.9035045439 114245.0851233100
124190.7666858772 115376.0180399264
120054.2170693158 115052.8943494646
119736.0209449649 113275.7140519246
120849.7073801930 113275.7140519246

122281.5899397719 114568.2088137719
127850.0221159123 116345.3891113118
119736.0209449649 114568.2088137719
121645.1976910702 114891.3325042337
123236.1783128245 114245.0851233100
124031.6686237018 115376.0180399264
126577.2376185088 115860.7035756191
124668.0608724035 113598.8377423864
126895.4337428596 113760.3995876173
120690.6093180175 113598.8377423864
124668.0608724035 115052.8943494646
126259.0414941579 113114.1522066937
125940.8453698070 116183.8272660810
126895.4337428596 116022.2654208500
120372.4131936667 116506.9509565428
126418.1395563333 113921.9614328482
124190.7666858772 115699.1417303882
122599.7860641228 114568.2088137719
120531.5112558421 112467.9048257700
125145.3550589298 115699.1417303882

126577.2376185088 116183.8272660810
121804.2957532456 115052.8943494646
126418.1395563333 114245.0851233100
122758.8841262982 114083.5232780791
121645.1976910702 113921.9614328482
120690.6093180175 113598.8377423864
127531.8259915614 116345.3891113118
124349.8647480526 115376.0180399264
127372.7279293860 115699.1417303882
124986.2569967544 114245.0851233100
126259.0414941579 113275.7140519246
126736.3356806842 114406.6469685409
119417.8248206140 114729.7706590028
119258.7267584386 114406.6469685409
126577.2376185088 113437.2758971555
126736.3356806842 115052.8943494646
123872.5705615263 115699.1417303882
119576.9228827895 115052.8943494646
121008.8054423684 113275.7140519246
120531.5112558421 114891.3325042337

124031.6686237018 113437.2758971555
122122.4918775965 114891.3325042337
122599.7860641228 114568.2088137719
126895.4337428596 115376.0180399264
122440.6880019474 113275.7140519246
120849.7073801930 112791.0285162318
124986.2569967544 113114.1522066937
119736.0209449649 113114.1522066937
118940.5306340877 113760.3995876173
127372.7279293860 116183.8272660810
120849.7073801930 117799.4457183901
121804.2957532456 113760.3995876173
120531.5112558421 116991.6364922355
126577.2376185088 114568.2088137719
119417.8248206140 114568.2088137719
124508.9628102281 113114.1522066937
127372.7279293860 115537.5798851573
126418.1395563333 112629.4666710009
120054.2170693158 116183.8272660810
125940.8453698070 114083.5232780791

122281.5899397719 114891.3325042337
126259.0414941579 115376.0180399264
120690.6093180175 117153.1983374664
121804.2957532456 114568.2088137719
122122.4918775965 113760.3995876173
125145.3550589298 115860.7035756191
123872.5705615263 115699.1417303882
126418.1395563333 114083.5232780791
127054.5318050351 114245.0851233100
125463.5511832807 113760.3995876173
119417.8248206140 113114.1522066937
121804.2957532456 115052.8943494646
121486.0996288947 114729.7706590028
120531.5112558421 114568.2088137719
124668.0608724035 115214.4561946955
124827.1589345789 114891.3325042337
121645.1976910702 114406.6469685409
124031.6686237018 113598.8377423864
124827.1589345789 114729.7706590028
121963.3938154210 114568.2088137719

124668.0608724035 113921.9614328482
121486.0996288947 114891.3325042337
120849.7073801930 117961.0075636210
120372.4131936667 115860.7035756191
120849.7073801930 115860.7035756191
120531.5112558421 117153.1983374664
126895.4337428596 114406.6469685409
124986.2569967544 115214.4561946955
124668.0608724035 114891.3325042337
127531.8259915614 116506.9509565428
122122.4918775965 114406.6469685409
120054.2170693158 115537.5798851573
126895.4337428596 114245.0851233100
119417.8248206140 112467.9048257700
126577.2376185088 113921.9614328482
126895.4337428596 113921.9614328482
125781.7473076316 114568.2088137719
124827.1589345789 115860.7035756191
124827.1589345789 114568.2088137719
122122.4918775965 114245.0851233100

123395.2763750000 115052.8943494646
126577.2376185088 114891.3325042337
120690.6093180175 117153.1983374664
119417.8248206140 114729.7706590028
121645.1976910702 113437.2758971555
127372.7279293860 116668.5128017737
124827.1589345789 114568.2088137719
121327.0015667193 113275.7140519246
126736.3356806842 113760.3995876173
122440.6880019474 115214.4561946955
126418.1395563333 116345.3891113118
124827.1589345789 114406.6469685409
124508.9628102281 115699.1417303882
121327.0015667193 114568.2088137719
121963.3938154210 114406.6469685409
120849.7073801930 117637.8838731591
126418.1395563333 114406.6469685409
125781.7473076316 113598.8377423864
119099.6286962632 113598.8377423864
124031.6686237018 115376.0180399264

125463.5511832807 113760.3995876173
120849.7073801930 113921.9614328482
126418.1395563333 115052.8943494646
124986.2569967544 115214.4561946955
121645.1976910702 114729.7706590028
124668.0608724035 114406.6469685409
126736.3356806842 116345.3891113118
122599.7860641228 114245.0851233100
121963.3938154210 114406.6469685409
120213.3151314912 116668.5128017737
126259.0414941579 116183.8272660810
127213.6298672105 115376.0180399264
120849.7073801930 117476.3220279282
120213.3151314912 116022.2654208500
121804.2957532456 114891.3325042337
122440.6880019474 113760.3995876173
127054.5318050351 116668.5128017737
125145.3550589298 114406.6469685409
126577.2376185088 113921.9614328482
126895.4337428596 113921.9614328482

125145.3550589298 115376.0180399264
126895.4337428596 116506.9509565428
120531.5112558421 115699.1417303882
121008.8054423684 112952.5903614627
124031.6686237018 115214.4561946955
127054.5318050351 114891.3325042337
124668.0608724035 115537.5798851573
120531.5112558421 116668.5128017737
119895.1190071403 116183.8272660810
127372.7279293860 116668.5128017737
122281.5899397719 114083.5232780791
126577.2376185088 114083.5232780791
119736.0209449649 115860.7035756191
122440.6880019474 114729.7706590028
126895.4337428596 116183.8272660810
121327.0015667193 114891.3325042337
126577.2376185088 116345.3891113118
125940.8453698070 115376.0180399264
124508.9628102281 114891.3325042337
119258.7267584386 113437.2758971555

120849.7073801930 118445.6930993137
121008.8054423684 114245.0851233100
119736.0209449649 114729.7706590028
123395.2763750000 113114.1522066937
124190.7666858772 114245.0851233100
121963.3938154210 114891.3325042337
121645.1976910702 113114.1522066937
121327.0015667193 113114.1522066937
127690.9240537368 116830.0746470046
125781.7473076316 115860.7035756191
121645.1976910702 114568.2088137719
119576.9228827895 112306.3429805391
124349.8647480526 112952.5903614627
127054.5318050351 114891.3325042337
125145.3550589298 115214.4561946955
124349.8647480526 115376.0180399264
124827.1589345789 114245.0851233100
119099.6286962632 114406.6469685409
126736.3356806842 113921.9614328482
126418.1395563333 113921.9614328482

121327.0015667193 113437.2758971555
127372.7279293860 116506.9509565428
126418.1395563333 113921.9614328482
120849.7073801930 113114.1522066937
124508.9628102281 115699.1417303882
119895.1190071403 115052.8943494646
127054.5318050351 116668.5128017737
126577.2376185088 113437.2758971555
127213.6298672105 116668.5128017737
120372.4131936667 114891.3325042337
121327.0015667193 114083.5232780791
123872.5705615263 115376.0180399264
119417.8248206140 115214.4561946955
126895.4337428596 114568.2088137719
122281.5899397719 114083.5232780791
125781.7473076316 114245.0851233100
121645.1976910702 114245.0851233100
122758.8841262982 114568.2088137719
121486.0996288947 114891.3325042337
124827.1589345789 114568.2088137719

126736.3356806842 116506.9509565428
119895.1190071403 111983.2192900773
121963.3938154210 114891.3325042337
126577.2376185088 114729.7706590028
119417.8248206140 112791.0285162318
126418.1395563333 112952.5903614627
120372.4131936667 114568.2088137719
124508.9628102281 112952.5903614627
119417.8248206140 113598.8377423864
121963.3938154210 113598.8377423864
120849.7073801930 117961.0075636210
124190.7666858772 113760.3995876173
124508.9628102281 114245.0851233100
120372.4131936667 116345.3891113118
120849.7073801930 118607.2549445446
120690.6093180175 117314.7601826973
124508.9628102281 115376.0180399264
126577.2376185088 113921.9614328482
126259.0414941579 116345.3891113118
121804.2957532456 114568.2088137719

124031.6686237018 114729.7706590028
124827.1589345789 115860.7035756191
120849.7073801930 113437.2758971555
126259.0414941579 115699.1417303882
125463.5511832807 115376.0180399264
121645.1976910702 113760.3995876173
125145.3550589298 113598.8377423864
120054.2170693158 113275.7140519246
119895.1190071403 112791.0285162318
120849.7073801930 116022.2654208500
124827.1589345789 115052.8943494646
120690.6093180175 114568.2088137719
124668.0608724035 112952.5903614627
127531.8259915614 116830.0746470046
123395.2763750000 114568.2088137719
127054.5318050351 116345.3891113118
126577.2376185088 113437.2758971555
123077.0802506491 113921.9614328482
127054.5318050351 115699.1417303882
127213.6298672105 114891.3325042337

124827.1589345789 115699.1417303882
120372.4131936667 115860.7035756191
121327.0015667193 113114.1522066937
125145.3550589298 114406.6469685409
122122.4918775965 113437.2758971555
126736.3356806842 114568.2088137719
124827.1589345789 113437.2758971555
120849.7073801930 118284.1312540828
127531.8259915614 115537.5798851573
126577.2376185088 116506.9509565428
126418.1395563333 115860.7035756191
126099.9434319825 114891.3325042337
119895.1190071403 112467.9048257700
120849.7073801930 116991.6364922355
120690.6093180175 116345.3891113118
124031.6686237018 115537.5798851573
120531.5112558421 112306.3429805391
123395.2763750000 115052.8943494646
122599.7860641228 113760.3995876173
125304.4531211053 115699.1417303882

120372.4131936667 112629.4666710009
121804.2957532456 113114.1522066937
126577.2376185088 116183.8272660810
121167.9035045439 114406.6469685409
124986.2569967544 114729.7706590028
119895.1190071403 115699.1417303882
119736.0209449649 112306.3429805391
121327.0015667193 114083.5232780791
126736.3356806842 116506.9509565428
124349.8647480526 113114.1522066937
127054.5318050351 114245.0851233100
127372.7279293860 116830.0746470046
120372.4131936667 116506.9509565428
126736.3356806842 113921.9614328482
126418.1395563333 113760.3995876173
120054.2170693158 112629.4666710009
119736.0209449649 111660.0955996155
122599.7860641228 114406.6469685409
124986.2569967544 116022.2654208500
125304.4531211053 112952.5903614627

119895.1190071403 113760.3995876173
126895.4337428596 114891.3325042337
121008.8054423684 114568.2088137719
124668.0608724035 115376.0180399264
122122.4918775965 113598.8377423864
124508.9628102281 113760.3995876173
127054.5318050351 116506.9509565428
126099.9434319825 114083.5232780791
122599.7860641228 114083.5232780791
121804.2957532456 114406.6469685409
124986.2569967544 113598.8377423864
121804.2957532456 114891.3325042337
122758.8841262982 113598.8377423864
119417.8248206140 114083.5232780791
121804.2957532456 113437.2758971555
121645.1976910702 114568.2088137719
121804.2957532456 113760.3995876173
122917.9821884737 114891.3325042337
126736.3356806842 116506.9509565428
120849.7073801930 117476.3220279282

121645.1976910702 114406.6469685409
125463.5511832807 113760.3995876173
126577.2376185088 116506.9509565428
127372.7279293860 116506.9509565428
121804.2957532456 114245.0851233100
124508.9628102281 114406.6469685409
120849.7073801930 112467.9048257700
127213.6298672105 116506.9509565428
126099.9434319825 116022.2654208500
120372.4131936667 116668.5128017737
121327.0015667193 114406.6469685409
121804.2957532456 113598.8377423864
123395.2763750000 115537.5798851573
126418.1395563333 112952.5903614627
121645.1976910702 113114.1522066937
121327.0015667193 112791.0285162318
124668.0608724035 115699.1417303882
120690.6093180175 112791.0285162318
126099.9434319825 113114.1522066937
126418.1395563333 114245.0851233100

122281.5899397719 113921.9614328482
127054.5318050351 116506.9509565428
126577.2376185088 113760.3995876173
120849.7073801930 118445.6930993137
124190.7666858772 113598.8377423864
120372.4131936667 116506.9509565428
126895.4337428596 114406.6469685409
126895.4337428596 114083.5232780791
121804.2957532456 114406.6469685409
126736.3356806842 113921.9614328482
121645.1976910702 114729.7706590028
126736.3356806842 113760.3995876173
122599.7860641228 114729.7706590028
120531.5112558421 117961.0075636210
124508.9628102281 114729.7706590028
120849.7073801930 115699.1417303882
121963.3938154210 114245.0851233100
124190.7666858772 114891.3325042337
126736.3356806842 113598.8377423864
121327.0015667193 113437.2758971555

125145.3550589298 114083.5232780791
126736.3356806842 113760.3995876173
121167.9035045439 114406.6469685409
127850.0221159123 116022.2654208500
120849.7073801930 117476.3220279282
126736.3356806842 113598.8377423864
119576.9228827895 112144.7811353082
120213.3151314912 117153.1983374664
121804.2957532456 115052.8943494646
121167.9035045439 112629.4666710009
122758.8841262982 115052.8943494646
124827.1589345789 114891.3325042337
124668.0608724035 115699.1417303882
119895.1190071403 112467.9048257700
120054.2170693158 112952.5903614627
123872.5705615263 114083.5232780791
119417.8248206140 115052.8943494646
127054.5318050351 115537.5798851573
127054.5318050351 114083.5232780791
123872.5705615263 115214.4561946955

124190.7666858772 112952.5903614627
121963.3938154210 114245.0851233100
126577.2376185088 115699.1417303882
122599.7860641228 115052.8943494646
119736.0209449649 113921.9614328482
126577.2376185088 114729.7706590028
125145.3550589298 113760.3995876173
121645.1976910702 113598.8377423864
120690.6093180175 117637.8838731591
126259.0414941579 114245.0851233100
119895.1190071403 112952.5903614627
121645.1976910702 112952.5903614627
124349.8647480526 115860.7035756191
125145.3550589298 114568.2088137719
125145.3550589298 115537.5798851573
127054.5318050351 115376.0180399264
119736.0209449649 115052.8943494646
121327.0015667193 112952.5903614627
126577.2376185088 116506.9509565428
124668.0608724035 113921.9614328482

125304.4531211053 113598.8377423864
127213.6298672105 116345.3891113118
124986.2569967544 115214.4561946955
127531.8259915614 116830.0746470046
121486.0996288947 114406.6469685409
119258.7267584386 113760.3995876173
121486.0996288947 113598.8377423864
124827.1589345789 114729.7706590028
121963.3938154210 114729.7706590028
119576.9228827895 112144.7811353082
125463.5511832807 113114.1522066937
124668.0608724035 114568.2088137719
124668.0608724035 115537.5798851573
121008.8054423684 112791.0285162318
123236.1783128245 115376.0180399264
127054.5318050351 116022.2654208500
120531.5112558421 112467.9048257700
120690.6093180175 117476.3220279282
126895.4337428596 114245.0851233100
121645.1976910702 113437.2758971555

121167.9035045439 114729.7706590028
126895.4337428596 116668.5128017737
124508.9628102281 115699.1417303882
121327.0015667193 114568.2088137719
124827.1589345789 115376.0180399264
124190.7666858772 114891.3325042337
119258.7267584386 113921.9614328482
125463.5511832807 113598.8377423864
121008.8054423684 113275.7140519246
122122.4918775965 114568.2088137719
126895.4337428596 113921.9614328482
121804.2957532456 114729.7706590028
120054.2170693158 115860.7035756191
121327.0015667193 112952.5903614627
119895.1190071403 114406.6469685409
121008.8054423684 113921.9614328482
126577.2376185088 113760.3995876173
122281.5899397719 113598.8377423864
124827.1589345789 114729.7706590028
122440.6880019474 114406.6469685409

119258.7267584386 113921.9614328482
124827.1589345789 115376.0180399264
124190.7666858772 114891.3325042337
121486.0996288947 114406.6469685409
121327.0015667193 112952.5903614627
127372.7279293860 115860.7035756191
121167.9035045439 114729.7706590028
122122.4918775965 114568.2088137719
124827.1589345789 114729.7706590028
126895.4337428596 113921.9614328482
121327.0015667193 114568.2088137719
124508.9628102281 115699.1417303882
121008.8054423684 113275.7140519246
126895.4337428596 116668.5128017737
121008.8054423684 113921.9614328482
120054.2170693158 115860.7035756191
126577.2376185088 113760.3995876173
125463.5511832807 113598.8377423864
122440.6880019474 114406.6469685409
124508.9628102281 114245.0851233100

126577.2376185088 113921.9614328482
126895.4337428596 114729.7706590028
118940.5306340877 113921.9614328482
119417.8248206140 114568.2088137719
120372.4131936667 116183.8272660810
120849.7073801930 118122.5694088519
126418.1395563333 112629.4666710009
121167.9035045439 113275.7140519246
119576.9228827895 112467.9048257700
125622.6492454561 114891.3325042337
126895.4337428596 113921.9614328482
121008.8054423684 113437.2758971555
123077.0802506491 115376.0180399264
126736.3356806842 116022.2654208500
127372.7279293860 116668.5128017737
124668.0608724035 115699.1417303882
121804.2957532456 113437.2758971555
122281.5899397719 114406.6469685409
124508.9628102281 115214.4561946955
120054.2170693158 116183.8272660810

