47858995.7897156030 80272.5023498535
48584947.3009394705 86504.1966552734
47474252.8836397156 79267.1241455078
46900121.7594799772 71914.9548034668
46499648.5334037393 63227.8659667969
46366320.2855793908 59402.4333648682
47377165.0525411069 75602.3203735352
47142856.0686307773 72250.7701416016
49901836.6140075177 86618.4185791016
50483436.7055269927 86921.1795654297
51039301.2275184765 86963.2603759766
48003610.4687568545 81159.9855957031
48478827.3502538949 82789.3471069336
51112465.1231256202 87344.8201904297
