48126725.5703880787 82929.6075439453
48769266.6587083191 86570.6950683594
48381155.3363991976 83021.5328369141
49794425.8925150409 88438.1716308594
46352264.1741892919 56373.1714019775
46737468.6404601708 67162.8833160400
47228927.7461633012 79072.2598266602
46861389.6639286876 70683.4041442871
47421065.2983943745 80825.1040649414
48394242.4405220151 83745.3507080078
46958609.9727793038 72920.1132049561
47964323.2800190896 80925.3847656250
50115711.0421229601 89579.2104492188
49651561.9349269047 87632.4453125000
48082906.4273910448 81979.5993041992
47011878.1308115646 75184.0576324463
46829027.8313429654 67644.3059082031
46126699.9566311240 50784.8245182037
48554233.5716118813 83759.6873474121
48584947.3009394705 86504.1966552734
46900121.7594799772 71914.9548034668
46499648.5334037393 63227.8659667969
46366320.2855793908 59402.4333648682
48003610.4687568545 81159.9855957031
