48184321.6204653978 82662.9712829590
50115711.0421229601 89579.2104492188
47325626.6995964125 78604.6800537109
49651561.9349269047 87632.4453125000
48082906.4273910448 81979.5993041992
47011878.1308115646 75184.0576324463
46829027.8313429654 67644.3059082031
46126699.9566311240 50784.8245182037
46790144.3538181111 64374.1329421997
48554233.5716118813 83759.6873474121
47571028.6402598098 79573.3367309570
47858995.7897156030 80272.5023498535
48584947.3009394705 86504.1966552734
47474252.8836397156 79267.1241455078
46900121.7594799772 71914.9548034668
46499648.5334037393 63227.8659667969
46366320.2855793908 59402.4333648682
48003610.4687568545 81159.9855957031
48478827.3502538949 82789.3471069336
