33866230.5419240892 374943.7480468750
36914751.7653210759 430542.9765625000
35164499.8417113572 424430.2343750000
34200030.3933187425 413609.8593750000
34276765.9541179389 419696.4199218750
35539276.1382925063 427189.9726562500
34161606.8461592570 410182.2148437500
35786386.1630797759 427277.7558593750
34121281.2127757296 403975.0351562500
34005252.8751043677 395321.3955078125
35374376.2967848182 425574.6582031250
37695712.0170863196 431612.5722656250
35955087.4394450784 429457.0449218750
34478677.5654316396 421604.9863281250
