129530.0319801585 116300.2391100283
130986.5598569634 119316.3493592924
129853.7048416707 116776.4670441226
129368.1955494024 118522.6361358019
133899.6156105732 117093.9523335189
130662.8869954512 121538.7463850660
133414.1063183049 116935.2096888208
130339.2141339390 119475.0920039906
129691.8684109146 119951.3199380849
131957.5784415000 118046.4082017076
134870.6341951098 117093.9523335189
130986.5598569634 118998.8640698962
130339.2141339390 122173.7169638585
130662.8869954512 115982.7538206321
134223.2884720854 119792.5772933868

135194.3070566220 121062.5184509717
131472.0691492317 115506.5258865377
131148.3962877195 121221.2610956698
129368.1955494024 115665.2685312359
134061.4520413293 117411.4376229151
130662.8869954512 121221.2610956698
134061.4520413293 116458.9817547264
130177.3777031829 122332.4596085566
134385.1249028415 114712.8126630472
130177.3777031829 116458.9817547264
133899.6156105732 115506.5258865377
130986.5598569634 116935.2096888208
130986.5598569634 118998.8640698962
128882.6862571341 116776.4670441226
130015.5412724268 119951.3199380849

131795.7420107439 117570.1802676132
130339.2141339390 122014.9743191604
130177.3777031829 120110.0625827830
132928.5970260366 118205.1508464057
130662.8869954512 121697.4890297642
131148.3962877195 121062.5184509717
131310.2327184756 116935.2096888208
129044.5226878902 115824.0111759340
130662.8869954512 122014.9743191604
130015.5412724268 121856.2316744623
132766.7605952805 115982.7538206321
133090.4334567927 115347.7832418396
134061.4520413293 119792.5772933868
132928.5970260366 119157.6067145943
132119.4148722561 117411.4376229151

133899.6156105732 115506.5258865377
131957.5784415000 116935.2096888208
129853.7048416707 116617.7243994245
134385.1249028415 118681.3787805000
130662.8869954512 118998.8640698962
132604.9241645244 116300.2391100283
132443.0877337683 116617.7243994245
129853.7048416707 119316.3493592924
133575.9427490610 115665.2685312359
133252.2698875488 115824.0111759340
130662.8869954512 122014.9743191604
130662.8869954512 118205.1508464057
134708.7977643537 114871.5553077453
130339.2141339390 122173.7169638585
132604.9241645244 118998.8640698962

129853.7048416707 118363.8934911038
132766.7605952805 119316.3493592924
133414.1063183049 118046.4082017076
130501.0505646951 122014.9743191604
133252.2698875488 117093.9523335189
131472.0691492317 118363.8934911038
131472.0691492317 116776.4670441226
129206.3591186464 115982.7538206321
134061.4520413293 115824.0111759340
130015.5412724268 122173.7169638585
134546.9613335976 119951.3199380849
130824.7234262073 121538.7463850660
134708.7977643537 114554.0700183491
130662.8869954512 118046.4082017076
129206.3591186464 118363.8934911038

130986.5598569634 120586.2905168774
133252.2698875488 115982.7538206321
130824.7234262073 115665.2685312359
130339.2141339390 118205.1508464057
130177.3777031829 120110.0625827830
132766.7605952805 117411.4376229151
132766.7605952805 118205.1508464057
130015.5412724268 122332.4596085566
134870.6341951098 116141.4964653302
129530.0319801585 116141.4964653302
133737.7791798171 118363.8934911038
134546.9613335976 116141.4964653302
129853.7048416707 120427.5478721792
130015.5412724268 115506.5258865377
130339.2141339390 122332.4596085566

131633.9055799878 116300.2391100283
133575.9427490610 117093.9523335189
134385.1249028415 114554.0700183491
132766.7605952805 119316.3493592924
135032.4706258659 120427.5478721792
133252.2698875488 118046.4082017076
129530.0319801585 116458.9817547264
129691.8684109146 119792.5772933868
130501.0505646951 119633.8346486887
129691.8684109146 117252.6949782170
134708.7977643537 117093.9523335189
130662.8869954512 116617.7243994245
129368.1955494024 118522.6361358019
130501.0505646951 122173.7169638585
133252.2698875488 115506.5258865377

134708.7977643537 119633.8346486887
134708.7977643537 117093.9523335189
130662.8869954512 122173.7169638585
130339.2141339390 121856.2316744623
129206.3591186464 118205.1508464057
130177.3777031829 119951.3199380849
131795.7420107439 115506.5258865377
133737.7791798171 115982.7538206321
132443.0877337683 116141.4964653302
134061.4520413293 119792.5772933868
133737.7791798171 117728.9229123113
129368.1955494024 118363.8934911038
133575.9427490610 117252.6949782170
135032.4706258659 119792.5772933868
130501.0505646951 122173.7169638585

129368.1955494024 118363.8934911038
133252.2698875488 119157.6067145943
133737.7791798171 115982.7538206321
131957.5784415000 117728.9229123113
129530.0319801585 115982.7538206321
134546.9613335976 119792.5772933868
130177.3777031829 115982.7538206321
130177.3777031829 122332.4596085566
133737.7791798171 114712.8126630472
133737.7791798171 117411.4376229151
130986.5598569634 119316.3493592924
130824.7234262073 118205.1508464057
132766.7605952805 116141.4964653302
134061.4520413293 117252.6949782170
135032.4706258659 118840.1214251981

130986.5598569634 115347.7832418396
130501.0505646951 122332.4596085566
129530.0319801585 119951.3199380849
131310.2327184756 118363.8934911038
132604.9241645244 116458.9817547264
129691.8684109146 116617.7243994245
131148.3962877195 120268.8052274811
130339.2141339390 121697.4890297642
130824.7234262073 121697.4890297642
132604.9241645244 119157.6067145943
133575.9427490610 117411.4376229151
130662.8869954512 117093.9523335189
130339.2141339390 118046.4082017076
133737.7791798171 116617.7243994245
129853.7048416707 118840.1214251981

131795.7420107439 116458.9817547264
129206.3591186464 118205.1508464057
132443.0877337683 116141.4964653302
130339.2141339390 115824.0111759340
129206.3591186464 115665.2685312359
133899.6156105732 118046.4082017076
129368.1955494024 115665.2685312359
130177.3777031829 122332.4596085566
134546.9613335976 118046.4082017076
130824.7234262073 118363.8934911038
130015.5412724268 122173.7169638585
132928.5970260366 119316.3493592924
133575.9427490610 116935.2096888208
130339.2141339390 122014.9743191604
130177.3777031829 115824.0111759340

130824.7234262073 118205.1508464057
133252.2698875488 116458.9817547264
132766.7605952805 115982.7538206321
132281.2513030122 117570.1802676132
133575.9427490610 117411.4376229151
130501.0505646951 122173.7169638585
132119.4148722561 117570.1802676132
131633.9055799878 115824.0111759340
133737.7791798171 116617.7243994245
132928.5970260366 118998.8640698962
135032.4706258659 120903.7758062736
132604.9241645244 116300.2391100283
129368.1955494024 118046.4082017076
129691.8684109146 120903.7758062736
134223.2884720854 117570.1802676132

130339.2141339390 121538.7463850660
131310.2327184756 116617.7243994245
129044.5226878902 116935.2096888208
131310.2327184756 115824.0111759340
129368.1955494024 118205.1508464057
131148.3962877195 119951.3199380849
130986.5598569634 118681.3787805000
134385.1249028415 115665.2685312359
132604.9241645244 115982.7538206321
134708.7977643537 116935.2096888208
130177.3777031829 120427.5478721792
134708.7977643537 114554.0700183491
134061.4520413293 116617.7243994245
134870.6341951098 115824.0111759340
132766.7605952805 115347.7832418396

134385.1249028415 119792.5772933868
132119.4148722561 117411.4376229151
133737.7791798171 115824.0111759340
129530.0319801585 118840.1214251981
130177.3777031829 122014.9743191604
130662.8869954512 119316.3493592924
130177.3777031829 116776.4670441226
134061.4520413293 117252.6949782170
130015.5412724268 122491.2022532547
129691.8684109146 118363.8934911038
133899.6156105732 114871.5553077453
135032.4706258659 120586.2905168774
131633.9055799878 115824.0111759340
135032.4706258659 119475.0920039906
131633.9055799878 118363.8934911038

