46616147.6149816141 11745.2433385998
49662709.8445894793 18995.8914489746
50774585.7492903098 19309.2937622070
47188243.6369829550 15743.5354461670
47277632.0189301372 16207.0956726074
50213675.1351281777 19280.7734680176
47400999.0232984498 16601.0627651215
47673570.8389677629 17583.8220825195
46810880.8219644353 13739.2688827515
47170186.3631344438 15596.2236938477
46956719.9587532654 14791.9520950317
46953189.4971570671 14732.5880203247
48667519.6647303924 18511.1546936035
48586745.5434973910 18372.3753814697
49165952.1420726925 18837.2193908691
49010072.7066808045 18602.6212615967
47009643.2985814139 15466.0058097839
49335579.4049550295 18879.6288299561
47540956.3192793876 16765.0704650879
47782328.6356831938 18054.9312896729
47246680.4289487749 15798.6330604553
