50657396.9886507094 19346.7096862793
46330826.4402200282 15647.8203659058
47053792.9696550891 16330.6066894531
48365112.4832862467 18535.0250091553
50793117.5906766504 19368.0063476562
49070263.4902012423 18718.8187408447
49088161.1300972998 18912.5208129883
47849273.5238902122 18095.5654754639
45944945.1181769371 12230.6726832390
49178695.0094185695 19305.1341247559
48217050.8492290601 18515.5754547119
47214341.8942137212 17321.3202056885
48740455.5577383786 18635.3419799805
47673570.8389677629 17583.8220825195
47782328.6356831938 18054.9312896729
