47207391.1573268548 16475.9750976562
48282971.2722595483 19049.3625488281
46647386.2093775645 16048.5486755371
47667227.7970944121 17844.6585845947
50045641.8285404071 19597.5715637207
49489112.8857305795 19456.0195007324
48159370.2083903700 18409.3589324951
46330826.4402200282 15647.8203659058
47053792.9696550891 16330.6066894531
47849273.5238902122 18095.5654754639
45944945.1181769371 12230.6726832390
49178695.0094185695 19305.1341247559
48217050.8492290601 18515.5754547119
47214341.8942137212 17321.3202056885
47782328.6356831938 18054.9312896729
