47849273.5238902122 18095.5654754639
45944945.1181769371 12230.6726832390
46605082.2257004231 13107.4735755920
49178695.0094185695 19305.1341247559
48217050.8492290601 18515.5754547119
46462274.3698317409 12599.4698181152
47214341.8942137212 17321.3202056885
48740455.5577383786 18635.3419799805
50774585.7492903098 19309.2937622070
47188243.6369829550 15743.5354461670
47673570.8389677629 17583.8220825195
46810880.8219644353 13739.2688827515
47170186.3631344438 15596.2236938477
46956719.9587532654 14791.9520950317
46953189.4971570671 14732.5880203247
49165952.1420726925 18837.2193908691
47009643.2985814139 15466.0058097839
47782328.6356831938 18054.9312896729
