122281.5899397719 114406.6469685409
123395.2763750000 113275.7140519246
127372.7279293860 115052.8943494646
119258.7267584386 113437.2758971555
124349.8647480526 114083.5232780791
126259.0414941579 115699.1417303882
121645.1976910702 114729.7706590028
119895.1190071403 112629.4666710009
120372.4131936667 112144.7811353082
123713.4724993509 113114.1522066937
119736.0209449649 116022.2654208500
124827.1589345789 115214.4561946955
126736.3356806842 116506.9509565428
125781.7473076316 114406.6469685409
121327.0015667193 114568.2088137719
124031.6686237018 113760.3995876173
120849.7073801930 117961.0075636210
125145.3550589298 112791.0285162318
122758.8841262982 114406.6469685409
120531.5112558421 117637.8838731591

126259.0414941579 112629.4666710009
127690.9240537368 116830.0746470046
123713.4724993509 113437.2758971555
121327.0015667193 114083.5232780791
121327.0015667193 112952.5903614627
124827.1589345789 115376.0180399264
120054.2170693158 116506.9509565428
124508.9628102281 114891.3325042337
126577.2376185088 114568.2088137719
120690.6093180175 114568.2088137719
119576.9228827895 114729.7706590028
121645.1976910702 113114.1522066937
123395.2763750000 115537.5798851573
122122.4918775965 113921.9614328482
126099.9434319825 113114.1522066937
125622.6492454561 114406.6469685409
125304.4531211053 112791.0285162318
127372.7279293860 116668.5128017737
121804.2957532456 114568.2088137719
120372.4131936667 117153.1983374664

121167.9035045439 114245.0851233100
120054.2170693158 111983.2192900773
126895.4337428596 116345.3891113118
126736.3356806842 115214.4561946955
126259.0414941579 115860.7035756191
125622.6492454561 113921.9614328482
121486.0996288947 114729.7706590028
127372.7279293860 116830.0746470046
121645.1976910702 114245.0851233100
118940.5306340877 114083.5232780791
121804.2957532456 114729.7706590028
124827.1589345789 112952.5903614627
124190.7666858772 115052.8943494646
120054.2170693158 116345.3891113118
127690.9240537368 116668.5128017737
127213.6298672105 115860.7035756191
125304.4531211053 114245.0851233100
121963.3938154210 114406.6469685409
119895.1190071403 116022.2654208500
120531.5112558421 117476.3220279282

121327.0015667193 114568.2088137719
126418.1395563333 115860.7035756191
121645.1976910702 114245.0851233100
126418.1395563333 114406.6469685409
121167.9035045439 114245.0851233100
124827.1589345789 113437.2758971555
127850.0221159123 116345.3891113118
119417.8248206140 112629.4666710009
119099.6286962632 114083.5232780791
124668.0608724035 115699.1417303882
119895.1190071403 115860.7035756191
126895.4337428596 113760.3995876173
121963.3938154210 114406.6469685409
121804.2957532456 113275.7140519246
126418.1395563333 112629.4666710009
120849.7073801930 115376.0180399264
124031.6686237018 113921.9614328482
126736.3356806842 116345.3891113118
120213.3151314912 115860.7035756191
124986.2569967544 114406.6469685409

124349.8647480526 115214.4561946955
126099.9434319825 112791.0285162318
121804.2957532456 113760.3995876173
124031.6686237018 115376.0180399264
118940.5306340877 113760.3995876173
121167.9035045439 114245.0851233100
121486.0996288947 113598.8377423864
120213.3151314912 113921.9614328482
124827.1589345789 113275.7140519246
127372.7279293860 116668.5128017737
123713.4724993509 115214.4561946955
122281.5899397719 114729.7706590028
127690.9240537368 115699.1417303882
125622.6492454561 112952.5903614627
120372.4131936667 115699.1417303882
126736.3356806842 116183.8272660810
125145.3550589298 114406.6469685409
121486.0996288947 114568.2088137719
120849.7073801930 117476.3220279282
119576.9228827895 114568.2088137719

124349.8647480526 115376.0180399264
125145.3550589298 112952.5903614627
121963.3938154210 114245.0851233100
121645.1976910702 113921.9614328482
121645.1976910702 113598.8377423864
127054.5318050351 116668.5128017737
121645.1976910702 114729.7706590028
119895.1190071403 112306.3429805391
126577.2376185088 116183.8272660810
127531.8259915614 116022.2654208500
121645.1976910702 114891.3325042337
127531.8259915614 116668.5128017737
126099.9434319825 114568.2088137719
124668.0608724035 113760.3995876173
120690.6093180175 112791.0285162318
121327.0015667193 114406.6469685409
126895.4337428596 116345.3891113118
125463.5511832807 114083.5232780791
122917.9821884737 115052.8943494646
121008.8054423684 114083.5232780791

121963.3938154210 114729.7706590028
126259.0414941579 113598.8377423864
124986.2569967544 114083.5232780791
127372.7279293860 116668.5128017737
124986.2569967544 115537.5798851573
126577.2376185088 116183.8272660810
124668.0608724035 113921.9614328482
120849.7073801930 116506.9509565428
121327.0015667193 113921.9614328482
124349.8647480526 115052.8943494646
124031.6686237018 115537.5798851573
120849.7073801930 113921.9614328482
122599.7860641228 114568.2088137719
119736.0209449649 114406.6469685409
123713.4724993509 115052.8943494646
119258.7267584386 113598.8377423864
120213.3151314912 117153.1983374664
121486.0996288947 114568.2088137719
127213.6298672105 115537.5798851573
127690.9240537368 116668.5128017737

123554.3744371754 113275.7140519246
119258.7267584386 113921.9614328482
127531.8259915614 115699.1417303882
126895.4337428596 115214.4561946955
123236.1783128245 114891.3325042337
126259.0414941579 113598.8377423864
122599.7860641228 115052.8943494646
121645.1976910702 114568.2088137719
120213.3151314912 114245.0851233100
119576.9228827895 114729.7706590028
119895.1190071403 111983.2192900773
121167.9035045439 112629.4666710009
122917.9821884737 114406.6469685409
126577.2376185088 114245.0851233100
124508.9628102281 115376.0180399264
126895.4337428596 114245.0851233100
121963.3938154210 113598.8377423864
127213.6298672105 115052.8943494646
120531.5112558421 114083.5232780791
125145.3550589298 115699.1417303882

126577.2376185088 114083.5232780791
121963.3938154210 113921.9614328482
125622.6492454561 115376.0180399264
120849.7073801930 116991.6364922355
121327.0015667193 114083.5232780791
126259.0414941579 114568.2088137719
119895.1190071403 115699.1417303882
119576.9228827895 112306.3429805391
127372.7279293860 116345.3891113118
119099.6286962632 114083.5232780791
122599.7860641228 113437.2758971555
122281.5899397719 114245.0851233100
127054.5318050351 115052.8943494646
119099.6286962632 113437.2758971555
122917.9821884737 113921.9614328482
124827.1589345789 115860.7035756191
124190.7666858772 115537.5798851573
125304.4531211053 115699.1417303882
120213.3151314912 113760.3995876173
123872.5705615263 113114.1522066937

125304.4531211053 114729.7706590028
120531.5112558421 114891.3325042337
125304.4531211053 115214.4561946955
126418.1395563333 113437.2758971555
126418.1395563333 115699.1417303882
124508.9628102281 114729.7706590028
119576.9228827895 112144.7811353082
127690.9240537368 116506.9509565428
124827.1589345789 114891.3325042337
119099.6286962632 113437.2758971555
127213.6298672105 115860.7035756191
122281.5899397719 114891.3325042337
124031.6686237018 115376.0180399264
127213.6298672105 114568.2088137719
121327.0015667193 113114.1522066937
120213.3151314912 114245.0851233100
120849.7073801930 115537.5798851573
126736.3356806842 114891.3325042337
121963.3938154210 113760.3995876173
121645.1976910702 113437.2758971555

127690.9240537368 116830.0746470046
126099.9434319825 113921.9614328482
124668.0608724035 115052.8943494646
121008.8054423684 114729.7706590028
126577.2376185088 113437.2758971555
125463.5511832807 113114.1522066937
121327.0015667193 114891.3325042337
121963.3938154210 113921.9614328482
125781.7473076316 113114.1522066937
120213.3151314912 116830.0746470046
120054.2170693158 112467.9048257700
120690.6093180175 115376.0180399264
124827.1589345789 115214.4561946955
125463.5511832807 114245.0851233100
124190.7666858772 115537.5798851573
124508.9628102281 115537.5798851573
124349.8647480526 115214.4561946955
126736.3356806842 116345.3891113118
126577.2376185088 112952.5903614627
121804.2957532456 114245.0851233100

120372.4131936667 112467.9048257700
121963.3938154210 114406.6469685409
119736.0209449649 114568.2088137719
126099.9434319825 113275.7140519246
124349.8647480526 115699.1417303882
121167.9035045439 114245.0851233100
120690.6093180175 115052.8943494646
126736.3356806842 116022.2654208500
122281.5899397719 114891.3325042337
119736.0209449649 112306.3429805391
126418.1395563333 116345.3891113118
123554.3744371754 115214.4561946955
121645.1976910702 114406.6469685409
121804.2957532456 115052.8943494646
120849.7073801930 117961.0075636210
125622.6492454561 113114.1522066937
127213.6298672105 116668.5128017737
124986.2569967544 115537.5798851573
124986.2569967544 114891.3325042337
124827.1589345789 115537.5798851573

126418.1395563333 116345.3891113118
121167.9035045439 114729.7706590028
127213.6298672105 115052.8943494646
120690.6093180175 117637.8838731591
126895.4337428596 116506.9509565428
121804.2957532456 113437.2758971555
122599.7860641228 113760.3995876173
125781.7473076316 113275.7140519246
124349.8647480526 114729.7706590028
121486.0996288947 114406.6469685409
121645.1976910702 113114.1522066937
119736.0209449649 111983.2192900773
119895.1190071403 116345.3891113118
126895.4337428596 114729.7706590028
124668.0608724035 114245.0851233100
120213.3151314912 117153.1983374664
119417.8248206140 112791.0285162318
126099.9434319825 114245.0851233100
126577.2376185088 114891.3325042337
119099.6286962632 114083.5232780791

119736.0209449649 113598.8377423864
124986.2569967544 115537.5798851573
122440.6880019474 113275.7140519246
121327.0015667193 114891.3325042337
121963.3938154210 115052.8943494646
122281.5899397719 114406.6469685409
121804.2957532456 114729.7706590028
121804.2957532456 114245.0851233100
121804.2957532456 113921.9614328482
122281.5899397719 115214.4561946955
120690.6093180175 117799.4457183901
121486.0996288947 114568.2088137719
122122.4918775965 114406.6469685409
121804.2957532456 114083.5232780791
120531.5112558421 116668.5128017737
122599.7860641228 113921.9614328482
123713.4724993509 114406.6469685409
120372.4131936667 116668.5128017737
124031.6686237018 115699.1417303882
126895.4337428596 116183.8272660810

122440.6880019474 114083.5232780791
123872.5705615263 115214.4561946955
125622.6492454561 114245.0851233100
124508.9628102281 112952.5903614627
119258.7267584386 113598.8377423864
119576.9228827895 114729.7706590028
127054.5318050351 116022.2654208500
121327.0015667193 114891.3325042337
127372.7279293860 116830.0746470046
120372.4131936667 112629.4666710009
123077.0802506491 114568.2088137719
125781.7473076316 115214.4561946955
125304.4531211053 115699.1417303882
126736.3356806842 115860.7035756191
121963.3938154210 114568.2088137719
120690.6093180175 117153.1983374664
124190.7666858772 115376.0180399264
119895.1190071403 114245.0851233100
124986.2569967544 113437.2758971555
121645.1976910702 113598.8377423864

121327.0015667193 114729.7706590028
122281.5899397719 114729.7706590028
127054.5318050351 116345.3891113118
120531.5112558421 116830.0746470046
118940.5306340877 113760.3995876173
121804.2957532456 114245.0851233100
125781.7473076316 113437.2758971555
125463.5511832807 115537.5798851573
126259.0414941579 114083.5232780791
123236.1783128245 115052.8943494646
124508.9628102281 114568.2088137719
127531.8259915614 116668.5128017737
120849.7073801930 116668.5128017737
121804.2957532456 113921.9614328482
120054.2170693158 116830.0746470046
120213.3151314912 114245.0851233100
126736.3356806842 115052.8943494646
121167.9035045439 112791.0285162318
122758.8841262982 113437.2758971555
119417.8248206140 112467.9048257700

126577.2376185088 113921.9614328482
121645.1976910702 114729.7706590028
125622.6492454561 114729.7706590028
120372.4131936667 116183.8272660810
120849.7073801930 117153.1983374664
123713.4724993509 114568.2088137719
126895.4337428596 116506.9509565428
121327.0015667193 114891.3325042337
122122.4918775965 114729.7706590028
124031.6686237018 115214.4561946955
124827.1589345789 115699.1417303882
119417.8248206140 114406.6469685409
126577.2376185088 113760.3995876173
126895.4337428596 113760.3995876173
126895.4337428596 115052.8943494646
119736.0209449649 115860.7035756191
125145.3550589298 115376.0180399264
126099.9434319825 114083.5232780791
121486.0996288947 114568.2088137719
120054.2170693158 115699.1417303882

127372.7279293860 116830.0746470046
126418.1395563333 114729.7706590028
127054.5318050351 116506.9509565428
120531.5112558421 117153.1983374664
126099.9434319825 114245.0851233100
124508.9628102281 114406.6469685409
120690.6093180175 115860.7035756191
122281.5899397719 113598.8377423864
125145.3550589298 114891.3325042337
119736.0209449649 116022.2654208500
127054.5318050351 114568.2088137719
127372.7279293860 116345.3891113118
124827.1589345789 115052.8943494646
120054.2170693158 113114.1522066937
121486.0996288947 114568.2088137719
119258.7267584386 113598.8377423864
124190.7666858772 115052.8943494646
122917.9821884737 114245.0851233100
119576.9228827895 112629.4666710009
121804.2957532456 114729.7706590028

