49489112.8857305795 19456.0195007324
48159370.2083903700 18409.3589324951
46814717.1480423287 15803.5786514282
48306154.0230859891 18878.7132720947
46330826.4402200282 15647.8203659058
47053792.9696550891 16330.6066894531
49088161.1300972998 18912.5208129883
47849273.5238902122 18095.5654754639
45944945.1181769371 12230.6726832390
49178695.0094185695 19305.1341247559
48217050.8492290601 18515.5754547119
47214341.8942137212 17321.3202056885
47673570.8389677629 17583.8220825195
47782328.6356831938 18054.9312896729
