129627.4808727167 129433.8392416667
128194.2541938167 128311.9332350000
129468.2334639500 128151.6609483333
128671.9964201167 128953.0223816667
129468.2334639500 129754.3838150000

129945.9756902500 127991.3886616667
128194.2541938167 130716.0175350000
129627.4808727167 129594.1115283333
129468.2334639500 129594.1115283333
128512.7490113500 128792.7500950000

130582.9653253167 127190.0272283333
128671.9964201167 128792.7500950000
129627.4808727167 127831.1163750000
129945.9756902500 128151.6609483333
129468.2334639500 129754.3838150000

129468.2334639500 129594.1115283333
129468.2334639500 128151.6609483333
128990.4912376500 127831.1163750000
129468.2334639500 129754.3838150000
129627.4808727167 129433.8392416667

128194.2541938167 128151.6609483333
129945.9756902500 129594.1115283333
130582.9653253167 127190.0272283333
127557.2645587500 129273.5669550000
129468.2334639500 129594.1115283333

128194.2541938167 128151.6609483333
128671.9964201167 128953.0223816667
127398.0171499833 129433.8392416667
128671.9964201167 128632.4778083334
129627.4808727167 129754.3838150000

129308.9860551833 127831.1163750000
129627.4808727167 129433.8392416667
130423.7179165500 127190.0272283333
129468.2334639500 129754.3838150000
128831.2438288833 128792.7500950000

130582.9653253167 127190.0272283333
129786.7282814833 127991.3886616667
129468.2334639500 129754.3838150000
128194.2541938167 128632.4778083334
128035.0067850500 130235.2006750000

129627.4808727167 129273.5669550000
128353.5016025833 128632.4778083334
129627.4808727167 129754.3838150000
130582.9653253167 127190.0272283333
129945.9756902500 127991.3886616667

