115499.5538037589 122216.6623112340
112315.3168891161 120608.6334320851
110563.9865860625 119804.6189925106
114862.7064208303 121412.6478716596
113589.0116549732 123181.4796387234
110404.7747403304 120126.2247683404
112633.7405805804 120930.2392079149
111996.8931976518 119965.4218804255
113270.5879635089 122859.8738628936
111837.6813519196 122699.0709749787

112315.3168891161 120769.4363200000
111041.6221232589 119483.0132166808
112792.9524263125 121251.8449837447
112315.3168891161 119804.6189925106
114862.7064208303 121895.0565354042
115340.3419580268 121895.0565354042
112633.7405805804 123503.0854145532
111996.8931976518 120608.6334320851
114544.2827293661 121412.6478716596
110723.1984317946 120126.2247683404

114544.2827293661 121573.4507595745
116932.4604153482 123342.2825266383
114862.7064208303 121734.2536474894
115181.1301122946 121734.2536474894
112474.5287348482 120608.6334320851
110245.5628945982 119804.6189925106
112156.1050433839 120287.0276562553
110723.1984317946 119965.4218804255
111519.2576604554 119804.6189925106
117887.7314897411 123824.6911903830

113907.4353464375 122699.0709749787
110882.4102775268 120287.0276562553
111360.0458147232 119965.4218804255
112156.1050433839 119804.6189925106
113589.0116549732 123020.6767508085
118365.3670269375 124146.2969662128
112474.5287348482 119804.6189925106
112792.9524263125 121251.8449837447
115499.5538037589 122055.8594233192
111678.4695061875 119965.4218804255

114862.7064208303 122216.6623112340
112315.3168891161 120608.6334320851
112315.3168891161 119804.6189925106
112315.3168891161 120447.8305441702
111837.6813519196 122377.4651991489
112315.3168891161 119965.4218804255
112474.5287348482 122216.6623112340
112474.5287348482 120769.4363200000
112315.3168891161 120287.0276562553
115340.3419580268 122055.8594233192

110563.9865860625 120287.0276562553
110245.5628945982 120287.0276562553
113429.7998092411 122859.8738628936
112315.3168891161 120608.6334320851
115021.9182665625 121573.4507595745
111996.8931976518 120769.4363200000
112633.7405805804 123020.6767508085
112474.5287348482 119965.4218804255
116136.4011866875 122859.8738628936
115340.3419580268 122216.6623112340

