112315.3168891161 120608.6334320851
112315.3168891161 122699.0709749787
115340.3419580268 121895.0565354042
111519.2576604554 122055.8594233192
111041.6221232589 118678.9987771064
110723.1984317946 120126.2247683404
115817.9774952232 122699.0709749787
112474.5287348482 121091.0420958298
112315.3168891161 120287.0276562553
110245.5628945982 119804.6189925106

115021.9182665625 121734.2536474894
111837.6813519196 122538.2680870638
112315.3168891161 119643.8161045957
113589.0116549732 123020.6767508085
112474.5287348482 120608.6334320851
112633.7405805804 120608.6334320851
110404.7747403304 119965.4218804255
110563.9865860625 119965.4218804255
111996.8931976518 120126.2247683404
111996.8931976518 120287.0276562553

112156.1050433839 120126.2247683404
112156.1050433839 119643.8161045957
115817.9774952232 122699.0709749787
114544.2827293661 121734.2536474894
110245.5628945982 119161.4074408510
112633.7405805804 120287.0276562553
118206.1551812054 123985.4940782979
112315.3168891161 120769.4363200000
112315.3168891161 120930.2392079149
111837.6813519196 123020.6767508085

112474.5287348482 120287.0276562553
118365.3670269375 124146.2969662128
112474.5287348482 121091.0420958298
114066.6471921696 123663.8883024681
110245.5628945982 120447.8305441702
113111.3761177768 123342.2825266383
114862.7064208303 121734.2536474894
110882.4102775268 119643.8161045957
115499.5538037589 122538.2680870638
115499.5538037589 121895.0565354042

111678.4695061875 119965.4218804255
112474.5287348482 123342.2825266383
118524.5788726696 124307.0998541277
111996.8931976518 119643.8161045957
110404.7747403304 119322.2103287660
112156.1050433839 120608.6334320851
115658.7656494911 122377.4651991489
111996.8931976518 120287.0276562553
114703.4945750982 121573.4507595745
111519.2576604554 122699.0709749787

111200.8339689911 119804.6189925106
110404.7747403304 119322.2103287660
112315.3168891161 120930.2392079149
110404.7747403304 120769.4363200000
111837.6813519196 120126.2247683404
114544.2827293661 121412.6478716596
112156.1050433839 120447.8305441702
112633.7405805804 120608.6334320851
113748.2235007054 122699.0709749787
114862.7064208303 121734.2536474894

111678.4695061875 119643.8161045957
112474.5287348482 120287.0276562553
114385.0708836339 123663.8883024681
112474.5287348482 120769.4363200000
110723.1984317946 120447.8305441702
111678.4695061875 120126.2247683404
115340.3419580268 121895.0565354042
112474.5287348482 120608.6334320851
115817.9774952232 122216.6623112340
118365.3670269375 124146.2969662128

