130501.0505646951 119475.0920039906
131148.3962877195 118046.4082017076
134708.7977643537 120745.0331615755
130177.3777031829 122173.7169638585
135194.3070566220 120427.5478721792
131795.7420107439 116300.2391100283
131472.0691492317 115665.2685312359
130177.3777031829 118046.4082017076
134061.4520413293 117252.6949782170
132443.0877337683 116458.9817547264
130824.7234262073 118046.4082017076
129691.8684109146 116935.2096888208
129206.3591186464 115665.2685312359
134546.9613335976 114554.0700183491
132766.7605952805 116300.2391100283

134061.4520413293 114712.8126630472
132443.0877337683 117093.9523335189
130339.2141339390 122173.7169638585
130015.5412724268 116458.9817547264
130986.5598569634 119157.6067145943
133252.2698875488 115824.0111759340
130662.8869954512 117093.9523335189
131310.2327184756 116617.7243994245
132119.4148722561 115189.0405971415
134870.6341951098 117252.6949782170
134385.1249028415 117093.9523335189
129206.3591186464 116776.4670441226
132766.7605952805 116776.4670441226
129691.8684109146 116617.7243994245
131795.7420107439 116935.2096888208

132281.2513030122 117570.1802676132
134223.2884720854 118998.8640698962
130824.7234262073 121538.7463850660
129853.7048416707 116935.2096888208
132766.7605952805 116935.2096888208
130339.2141339390 117887.6655570094
133899.6156105732 115982.7538206321
129530.0319801585 116458.9817547264
132443.0877337683 118046.4082017076
134546.9613335976 119316.3493592924
130177.3777031829 122173.7169638585
130501.0505646951 122332.4596085566
134870.6341951098 116776.4670441226
133414.1063183049 117093.9523335189
135032.4706258659 120903.7758062736

129853.7048416707 115506.5258865377
132604.9241645244 116300.2391100283
132119.4148722561 118840.1214251981
134223.2884720854 116617.7243994245
133252.2698875488 114871.5553077453
129530.0319801585 118998.8640698962
135194.3070566220 121221.2610956698
132928.5970260366 117411.4376229151
130177.3777031829 116935.2096888208
130824.7234262073 119157.6067145943
131795.7420107439 116776.4670441226
129044.5226878902 115665.2685312359
131148.3962877195 120903.7758062736
132281.2513030122 115030.2979524434
134708.7977643537 115030.2979524434

134061.4520413293 119951.3199380849
130662.8869954512 119316.3493592924
132443.0877337683 118998.8640698962
130339.2141339390 117093.9523335189
131148.3962877195 121380.0037403679
135032.4706258659 121062.5184509717
130824.7234262073 115665.2685312359
133737.7791798171 117411.4376229151
129530.0319801585 115665.2685312359
130339.2141339390 122491.2022532547
129368.1955494024 118205.1508464057
131633.9055799878 115824.0111759340
132119.4148722561 117093.9523335189
132928.5970260366 119157.6067145943
134546.9613335976 118681.3787805000

132119.4148722561 117411.4376229151
134385.1249028415 118998.8640698962
131310.2327184756 115189.0405971415
134385.1249028415 118522.6361358019
130501.0505646951 116458.9817547264
131310.2327184756 118363.8934911038
129691.8684109146 119633.8346486887
130662.8869954512 121856.2316744623
131633.9055799878 115665.2685312359
135194.3070566220 121062.5184509717
134061.4520413293 117411.4376229151
129368.1955494024 119157.6067145943
134708.7977643537 119633.8346486887
128882.6862571341 116617.7243994245
132766.7605952805 118998.8640698962

132766.7605952805 119157.6067145943
132443.0877337683 118840.1214251981
130986.5598569634 118522.6361358019
133252.2698875488 115824.0111759340
134223.2884720854 115506.5258865377
132604.9241645244 119316.3493592924
129853.7048416707 117093.9523335189
130339.2141339390 122332.4596085566
129853.7048416707 119792.5772933868
134546.9613335976 119633.8346486887
133899.6156105732 116776.4670441226
129206.3591186464 118363.8934911038
133575.9427490610 116458.9817547264
133252.2698875488 116935.2096888208
130662.8869954512 116617.7243994245

134708.7977643537 114554.0700183491
129206.3591186464 118363.8934911038
129853.7048416707 119792.5772933868
133252.2698875488 115824.0111759340
130339.2141339390 122332.4596085566
130339.2141339390 121697.4890297642
132766.7605952805 119157.6067145943
134546.9613335976 119633.8346486887
132604.9241645244 119316.3493592924
130986.5598569634 118522.6361358019
134385.1249028415 119475.0920039906
130015.5412724268 116141.4964653302
130662.8869954512 116617.7243994245
133575.9427490610 116935.2096888208
135032.4706258659 119633.8346486887

133252.2698875488 117411.4376229151
131148.3962877195 115506.5258865377
134708.7977643537 117887.6655570094
135032.4706258659 120586.2905168774
132604.9241645244 116776.4670441226
129691.8684109146 115665.2685312359
129368.1955494024 115824.0111759340
130662.8869954512 119475.0920039906
134223.2884720854 115982.7538206321
131957.5784415000 117411.4376229151
130339.2141339390 116141.4964653302
131633.9055799878 116141.4964653302
132928.5970260366 117728.9229123113
128882.6862571341 116776.4670441226
133575.9427490610 118840.1214251981

