36748014.6993891820 528340.1835937500
34029626.5767275691 516347.4667968750
36188403.5891040787 527995.6054687500
35616478.4682109803 525229.4765625000
37815869.9703264982 528967.1601562500
35719921.9430634901 526458.8085937500
36172541.4771203995 527200.0644531250
35228362.5379740074 524589.6367187500
34948018.7828099877 522968.1718750000
34593842.1865635738 520491.9921875000
35065080.4685231671 524109.1972656250
33988798.1322652400 505005.3613281250
33508228.4096712247 500979.6074218750
37147456.6587942764 528573.2265625000
