35065080.4685231671 524109.1972656250
34080293.7031478733 505071.5742187500
34943852.3187831044 515595.1132812500
33988798.1322652400 505005.3613281250
33508228.4096712247 500979.6074218750
34286807.2620510012 512170.0253906250
37004987.8999390975 528297.4882812500
36148590.8019526452 524574.4335937500
36142601.3850092143 524434.2519531250
34842899.0636373311 513194.5937500000
35022093.3165396750 517054.9082031250
34858975.6753244177 514612.8378906250
36984932.5432269201 527506.7207031250
37147456.6587942764 528573.2265625000
36213701.7844957709 524729.5839843750
