122297.5253497222 127085.3188691397
119600.6482630185 126926.2200683309
120711.1270634259 126767.1212675221
122138.8855210926 127880.8128731838
117855.6101480926 124380.6392553897
118807.4491198704 126767.1212675221
120869.7668920556 128517.2080764191
118966.0889485000 122312.3548448750
119759.2880916481 121198.6632392132
124835.7626077963 123585.1452513456
117696.9703194630 127085.3188691397
123725.2838073889 125971.6272634779
119917.9279202778 125494.3308610515
122773.4448356111 121675.9596416397
121980.2456924630 122153.2560440662
124518.4829505370 125017.0344586250
117379.6906622037 125812.5284626691
117221.0508335741 124380.6392553897
120393.8474061667 121675.9596416397
118014.2499767222 126289.8248650956
118966.0889485000 130585.4924869338
119124.7287771296 123903.3428529633
119600.6482630185 122471.4536456838
120869.7668920556 123903.3428529633
121504.3262065741 127403.5164707574

123408.0041501296 125335.2320602426
120076.5677489074 127880.8128731838
118966.0889485000 130585.4924869338
120552.4872347963 127721.7140723750
122297.5253497222 127403.5164707574
122297.5253497222 121835.0584424485
119124.7287771296 128676.3068772279
124835.7626077963 125176.1332594338
118331.5296339815 130585.4924869338
124201.2032932778 124380.6392553897
121504.3262065741 128517.2080764191
118331.5296339815 122471.4536456838
121662.9660352037 127085.3188691397
117696.9703194630 123426.0464505368
122614.8050069815 127403.5164707574
120076.5677489074 122312.3548448750
120076.5677489074 121516.8608408309
119917.9279202778 128676.3068772279
119917.9279202778 121835.0584424485
120235.2075775370 121198.6632392132
118807.4491198704 127403.5164707574
117221.0508335741 125971.6272634779
121028.4067206852 121357.7620400221
118966.0889485000 123744.2440521544
123408.0041501296 121039.5644384044

118014.2499767222 123107.8488489191
124994.4024364259 124857.9356578162
121662.9660352037 121198.6632392132
118014.2499767222 129153.6032796544
118172.8898053518 122789.6512473015
121028.4067206852 128676.3068772279
121345.6863779444 121198.6632392132
120235.2075775370 121835.0584424485
120393.8474061667 126289.8248650956
119442.0084343889 121994.1572432573
119600.6482630185 126926.2200683309
119600.6482630185 123585.1452513456
121821.6058638333 122630.5524464927
118648.8092912407 122471.4536456838
117379.6906622037 126608.0224667132
123249.3643215000 124539.7380561985
122456.1651783518 127562.6152715662
123883.9236360185 123903.3428529633
118966.0889485000 127880.8128731838
121187.0465493148 126608.0224667132
117062.4110049445 125017.0344586250
117538.3304908333 127562.6152715662
117538.3304908333 124380.6392553897
119917.9279202778 128199.0104748015
122773.4448356111 127085.3188691397

118172.8898053518 123585.1452513456
123090.7244928704 121357.7620400221
121504.3262065741 121994.1572432573
117855.6101480926 124062.4416537721
118807.4491198704 122153.2560440662
122138.8855210926 127244.4176699485
118966.0889485000 128994.5044788456
118014.2499767222 128039.9116739927
124201.2032932778 124539.7380561985
119283.3686057593 126926.2200683309
120076.5677489074 121835.0584424485
122773.4448356111 127244.4176699485
122932.0846642407 121675.9596416397
117855.6101480926 128994.5044788456
119283.3686057593 122153.2560440662
121187.0465493148 127403.5164707574
121662.9660352037 122153.2560440662
120869.7668920556 124698.8368570074
118648.8092912407 126448.9236659044
118331.5296339815 123903.3428529633
119124.7287771296 125335.2320602426
121345.6863779444 128358.1092756103
118490.1694626111 123107.8488489191
118807.4491198704 127562.6152715662
119442.0084343889 123585.1452513456

119124.7287771296 128199.0104748015
122297.5253497222 121994.1572432573
121662.9660352037 128199.0104748015
117538.3304908333 125176.1332594338
117855.6101480926 126608.0224667132
120552.4872347963 121516.8608408309
118014.2499767222 128358.1092756103
121821.6058638333 122153.2560440662
124994.4024364259 124062.4416537721
119124.7287771296 125494.3308610515
120076.5677489074 122153.2560440662
120869.7668920556 121357.7620400221
118966.0889485000 126926.2200683309
124994.4024364259 125653.4296618603
122297.5253497222 127562.6152715662
121980.2456924630 121994.1572432573
122138.8855210926 121357.7620400221
119600.6482630185 121994.1572432573
121504.3262065741 121835.0584424485
123566.6439787593 125653.4296618603
118331.5296339815 128358.1092756103
120552.4872347963 127244.4176699485
122773.4448356111 121516.8608408309
121028.4067206852 125494.3308610515
119442.0084343889 127562.6152715662

122456.1651783518 124062.4416537721
117379.6906622037 124539.7380561985
120711.1270634259 128039.9116739927
122297.5253497222 121835.0584424485
122456.1651783518 126926.2200683309
118172.8898053518 123266.9476497279
120393.8474061667 126926.2200683309
120076.5677489074 122312.3548448750
118490.1694626111 129630.8996820809
121028.4067206852 126130.7260642868
120393.8474061667 121675.9596416397
121821.6058638333 124539.7380561985
119442.0084343889 121516.8608408309
120869.7668920556 127085.3188691397
119917.9279202778 128039.9116739927
121028.4067206852 121516.8608408309
118807.4491198704 122471.4536456838
121662.9660352037 121516.8608408309
124518.4829505370 124698.8368570074
121345.6863779444 121357.7620400221
118331.5296339815 128358.1092756103
118807.4491198704 127085.3188691397
124994.4024364259 123585.1452513456
118966.0889485000 121516.8608408309
120235.2075775370 125335.2320602426

118172.8898053518 127721.7140723750
118331.5296339815 127403.5164707574
118807.4491198704 121675.9596416397
120393.8474061667 125017.0344586250
119759.2880916481 121835.0584424485
122773.4448356111 125653.4296618603
121504.3262065741 127085.3188691397
122297.5253497222 122153.2560440662
123249.3643215000 125494.3308610515
121345.6863779444 128199.0104748015
121187.0465493148 124539.7380561985
121504.3262065741 121516.8608408309
118331.5296339815 128517.2080764191
121504.3262065741 127880.8128731838
118331.5296339815 122948.7500481103
123566.6439787593 123585.1452513456
120235.2075775370 128994.5044788456
117696.9703194630 128199.0104748015
120711.1270634259 121994.1572432573
118966.0889485000 127403.5164707574
122614.8050069815 127244.4176699485
119283.3686057593 125017.0344586250
119283.3686057593 126289.8248650956
118014.2499767222 129471.8008812721
119917.9279202778 129949.0972836985

123090.7244928704 125653.4296618603
117855.6101480926 128517.2080764191
124835.7626077963 123903.3428529633
121345.6863779444 127403.5164707574
119283.3686057593 127403.5164707574
121662.9660352037 121675.9596416397
119124.7287771296 126130.7260642868
118966.0889485000 123426.0464505368
122456.1651783518 121357.7620400221
118807.4491198704 130108.1960845073
118966.0889485000 122789.6512473015
118014.2499767222 123266.9476497279
123249.3643215000 121039.5644384044
118331.5296339815 128039.9116739927
120711.1270634259 128835.4056780368
121345.6863779444 121675.9596416397
121980.2456924630 127721.7140723750
121980.2456924630 121357.7620400221
123090.7244928704 121516.8608408309
119759.2880916481 129630.8996820809
117538.3304908333 124062.4416537721
120711.1270634259 123903.3428529633
118331.5296339815 123585.1452513456
119759.2880916481 122471.4536456838
118966.0889485000 121675.9596416397

117538.3304908333 123585.1452513456
119124.7287771296 122948.7500481103
121345.6863779444 128358.1092756103
119283.3686057593 128517.2080764191
122297.5253497222 124698.8368570074
123883.9236360185 125176.1332594338
121980.2456924630 128039.9116739927
118014.2499767222 129153.6032796544
119917.9279202778 122153.2560440662
120711.1270634259 121357.7620400221
118014.2499767222 128676.3068772279
117379.6906622037 126448.9236659044
121504.3262065741 124857.9356578162
120076.5677489074 128039.9116739927
118331.5296339815 123426.0464505368
119124.7287771296 121675.9596416397
120076.5677489074 123426.0464505368
121187.0465493148 127562.6152715662
122456.1651783518 121516.8608408309
121187.0465493148 121516.8608408309
118172.8898053518 123903.3428529633
118648.8092912407 122630.5524464927
120869.7668920556 122312.3548448750
124994.4024364259 125653.4296618603
120235.2075775370 124380.6392553897

118014.2499767222 128676.3068772279
123090.7244928704 121039.5644384044
120711.1270634259 127880.8128731838
120235.2075775370 126130.7260642868
120235.2075775370 121835.0584424485
120076.5677489074 129630.8996820809
119600.6482630185 121357.7620400221
123566.6439787593 125653.4296618603
123883.9236360185 125653.4296618603
120711.1270634259 121516.8608408309
122138.8855210926 127085.3188691397
123725.2838073889 124221.5404545809
119917.9279202778 128199.0104748015
120235.2075775370 128199.0104748015
119917.9279202778 124062.4416537721
117696.9703194630 123903.3428529633
120711.1270634259 122153.2560440662
120711.1270634259 128517.2080764191
117538.3304908333 125017.0344586250
119124.7287771296 130744.5912877427
118172.8898053518 124221.5404545809
122297.5253497222 121994.1572432573
118966.0889485000 129153.6032796544
121028.4067206852 121516.8608408309
120869.7668920556 124857.9356578162

123883.9236360185 126448.9236659044
121187.0465493148 121835.0584424485
119124.7287771296 124539.7380561985
118014.2499767222 129471.8008812721
122932.0846642407 126767.1212675221
118648.8092912407 126608.0224667132
122614.8050069815 121357.7620400221
119600.6482630185 129471.8008812721
120235.2075775370 128039.9116739927
118966.0889485000 126448.9236659044
118172.8898053518 127880.8128731838
124994.4024364259 124062.4416537721
121504.3262065741 126608.0224667132
119600.6482630185 124221.5404545809
117855.6101480926 128676.3068772279
118648.8092912407 129949.0972836985
121504.3262065741 128358.1092756103
119442.0084343889 126448.9236659044
119600.6482630185 122471.4536456838
121662.9660352037 125335.2320602426
121345.6863779444 121198.6632392132
120711.1270634259 121835.0584424485
118490.1694626111 127403.5164707574
124518.4829505370 125971.6272634779
118648.8092912407 131221.8876901691

118490.1694626111 122789.6512473015
120869.7668920556 122153.2560440662
117062.4110049445 124062.4416537721
118331.5296339815 123744.2440521544
121345.6863779444 122153.2560440662
119124.7287771296 121198.6632392132
122773.4448356111 126767.1212675221
120076.5677489074 122312.3548448750
119759.2880916481 122153.2560440662
120552.4872347963 121357.7620400221
119442.0084343889 126926.2200683309
120552.4872347963 127244.4176699485
118172.8898053518 124539.7380561985
117696.9703194630 124539.7380561985
118172.8898053518 129471.8008812721
121187.0465493148 125494.3308610515
120869.7668920556 127721.7140723750
118966.0889485000 122153.2560440662
121821.6058638333 128199.0104748015
118172.8898053518 126767.1212675221
120869.7668920556 121835.0584424485
121504.3262065741 121675.9596416397
118331.5296339815 127721.7140723750
124201.2032932778 126289.8248650956
120235.2075775370 122312.3548448750

118966.0889485000 127403.5164707574
117696.9703194630 128039.9116739927
122456.1651783518 121835.0584424485
118966.0889485000 128676.3068772279
120235.2075775370 122630.5524464927
118807.4491198704 127721.7140723750
121662.9660352037 128199.0104748015
117855.6101480926 123585.1452513456
118172.8898053518 123426.0464505368
120869.7668920556 122471.4536456838
119600.6482630185 122312.3548448750
122138.8855210926 124698.8368570074
117696.9703194630 127562.6152715662
123725.2838073889 125494.3308610515
120711.1270634259 121516.8608408309
121821.6058638333 127244.4176699485
118490.1694626111 125812.5284626691
119759.2880916481 126767.1212675221
119124.7287771296 124380.6392553897
118172.8898053518 125653.4296618603
119759.2880916481 121994.1572432573
120076.5677489074 121835.0584424485
124518.4829505370 123744.2440521544
119283.3686057593 122948.7500481103
119600.6482630185 125971.6272634779

