22390386.8832613342 74517.6066131592
22755119.8080032170 81994.0800781250
22245136.4338712245 63095.0142211914
23029724.0877414644 92270.9355468750
22791800.4887119047 82376.7212524414
22699403.3951332569 81196.3710937500
22289486.8130031377 66420.5106201172
22917119.2615681030 90547.4501953125
22827423.8272352852 84357.7050781250
22460277.4793148302 77179.6651000977
23330547.4856122211 94228.6953125000
22639853.9025255330 81137.6986999512
22806709.6830909513 82504.7229003906
22610291.6698885038 79388.6529541016
22901504.6295564212 87954.8569335938
22899678.9925198331 85647.3603515625
