112315.3168891161 119804.6189925106
110563.9865860625 119643.8161045957
112156.1050433839 122538.2680870638
112315.3168891161 120930.2392079149
111678.4695061875 122377.4651991489
113748.2235007054 123181.4796387234
112315.3168891161 120769.4363200000
112633.7405805804 120930.2392079149
114066.6471921696 123181.4796387234
111837.6813519196 117070.9698979574

112156.1050433839 120287.0276562553
112633.7405805804 120608.6334320851
118365.3670269375 124146.2969662128
111678.4695061875 120608.6334320851
110563.9865860625 120608.6334320851
114385.0708836339 121573.4507595745
111200.8339689911 121895.0565354042
112792.9524263125 123663.8883024681
115340.3419580268 121734.2536474894
112474.5287348482 121091.0420958298

112474.5287348482 120769.4363200000
114225.8590379018 121573.4507595745
118365.3670269375 124146.2969662128
114862.7064208303 121895.0565354042
115658.7656494911 122377.4651991489
118524.5788726696 124307.0998541277
115340.3419580268 121734.2536474894
111519.2576604554 120126.2247683404
112315.3168891161 120930.2392079149
111678.4695061875 120126.2247683404

115499.5538037589 124146.2969662128
111678.4695061875 119965.4218804255
111996.8931976518 119804.6189925106
112952.1642720446 123020.6767508085
115340.3419580268 122055.8594233192
118524.5788726696 124307.0998541277
114862.7064208303 121895.0565354042
115817.9774952232 122216.6623112340
110563.9865860625 120287.0276562553
110563.9865860625 119322.2103287660

115977.1893409554 122216.6623112340
111837.6813519196 120930.2392079149
111200.8339689911 119965.4218804255
111837.6813519196 120126.2247683404
110882.4102775268 119804.6189925106
118046.9433354732 123985.4940782979
111837.6813519196 122377.4651991489
112474.5287348482 120447.8305441702
112792.9524263125 120447.8305441702
115499.5538037589 122216.6623112340

112633.7405805804 120769.4363200000
113111.3761177768 122859.8738628936
112156.1050433839 119965.4218804255
110245.5628945982 120769.4363200000
110563.9865860625 119804.6189925106
118046.9433354732 123985.4940782979
112315.3168891161 120769.4363200000
111519.2576604554 123020.6767508085
110563.9865860625 120447.8305441702
115499.5538037589 122055.8594233192

112315.3168891161 119483.0132166808
112315.3168891161 120287.0276562553
110882.4102775268 119643.8161045957
112315.3168891161 123181.4796387234
110245.5628945982 120769.4363200000
114544.2827293661 121734.2536474894
112315.3168891161 120930.2392079149
112315.3168891161 120769.4363200000
111360.0458147232 119804.6189925106
111996.8931976518 120447.8305441702

110563.9865860625 119804.6189925106
118524.5788726696 124307.0998541277
115977.1893409554 122216.6623112340
115499.5538037589 122377.4651991489
112633.7405805804 122859.8738628936
117569.3077982768 123503.0854145532
110404.7747403304 120287.0276562553
111678.4695061875 120287.0276562553
113270.5879635089 121091.0420958298
112315.3168891161 120608.6334320851

118524.5788726696 124307.0998541277
112315.3168891161 120608.6334320851
110563.9865860625 120447.8305441702
110563.9865860625 119804.6189925106
112633.7405805804 122859.8738628936
111678.4695061875 120287.0276562553
110723.1984317946 118678.9987771064
115499.5538037589 121895.0565354042
110723.1984317946 119322.2103287660
115977.1893409554 122216.6623112340

112156.1050433839 120608.6334320851
110245.5628945982 120447.8305441702
114385.0708836339 121573.4507595745
111996.8931976518 119965.4218804255
112633.7405805804 123663.8883024681
110563.9865860625 120126.2247683404
112633.7405805804 120608.6334320851
111519.2576604554 120287.0276562553
114703.4945750982 121412.6478716596
112633.7405805804 120447.8305441702

117091.6722610804 123342.2825266383
111519.2576604554 120126.2247683404
115181.1301122946 121734.2536474894
112156.1050433839 120126.2247683404
110882.4102775268 120126.2247683404
112315.3168891161 119804.6189925106
114703.4945750982 121573.4507595745
111041.6221232589 120930.2392079149
111678.4695061875 117553.3785617021
111837.6813519196 120126.2247683404

118365.3670269375 124146.2969662128
111519.2576604554 119643.8161045957
116773.2485696161 123020.6767508085
115340.3419580268 121895.0565354042
112315.3168891161 123503.0854145532
112633.7405805804 120447.8305441702
112315.3168891161 120126.2247683404
112315.3168891161 120447.8305441702
111837.6813519196 120287.0276562553
110723.1984317946 119643.8161045957

111519.2576604554 119965.4218804255
110723.1984317946 119965.4218804255
111837.6813519196 120126.2247683404
113270.5879635089 123020.6767508085
112474.5287348482 120447.8305441702
114862.7064208303 121573.4507595745
118046.9433354732 123985.4940782979
111519.2576604554 122538.2680870638
115340.3419580268 121895.0565354042
111678.4695061875 122216.6623112340

115340.3419580268 121895.0565354042
111996.8931976518 121091.0420958298
112315.3168891161 120930.2392079149
111837.6813519196 122377.4651991489
110404.7747403304 119322.2103287660
115817.9774952232 122538.2680870638
114862.7064208303 121734.2536474894
110563.9865860625 119804.6189925106
112474.5287348482 120608.6334320851
114066.6471921696 121734.2536474894

110723.1984317946 119000.6045529362
118046.9433354732 123985.4940782979
110245.5628945982 119804.6189925106
111996.8931976518 120287.0276562553
114066.6471921696 122859.8738628936
112633.7405805804 120769.4363200000
114862.7064208303 121412.6478716596
111837.6813519196 122055.8594233192
116932.4604153482 123181.4796387234
118524.5788726696 124307.0998541277

112633.7405805804 123342.2825266383
114703.4945750982 122055.8594233192
115658.7656494911 122538.2680870638
111996.8931976518 119483.0132166808
111519.2576604554 122216.6623112340
112315.3168891161 120769.4363200000
110882.4102775268 119483.0132166808
112315.3168891161 119804.6189925106
114862.7064208303 121734.2536474894
115817.9774952232 122216.6623112340

