133899.6156105732 115824.0111759340
133575.9427490610 115824.0111759340
132443.0877337683 117728.9229123113
134546.9613335976 120427.5478721792
129368.1955494024 118998.8640698962
132766.7605952805 118998.8640698962
133252.2698875488 117411.4376229151
135032.4706258659 120745.0331615755
134061.4520413293 115506.5258865377
130662.8869954512 115982.7538206321
130177.3777031829 122332.4596085566
133414.1063183049 117093.9523335189
131472.0691492317 118205.1508464057
134708.7977643537 115189.0405971415
130339.2141339390 119951.3199380849

133899.6156105732 117411.4376229151
129530.0319801585 118363.8934911038
131148.3962877195 121062.5184509717
131795.7420107439 118522.6361358019
130501.0505646951 116935.2096888208
130015.5412724268 116776.4670441226
131148.3962877195 116458.9817547264
134385.1249028415 117411.4376229151
130501.0505646951 119316.3493592924
135194.3070566220 120586.2905168774
132281.2513030122 117570.1802676132
132766.7605952805 116300.2391100283
130501.0505646951 122173.7169638585
134708.7977643537 116458.9817547264
132443.0877337683 116300.2391100283

133899.6156105732 117570.1802676132
130339.2141339390 122014.9743191604
129044.5226878902 116458.9817547264
131148.3962877195 121221.2610956698
130501.0505646951 116935.2096888208
132604.9241645244 119316.3493592924
131795.7420107439 115665.2685312359
132119.4148722561 117887.6655570094
131795.7420107439 117252.6949782170
133414.1063183049 117093.9523335189
129691.8684109146 119951.3199380849
131795.7420107439 118363.8934911038
129368.1955494024 118363.8934911038
130015.5412724268 118205.1508464057
129530.0319801585 118522.6361358019

132604.9241645244 119157.6067145943
131633.9055799878 118205.1508464057
130986.5598569634 119475.0920039906
133414.1063183049 116935.2096888208
129530.0319801585 115506.5258865377
130015.5412724268 116935.2096888208
129368.1955494024 117887.6655570094
131795.7420107439 115824.0111759340
132281.2513030122 117728.9229123113
129206.3591186464 118205.1508464057
134708.7977643537 117570.1802676132
130015.5412724268 122649.9448979528
134870.6341951098 116935.2096888208
130177.3777031829 121538.7463850660
134061.4520413293 114871.5553077453

133575.9427490610 117570.1802676132
129530.0319801585 118681.3787805000
130339.2141339390 119316.3493592924
133575.9427490610 115347.7832418396
132119.4148722561 116617.7243994245
132604.9241645244 119157.6067145943
135032.4706258659 120903.7758062736
130824.7234262073 121856.2316744623
134870.6341951098 116617.7243994245
130339.2141339390 121856.2316744623
130501.0505646951 115506.5258865377
130824.7234262073 119475.0920039906
131472.0691492317 118363.8934911038
129044.5226878902 117252.6949782170
134546.9613335976 118681.3787805000

129691.8684109146 118205.1508464057
132928.5970260366 118840.1214251981
130662.8869954512 122173.7169638585
132766.7605952805 119157.6067145943
130177.3777031829 122173.7169638585
130986.5598569634 120268.8052274811
129206.3591186464 118522.6361358019
133414.1063183049 116617.7243994245
130015.5412724268 122491.2022532547
133737.7791798171 115347.7832418396
132928.5970260366 119475.0920039906
132281.2513030122 117570.1802676132
130177.3777031829 122332.4596085566
134223.2884720854 118998.8640698962
130662.8869954512 115347.7832418396

133899.6156105732 117411.4376229151
133414.1063183049 117887.6655570094
134870.6341951098 116776.4670441226
133737.7791798171 116300.2391100283
134546.9613335976 118681.3787805000
130015.5412724268 122491.2022532547
133252.2698875488 116935.2096888208
130986.5598569634 116935.2096888208
129853.7048416707 116458.9817547264
130339.2141339390 116776.4670441226
135032.4706258659 119792.5772933868
129044.5226878902 115982.7538206321
131148.3962877195 116935.2096888208
130015.5412724268 116776.4670441226
130501.0505646951 122332.4596085566

128882.6862571341 116458.9817547264
130015.5412724268 121856.2316744623
130662.8869954512 118046.4082017076
132119.4148722561 117570.1802676132
134870.6341951098 118998.8640698962
129691.8684109146 120110.0625827830
129691.8684109146 119157.6067145943
134223.2884720854 114712.8126630472
130177.3777031829 116617.7243994245
133575.9427490610 118681.3787805000
133575.9427490610 114712.8126630472
130015.5412724268 122649.9448979528
133252.2698875488 115030.2979524434
132928.5970260366 116617.7243994245
129530.0319801585 118363.8934911038

131957.5784415000 116458.9817547264
133090.4334567927 115824.0111759340
133737.7791798171 117728.9229123113
130824.7234262073 118363.8934911038
133575.9427490610 116141.4964653302
130501.0505646951 122014.9743191604
131957.5784415000 117728.9229123113
130662.8869954512 121856.2316744623
132443.0877337683 116300.2391100283
130339.2141339390 118205.1508464057
131148.3962877195 120268.8052274811
130824.7234262073 120427.5478721792
133252.2698875488 118998.8640698962
134223.2884720854 119633.8346486887
129853.7048416707 119792.5772933868

130824.7234262073 119157.6067145943
133575.9427490610 115189.0405971415
134223.2884720854 117252.6949782170
131310.2327184756 118363.8934911038
130015.5412724268 122491.2022532547
130824.7234262073 122014.9743191604
130015.5412724268 119951.3199380849
130177.3777031829 119475.0920039906
133414.1063183049 118522.6361358019
135032.4706258659 119475.0920039906
129853.7048416707 116776.4670441226
133252.2698875488 117093.9523335189
129206.3591186464 116458.9817547264
130015.5412724268 116300.2391100283
131795.7420107439 117411.4376229151

129206.3591186464 116458.9817547264
131310.2327184756 118363.8934911038
134385.1249028415 120110.0625827830
130339.2141339390 116300.2391100283
132766.7605952805 119157.6067145943
130015.5412724268 122491.2022532547
132281.2513030122 115824.0111759340
133575.9427490610 115189.0405971415
130177.3777031829 119475.0920039906
130662.8869954512 118046.4082017076
130015.5412724268 119951.3199380849
130339.2141339390 119633.8346486887
132119.4148722561 117570.1802676132
135032.4706258659 119475.0920039906
134546.9613335976 119475.0920039906

