128194.2541938167 128151.6609483333
129945.9756902500 128311.9332350000
129786.7282814833 129433.8392416667
127398.0171499833 129594.1115283333
129468.2334639500 129594.1115283333

129308.9860551833 129754.3838150000
130264.4705077833 129594.1115283333
129627.4808727167 129594.1115283333
129468.2334639500 129594.1115283333
127238.7697412167 129754.3838150000

128512.7490113500 128953.0223816667
128194.2541938167 128151.6609483333
129786.7282814833 127991.3886616667
129308.9860551833 129594.1115283333
129627.4808727167 129433.8392416667

129945.9756902500 127991.3886616667
129468.2334639500 127991.3886616667
130582.9653253167 127190.0272283333
129627.4808727167 129273.5669550000
129627.4808727167 129594.1115283333

