59068239.4323506728 187406.6066894531
57259694.3122105151 161492.7626953125
57283817.5474190190 169751.9692993164
58825848.4190403074 184467.0476074219
57769664.9974170253 172698.1079101562
57611918.2309772745 172689.3252563477
58124058.4035539627 179841.4294433594
58019685.2411442474 177772.3386230469
56487408.8224180564 159728.8603515625
60590359.7273059189 190220.0198974609
58794564.5715212077 182729.9707031250
62567064.4976827055 193444.5048828125
61814522.5023512170 191098.6689453125
57159624.4149258286 161086.0324096680
60573318.5731548890 187530.5213623047
61038859.2155528963 190705.2806396484
58160848.6968776286 181157.7468261719
61109334.2436300889 191044.7517089844
57125252.6215269864 160334.9838867188
