58124058.4035539627 179841.4294433594
58019685.2411442474 177772.3386230469
59664707.8052301332 187151.5554199219
56487408.8224180564 159728.8603515625
60590359.7273059189 190220.0198974609
57502609.1644410118 167575.9274291992
58794564.5715212077 182729.9707031250
57804258.2901834846 172678.9811401367
60525680.3959947601 187262.1419677734
62567064.4976827055 193444.5048828125
61814522.5023512170 191098.6689453125
57629637.4343667328 169820.3376464844
57159624.4149258286 161086.0324096680
59189222.8239076808 184246.2888183594
57287770.2812789306 162386.2972412109
60573318.5731548890 187530.5213623047
61038859.2155528963 190705.2806396484
58160848.6968776286 181157.7468261719
61109334.2436300889 191044.7517089844
57125252.6215269864 160334.9838867188
