124201.2032932778 125812.5284626691
120552.4872347963 127562.6152715662
118331.5296339815 130267.2948853162
121504.3262065741 122312.3548448750
120552.4872347963 126926.2200683309
118172.8898053518 128199.0104748015
118648.8092912407 127562.6152715662
118807.4491198704 122948.7500481103
124835.7626077963 123903.3428529633
117696.9703194630 124380.6392553897
122614.8050069815 121198.6632392132
120711.1270634259 128358.1092756103
118172.8898053518 127403.5164707574
120869.7668920556 122312.3548448750
122297.5253497222 126608.0224667132
117855.6101480926 128517.2080764191
123725.2838073889 125494.3308610515
117379.6906622037 126767.1212675221
118331.5296339815 131062.7888893603
119917.9279202778 121835.0584424485
120869.7668920556 121994.1572432573
118966.0889485000 128676.3068772279
120711.1270634259 124539.7380561985
120552.4872347963 125971.6272634779
118014.2499767222 124062.4416537721

119283.3686057593 126130.7260642868
125153.0422650556 124698.8368570074
119759.2880916481 124062.4416537721
121345.6863779444 128358.1092756103
123883.9236360185 125812.5284626691
121662.9660352037 121675.9596416397
121980.2456924630 125653.4296618603
119124.7287771296 121516.8608408309
117855.6101480926 123744.2440521544
118331.5296339815 127721.7140723750
117379.6906622037 123585.1452513456
119917.9279202778 127721.7140723750
121980.2456924630 121675.9596416397
119600.6482630185 128994.5044788456
121028.4067206852 127085.3188691397
118966.0889485000 122312.3548448750
121028.4067206852 128358.1092756103
121028.4067206852 121516.8608408309
122138.8855210926 124062.4416537721
121345.6863779444 125653.4296618603
118014.2499767222 125494.3308610515
118490.1694626111 130744.5912877427
117855.6101480926 128994.5044788456
119124.7287771296 130267.2948853162
119442.0084343889 128199.0104748015

120552.4872347963 125812.5284626691
121980.2456924630 127562.6152715662
120235.2075775370 121994.1572432573
122297.5253497222 121994.1572432573
120869.7668920556 128358.1092756103
120552.4872347963 121516.8608408309
118172.8898053518 127721.7140723750
117221.0508335741 125176.1332594338
118172.8898053518 123744.2440521544
121662.9660352037 121516.8608408309
117221.0508335741 124857.9356578162
118014.2499767222 129153.6032796544
117379.6906622037 123903.3428529633
124359.8431219074 125812.5284626691
120552.4872347963 128517.2080764191
118648.8092912407 126448.9236659044
120552.4872347963 129312.7020804632
117538.3304908333 127403.5164707574
118807.4491198704 122948.7500481103
122456.1651783518 121357.7620400221
119759.2880916481 121198.6632392132
120235.2075775370 123744.2440521544
124201.2032932778 125971.6272634779
118648.8092912407 127721.7140723750
120235.2075775370 122789.6512473015

123090.7244928704 126926.2200683309
124359.8431219074 126130.7260642868
117538.3304908333 127244.4176699485
122773.4448356111 125017.0344586250
121504.3262065741 127562.6152715662
118807.4491198704 123266.9476497279
118014.2499767222 126926.2200683309
119917.9279202778 127880.8128731838
121345.6863779444 121198.6632392132
119283.3686057593 128517.2080764191
124677.1227791667 125335.2320602426
118966.0889485000 125653.4296618603
119442.0084343889 127721.7140723750
125153.0422650556 125017.0344586250
117538.3304908333 124857.9356578162
124042.5634646481 125017.0344586250
118331.5296339815 131221.8876901691
120869.7668920556 127244.4176699485
118966.0889485000 122471.4536456838
120235.2075775370 121994.1572432573
120869.7668920556 128199.0104748015
117855.6101480926 123585.1452513456
121028.4067206852 121675.9596416397
121504.3262065741 126926.2200683309
120076.5677489074 122789.6512473015

119917.9279202778 121675.9596416397
120393.8474061667 121675.9596416397
118490.1694626111 127085.3188691397
121187.0465493148 121357.7620400221
117062.4110049445 124380.6392553897
120711.1270634259 127562.6152715662
122297.5253497222 127403.5164707574
118807.4491198704 131221.8876901691
122932.0846642407 124539.7380561985
119283.3686057593 121675.9596416397
122138.8855210926 127880.8128731838
123090.7244928704 121357.7620400221
119124.7287771296 128517.2080764191
120869.7668920556 127721.7140723750
120393.8474061667 127562.6152715662
118490.1694626111 128039.9116739927
120711.1270634259 121994.1572432573
118966.0889485000 125971.6272634779
118966.0889485000 127562.6152715662
119759.2880916481 129949.0972836985
117379.6906622037 126130.7260642868
118490.1694626111 122630.5524464927
120711.1270634259 121516.8608408309
117379.6906622037 123585.1452513456
119600.6482630185 121516.8608408309

122138.8855210926 127721.7140723750
120869.7668920556 122312.3548448750
118331.5296339815 126926.2200683309
121980.2456924630 121516.8608408309
120393.8474061667 125812.5284626691
120869.7668920556 128358.1092756103
119917.9279202778 127880.8128731838
125311.6820936852 125335.2320602426
121187.0465493148 121516.8608408309
117855.6101480926 127721.7140723750
118172.8898053518 125653.4296618603
119759.2880916481 123426.0464505368
119759.2880916481 122630.5524464927
119759.2880916481 121994.1572432573
119283.3686057593 127880.8128731838
121345.6863779444 127880.8128731838
119442.0084343889 126448.9236659044
122614.8050069815 121994.1572432573
121028.4067206852 127880.8128731838
123566.6439787593 121198.6632392132
118648.8092912407 127085.3188691397
119283.3686057593 125176.1332594338
124518.4829505370 125017.0344586250
122138.8855210926 127403.5164707574
117696.9703194630 125653.4296618603

119759.2880916481 121835.0584424485
118014.2499767222 128835.4056780368
118807.4491198704 125812.5284626691
124835.7626077963 125176.1332594338
119759.2880916481 122948.7500481103
119124.7287771296 122630.5524464927
121980.2456924630 125017.0344586250
120711.1270634259 125176.1332594338
119600.6482630185 126448.9236659044
119442.0084343889 128039.9116739927
117696.9703194630 127721.7140723750
123883.9236360185 126289.8248650956
122614.8050069815 121994.1572432573
118648.8092912407 123426.0464505368
120869.7668920556 122471.4536456838
118966.0889485000 123266.9476497279
119759.2880916481 126130.7260642868
118807.4491198704 126767.1212675221
121187.0465493148 127721.7140723750
118966.0889485000 128199.0104748015
122297.5253497222 126767.1212675221
124677.1227791667 124062.4416537721
119283.3686057593 121516.8608408309
118014.2499767222 127880.8128731838
120235.2075775370 122630.5524464927

120076.5677489074 121994.1572432573
117062.4110049445 124221.5404545809
118331.5296339815 125812.5284626691
123725.2838073889 125971.6272634779
118648.8092912407 121994.1572432573
119600.6482630185 128358.1092756103
119124.7287771296 121675.9596416397
118014.2499767222 127562.6152715662
119759.2880916481 128039.9116739927
118648.8092912407 126608.0224667132
119600.6482630185 121516.8608408309
125153.0422650556 125494.3308610515
124201.2032932778 126130.7260642868
122456.1651783518 122153.2560440662
118172.8898053518 128358.1092756103
120552.4872347963 123266.9476497279
118490.1694626111 127403.5164707574
118966.0889485000 124539.7380561985
122456.1651783518 127403.5164707574
119124.7287771296 124857.9356578162
118014.2499767222 123744.2440521544
122773.4448356111 125653.4296618603
121345.6863779444 127880.8128731838
121980.2456924630 127721.7140723750
120076.5677489074 127880.8128731838

121187.0465493148 121198.6632392132
121821.6058638333 127562.6152715662
117696.9703194630 127880.8128731838
121187.0465493148 128676.3068772279
121345.6863779444 121994.1572432573
118966.0889485000 121835.0584424485
118966.0889485000 121675.9596416397
119600.6482630185 127880.8128731838
117379.6906622037 125971.6272634779
118648.8092912407 123107.8488489191
119442.0084343889 127085.3188691397
122614.8050069815 126289.8248650956
124359.8431219074 126130.7260642868
119283.3686057593 125335.2320602426
118966.0889485000 127721.7140723750
120235.2075775370 122471.4536456838
119917.9279202778 124062.4416537721
118014.2499767222 127880.8128731838
119124.7287771296 122630.5524464927
123090.7244928704 121675.9596416397
118648.8092912407 126926.2200683309
117696.9703194630 125017.0344586250
118331.5296339815 128199.0104748015
118490.1694626111 130585.4924869338
120076.5677489074 121675.9596416397

117538.3304908333 124221.5404545809
118648.8092912407 126289.8248650956
124835.7626077963 124857.9356578162
116903.7711763148 124380.6392553897
120076.5677489074 121675.9596416397
119283.3686057593 121994.1572432573
121662.9660352037 122312.3548448750
121187.0465493148 121994.1572432573
119124.7287771296 125494.3308610515
121821.6058638333 128039.9116739927
118807.4491198704 121994.1572432573
120711.1270634259 128994.5044788456
120235.2075775370 126130.7260642868
119442.0084343889 125335.2320602426
117696.9703194630 123426.0464505368
118490.1694626111 130585.4924869338
120235.2075775370 123107.8488489191
122456.1651783518 126926.2200683309
120552.4872347963 125971.6272634779
121028.4067206852 122153.2560440662
117696.9703194630 128358.1092756103
119917.9279202778 121994.1572432573
117696.9703194630 127244.4176699485
119600.6482630185 127244.4176699485
121345.6863779444 121198.6632392132

118331.5296339815 130267.2948853162
120235.2075775370 121198.6632392132
124994.4024364259 123744.2440521544
120235.2075775370 127880.8128731838
118807.4491198704 125335.2320602426
119600.6482630185 128199.0104748015
121028.4067206852 121198.6632392132
120076.5677489074 121994.1572432573
117538.3304908333 123903.3428529633
121504.3262065741 127721.7140723750
118648.8092912407 121835.0584424485
124994.4024364259 124698.8368570074
118966.0889485000 123426.0464505368
121028.4067206852 128358.1092756103
118331.5296339815 128039.9116739927
118172.8898053518 122630.5524464927
121187.0465493148 124857.9356578162
119283.3686057593 126448.9236659044
120393.8474061667 128358.1092756103
121821.6058638333 121994.1572432573
118331.5296339815 127244.4176699485
119283.3686057593 127721.7140723750
124677.1227791667 125494.3308610515
119124.7287771296 121835.0584424485
118807.4491198704 126130.7260642868

121187.0465493148 127562.6152715662
122614.8050069815 127244.4176699485
119600.6482630185 122948.7500481103
118648.8092912407 127244.4176699485
121345.6863779444 127244.4176699485
119759.2880916481 127880.8128731838
118172.8898053518 130426.3936861250
119124.7287771296 121198.6632392132
120869.7668920556 127721.7140723750
122297.5253497222 121198.6632392132
121187.0465493148 121198.6632392132
120393.8474061667 128039.9116739927
119917.9279202778 122312.3548448750
120076.5677489074 122312.3548448750
120393.8474061667 121835.0584424485
120711.1270634259 121357.7620400221
120235.2075775370 122312.3548448750
118490.1694626111 128835.4056780368
121028.4067206852 128039.9116739927
120076.5677489074 121994.1572432573
121345.6863779444 128199.0104748015
117221.0508335741 125176.1332594338
121187.0465493148 124539.7380561985
119600.6482630185 126926.2200683309
117062.4110049445 124380.6392553897

118331.5296339815 131380.9864909780
118490.1694626111 122948.7500481103
118172.8898053518 127244.4176699485
121980.2456924630 126130.7260642868
119759.2880916481 123426.0464505368
118966.0889485000 122471.4536456838
119283.3686057593 127562.6152715662
123249.3643215000 125653.4296618603
120076.5677489074 127403.5164707574
120235.2075775370 121198.6632392132
119600.6482630185 129789.9984828897
125153.0422650556 125335.2320602426
119759.2880916481 121675.9596416397
120393.8474061667 126448.9236659044
123725.2838073889 124221.5404545809
119124.7287771296 122153.2560440662
117538.3304908333 126926.2200683309
120076.5677489074 128039.9116739927
120076.5677489074 126448.9236659044
118172.8898053518 128835.4056780368
121821.6058638333 122471.4536456838
123090.7244928704 124698.8368570074
121821.6058638333 128199.0104748015
124042.5634646481 125494.3308610515
122932.0846642407 121198.6632392132

118807.4491198704 125335.2320602426
120552.4872347963 127244.4176699485
122138.8855210926 122153.2560440662
122614.8050069815 121835.0584424485
119442.0084343889 122789.6512473015
121662.9660352037 127721.7140723750
119759.2880916481 127880.8128731838
120711.1270634259 121357.7620400221
118490.1694626111 124062.4416537721
121187.0465493148 121357.7620400221
119917.9279202778 128676.3068772279
121821.6058638333 124539.7380561985
120235.2075775370 121198.6632392132
120076.5677489074 125971.6272634779
119442.0084343889 123903.3428529633
120076.5677489074 121994.1572432573
118966.0889485000 124380.6392553897
118331.5296339815 128358.1092756103
123090.7244928704 121198.6632392132
117696.9703194630 125812.5284626691
118490.1694626111 129949.0972836985
117538.3304908333 123744.2440521544
119124.7287771296 125176.1332594338
124042.5634646481 126289.8248650956
118331.5296339815 127403.5164707574

118648.8092912407 124221.5404545809
118014.2499767222 129153.6032796544
118014.2499767222 127085.3188691397
119759.2880916481 123426.0464505368
117855.6101480926 124857.9356578162
121028.4067206852 127244.4176699485
121504.3262065741 126289.8248650956
118648.8092912407 127562.6152715662
122614.8050069815 123744.2440521544
123566.6439787593 125812.5284626691
123883.9236360185 123585.1452513456
118014.2499767222 124539.7380561985
120869.7668920556 124698.8368570074
123566.6439787593 121198.6632392132
120711.1270634259 128039.9116739927
122456.1651783518 126130.7260642868
125153.0422650556 124857.9356578162
118490.1694626111 130744.5912877427
119759.2880916481 124062.4416537721
121504.3262065741 121198.6632392132
118807.4491198704 129471.8008812721
119442.0084343889 121357.7620400221
121662.9660352037 123903.3428529633
118014.2499767222 125653.4296618603
121821.6058638333 127244.4176699485

120552.4872347963 121357.7620400221
117696.9703194630 123903.3428529633
119283.3686057593 121198.6632392132
124994.4024364259 125653.4296618603
119917.9279202778 123426.0464505368
119283.3686057593 121675.9596416397
118490.1694626111 122789.6512473015
118172.8898053518 127880.8128731838
119759.2880916481 128994.5044788456
118648.8092912407 121835.0584424485
120235.2075775370 128676.3068772279
122932.0846642407 126608.0224667132
119759.2880916481 123426.0464505368
121028.4067206852 121675.9596416397
121821.6058638333 127880.8128731838
123249.3643215000 121198.6632392132
118966.0889485000 128358.1092756103
119442.0084343889 127562.6152715662
119442.0084343889 122153.2560440662
124835.7626077963 123585.1452513456
119917.9279202778 128199.0104748015
118172.8898053518 122789.6512473015
117538.3304908333 124539.7380561985
122456.1651783518 121675.9596416397
121504.3262065741 128517.2080764191

123883.9236360185 125653.4296618603
124994.4024364259 124857.9356578162
119917.9279202778 121357.7620400221
122297.5253497222 126767.1212675221
118966.0889485000 127244.4176699485
120869.7668920556 127721.7140723750
120869.7668920556 121675.9596416397
120552.4872347963 121675.9596416397
117855.6101480926 123744.2440521544
121821.6058638333 128199.0104748015
120869.7668920556 128676.3068772279
122614.8050069815 121994.1572432573
121980.2456924630 121994.1572432573
119124.7287771296 130108.1960845073
118490.1694626111 128199.0104748015
121028.4067206852 127403.5164707574
120235.2075775370 122948.7500481103
119759.2880916481 127085.3188691397
119124.7287771296 123426.0464505368
118807.4491198704 121994.1572432573
122456.1651783518 121198.6632392132
119442.0084343889 128517.2080764191
119759.2880916481 123744.2440521544
121504.3262065741 123903.3428529633
119759.2880916481 121835.0584424485

120552.4872347963 128199.0104748015
122138.8855210926 125176.1332594338
120711.1270634259 127403.5164707574
118490.1694626111 125017.0344586250
118172.8898053518 123744.2440521544
120552.4872347963 121994.1572432573
119124.7287771296 121675.9596416397
121504.3262065741 125653.4296618603
119124.7287771296 126926.2200683309
119124.7287771296 122153.2560440662
118331.5296339815 128676.3068772279
117538.3304908333 126926.2200683309
122138.8855210926 122312.3548448750
121187.0465493148 126767.1212675221
118648.8092912407 124062.4416537721
120076.5677489074 127403.5164707574
119283.3686057593 121675.9596416397
119283.3686057593 123426.0464505368
120076.5677489074 122471.4536456838
118807.4491198704 123585.1452513456
122456.1651783518 121835.0584424485
120552.4872347963 121516.8608408309
120235.2075775370 121516.8608408309
118966.0889485000 127721.7140723750
121662.9660352037 121357.7620400221

