22960230.0064714253 1246.7801208496
23602213.5759799220 1289.6518020630
23359394.2409315668 1284.0588150024
22631221.5865639895 1153.4969472885
23901909.7231726982 1340.4473342896
23721121.8062820993 1314.3242034912
22584046.6495832540 1152.0752487183
22634730.6058618277 1156.2152023315
23452013.4992739782 1289.5266036987
22365020.0697178133 1044.9752193093
22547790.3004595563 1066.5294685364
22014120.1836076789 859.8821286708
22745501.1991092190 1173.9411735535
23740104.2295174487 1314.8220062256
22241953.4042026773 902.1085066795
23649574.8378173262 1290.6226806641
