23740104.2295174487 1314.8220062256
24012734.1597473919 1340.4473342896
22758034.1354912966 1116.2352962494
23218511.7197269872 1199.5143890381
22517231.1150642522 1033.2695341110
23536195.4434668981 1281.4190597534
22241953.4042026773 902.1085066795
23237174.5568271950 1217.3691253662
23259253.2211485282 1225.7651710510
23453928.4941995703 1248.6765480042
22665160.3213213198 1108.9553050995
23178678.4553875662 1186.8557758331
22981707.9768571891 1172.9128608704
23649574.8378173262 1290.6226806641
