22365020.0697178133 1044.9752193093
23221490.2116646208 1242.1917514801
23499840.4436602183 1264.6047630310
22547790.3004595563 1066.5294685364
22014120.1836076789 859.8821286708
23569915.7603257075 1286.9178009033
22745501.1991092190 1173.9411735535
23197578.8786585256 1213.8790245056
23740104.2295174487 1314.8220062256
24012734.1597473919 1340.4473342896
23536195.4434668981 1281.4190597534
22241953.4042026773 902.1085066795
23453928.4941995703 1248.6765480042
22665160.3213213198 1108.9553050995
23178678.4553875662 1186.8557758331
23649574.8378173262 1290.6226806641
