23390048.4625766128 1261.6204071045
22634730.6058618277 1156.2152023315
23035683.5210683681 1229.3885955811
23011966.7361913845 1182.0751819611
23994619.0582401492 1318.1895599365
23452013.4992739782 1289.5266036987
22365020.0697178133 1044.9752193093
23221490.2116646208 1242.1917514801
22547790.3004595563 1066.5294685364
22014120.1836076789 859.8821286708
22745501.1991092190 1173.9411735535
23740104.2295174487 1314.8220062256
24012734.1597473919 1340.4473342896
22241953.4042026773 902.1085066795
23649574.8378173262 1290.6226806641
