23277896.9959455132 1266.0429992676
23542290.8640970513 1340.4473342896
23066218.6885780729 1257.5807876587
22560855.3958744481 1131.6260566711
22948417.6342865750 1181.5377292633
22960230.0064714253 1246.7801208496
23359394.2409315668 1284.0588150024
22631221.5865639895 1153.4969472885
22584046.6495832540 1152.0752487183
22634730.6058618277 1156.2152023315
23452013.4992739782 1289.5266036987
22365020.0697178133 1044.9752193093
22547790.3004595563 1066.5294685364
22014120.1836076789 859.8821286708
22745501.1991092190 1173.9411735535
22241953.4042026773 902.1085066795
