111678.4695061875 121251.8449837447
115340.3419580268 122055.8594233192
112315.3168891161 120930.2392079149
111837.6813519196 122216.6623112340
111996.8931976518 119643.8161045957
111678.4695061875 120930.2392079149
112156.1050433839 123503.0854145532
111837.6813519196 122538.2680870638
112633.7405805804 120769.4363200000
111996.8931976518 120126.2247683404

111837.6813519196 117070.9698979574
113270.5879635089 122859.8738628936
118524.5788726696 124307.0998541277
111360.0458147232 120608.6334320851
111837.6813519196 120126.2247683404
111678.4695061875 119643.8161045957
110245.5628945982 120608.6334320851
111200.8339689911 118839.8016650213
115499.5538037589 122055.8594233192
112474.5287348482 123342.2825266383

113429.7998092411 123181.4796387234
112156.1050433839 123342.2825266383
111996.8931976518 120287.0276562553
110882.4102775268 118678.9987771064
111519.2576604554 117874.9843375319
111996.8931976518 119965.4218804255
110563.9865860625 120287.0276562553
113907.4353464375 122859.8738628936
111837.6813519196 120608.6334320851
111996.8931976518 122859.8738628936

115499.5538037589 122055.8594233192
111996.8931976518 122859.8738628936
111996.8931976518 119483.0132166808
112156.1050433839 120287.0276562553
111200.8339689911 120930.2392079149
111360.0458147232 120126.2247683404
112156.1050433839 123342.2825266383
113111.3761177768 123020.6767508085
112315.3168891161 119965.4218804255
118365.3670269375 124146.2969662128

114066.6471921696 122859.8738628936
110882.4102775268 120287.0276562553
115658.7656494911 122538.2680870638
113111.3761177768 123342.2825266383
110245.5628945982 120608.6334320851
118524.5788726696 124307.0998541277
111996.8931976518 120608.6334320851
113111.3761177768 123020.6767508085
112315.3168891161 120126.2247683404
112156.1050433839 120447.8305441702

112315.3168891161 122859.8738628936
111837.6813519196 120608.6334320851
118365.3670269375 124146.2969662128
112792.9524263125 123663.8883024681
112633.7405805804 120769.4363200000
113748.2235007054 123020.6767508085
111519.2576604554 123342.2825266383
115340.3419580268 121734.2536474894
115658.7656494911 122377.4651991489
110245.5628945982 120287.0276562553

110723.1984317946 119483.0132166808
111041.6221232589 121091.0420958298
113589.0116549732 123020.6767508085
112156.1050433839 119965.4218804255
110563.9865860625 122216.6623112340
112474.5287348482 122699.0709749787
110563.9865860625 120287.0276562553
112315.3168891161 120769.4363200000
112156.1050433839 119643.8161045957
112156.1050433839 123342.2825266383

114703.4945750982 121251.8449837447
112156.1050433839 120608.6334320851
111678.4695061875 119965.4218804255
111996.8931976518 122216.6623112340
112792.9524263125 121251.8449837447
112474.5287348482 120769.4363200000
110245.5628945982 120287.0276562553
113907.4353464375 123020.6767508085
112633.7405805804 122859.8738628936
110404.7747403304 122055.8594233192

114862.7064208303 121412.6478716596
115340.3419580268 122216.6623112340
112474.5287348482 120608.6334320851
112315.3168891161 120930.2392079149
111678.4695061875 123181.4796387234
113748.2235007054 122699.0709749787
110404.7747403304 119483.0132166808
118365.3670269375 124146.2969662128
113111.3761177768 123342.2825266383
112315.3168891161 119965.4218804255

110563.9865860625 119483.0132166808
111996.8931976518 120287.0276562553
115499.5538037589 121895.0565354042
113270.5879635089 123020.6767508085
112315.3168891161 120930.2392079149
112156.1050433839 119965.4218804255
111200.8339689911 122538.2680870638
112156.1050433839 119643.8161045957
110723.1984317946 119965.4218804255
111837.6813519196 122538.2680870638

111996.8931976518 122699.0709749787
112792.9524263125 121251.8449837447
113589.0116549732 123020.6767508085
110563.9865860625 120769.4363200000
112952.1642720446 120930.2392079149
111360.0458147232 122859.8738628936
110882.4102775268 120608.6334320851
112156.1050433839 120126.2247683404
112156.1050433839 119804.6189925106
111519.2576604554 122055.8594233192

111996.8931976518 122538.2680870638
112474.5287348482 120769.4363200000
112315.3168891161 120287.0276562553
112156.1050433839 120126.2247683404
111996.8931976518 119965.4218804255
110245.5628945982 119643.8161045957
110245.5628945982 119965.4218804255
113748.2235007054 123181.4796387234
112315.3168891161 119965.4218804255
110404.7747403304 121091.0420958298

110245.5628945982 119965.4218804255
111996.8931976518 121091.0420958298
115658.7656494911 122538.2680870638
112156.1050433839 122538.2680870638
112474.5287348482 120608.6334320851
112315.3168891161 122538.2680870638
111678.4695061875 121251.8449837447
111996.8931976518 120287.0276562553
112156.1050433839 119643.8161045957
111519.2576604554 119643.8161045957

112315.3168891161 123181.4796387234
112952.1642720446 123020.6767508085
110723.1984317946 120126.2247683404
111996.8931976518 120287.0276562553
111837.6813519196 119965.4218804255
112474.5287348482 121091.0420958298
112792.9524263125 123020.6767508085
111996.8931976518 119965.4218804255
111837.6813519196 120126.2247683404
112315.3168891161 120769.4363200000

112156.1050433839 122055.8594233192
112952.1642720446 122538.2680870638
112156.1050433839 120126.2247683404
112315.3168891161 120769.4363200000
111837.6813519196 119804.6189925106
112633.7405805804 120608.6334320851
115658.7656494911 122055.8594233192
110723.1984317946 120447.8305441702
112315.3168891161 119804.6189925106
111837.6813519196 120126.2247683404

