112474.5287348482 120447.8305441702
114544.2827293661 123985.4940782979
110563.9865860625 119804.6189925106
112474.5287348482 121091.0420958298
114225.8590379018 123020.6767508085
112792.9524263125 121734.2536474894
112792.9524263125 120769.4363200000
118524.5788726696 124307.0998541277
111200.8339689911 119483.0132166808
112633.7405805804 120126.2247683404

112315.3168891161 120287.0276562553
111519.2576604554 120287.0276562553
111837.6813519196 117070.9698979574
111360.0458147232 122055.8594233192
112156.1050433839 119804.6189925106
112474.5287348482 121091.0420958298
115817.9774952232 122377.4651991489
112315.3168891161 120447.8305441702
112315.3168891161 120608.6334320851
111041.6221232589 119483.0132166808

111837.6813519196 119643.8161045957
112315.3168891161 120769.4363200000
114385.0708836339 123824.6911903830
111996.8931976518 121091.0420958298
114703.4945750982 121573.4507595745
113589.0116549732 123020.6767508085
110723.1984317946 120287.0276562553
112315.3168891161 119965.4218804255
112952.1642720446 121412.6478716596
115021.9182665625 121895.0565354042

112792.9524263125 121251.8449837447
112474.5287348482 123342.2825266383
112156.1050433839 120447.8305441702
113589.0116549732 122859.8738628936
111996.8931976518 119483.0132166808
112792.9524263125 120769.4363200000
112156.1050433839 119965.4218804255
115658.7656494911 122377.4651991489
112156.1050433839 120287.0276562553
112633.7405805804 123181.4796387234

117250.8841068125 123503.0854145532
111996.8931976518 119965.4218804255
113907.4353464375 122859.8738628936
118365.3670269375 124146.2969662128
110723.1984317946 120447.8305441702
111996.8931976518 119483.0132166808
115021.9182665625 121734.2536474894
112315.3168891161 120608.6334320851
110563.9865860625 120608.6334320851
112474.5287348482 121091.0420958298

112315.3168891161 120608.6334320851
118365.3670269375 124146.2969662128
112474.5287348482 121091.0420958298
112315.3168891161 120126.2247683404
115340.3419580268 121895.0565354042
110882.4102775268 119804.6189925106
111519.2576604554 119643.8161045957
114225.8590379018 123181.4796387234
117728.5196440089 123824.6911903830
111360.0458147232 122377.4651991489

118524.5788726696 124307.0998541277
112315.3168891161 120608.6334320851
117728.5196440089 123824.6911903830
110245.5628945982 120608.6334320851
112156.1050433839 119643.8161045957
111519.2576604554 119643.8161045957
115340.3419580268 121895.0565354042
112474.5287348482 121091.0420958298
118365.3670269375 124146.2969662128
112315.3168891161 120126.2247683404

117091.6722610804 123503.0854145532
111837.6813519196 123503.0854145532
114544.2827293661 121573.4507595745
111041.6221232589 119483.0132166808
111519.2576604554 119965.4218804255
115658.7656494911 122055.8594233192
110404.7747403304 120287.0276562553
112315.3168891161 120769.4363200000
112474.5287348482 121091.0420958298
110404.7747403304 119161.4074408510

