47128537.2753812894 15594.1033172607
47916428.5678792894 16473.0682067871
47657716.7783800662 16163.3535461426
47751650.9223215878 16168.7250671387
46367291.9204291403 13814.2588744164
47158869.4044136629 15828.4384613037
46684585.2714846060 14145.9547882080
48843886.0584881604 17666.8286132812
46330089.7412642911 13680.7865371704
47327071.8382041454 15967.7593994141
48301626.3241512701 17121.3335800171
47463253.3690660521 16107.3491058350
48430525.3713106290 17559.8045806885
49352765.3941834122 18408.3191528320
49125738.6695674062 18016.3180236816
46935642.5364589989 14252.2440433502
47068891.1343199611 15488.0619049072
47927180.0065283254 17113.7171630859
