48201319.6969438046 17771.7982254028
51519672.4972819909 18920.4391784668
48265300.0275948122 17938.6750259399
45952935.3149553984 12351.0022506714
49898925.9162797481 18484.4624633789
47993083.4985590875 17679.2377624512
48573214.6272805408 18339.1067810059
50802413.0095759407 18500.9337921143
47307480.3479902744 17666.1826782227
50837848.2604259476 18559.2318725586
46855745.8576994091 16205.0701274872
48330969.6615650728 18150.6058502197
49249251.2944682091 18362.1623992920
46828005.9952037334 15951.2138137817
46534931.1012111902 15426.8282241821
45968636.5864246786 14618.5698738098
47302827.6919295117 16916.3870162964
51333743.5344887599 18838.3823547363
48509757.4169828966 18166.8085632324
47154335.5023173615 16916.0221176147
46382415.6016749069 15103.7730636597
49352765.3941834122 18408.3191528320
