120372.4131936667 116022.2654208500
122917.9821884737 115376.0180399264
127372.7279293860 116506.9509565428
125940.8453698070 115214.4561946955
120690.6093180175 112306.3429805391
122440.6880019474 115214.4561946955
123872.5705615263 115376.0180399264
124190.7666858772 115376.0180399264
120690.6093180175 114729.7706590028
124986.2569967544 114729.7706590028
120849.7073801930 117637.8838731591
122917.9821884737 114568.2088137719
119258.7267584386 114083.5232780791
121167.9035045439 114568.2088137719
121486.0996288947 114568.2088137719
127690.9240537368 116345.3891113118
121963.3938154210 113760.3995876173
120531.5112558421 114729.7706590028
124349.8647480526 114891.3325042337
125304.4531211053 114729.7706590028

121327.0015667193 112791.0285162318
126418.1395563333 112791.0285162318
121486.0996288947 113598.8377423864
120213.3151314912 114729.7706590028
119576.9228827895 111983.2192900773
124031.6686237018 114245.0851233100
125145.3550589298 114568.2088137719
122917.9821884737 113437.2758971555
119576.9228827895 115699.1417303882
119736.0209449649 113114.1522066937
124827.1589345789 113114.1522066937
120531.5112558421 112952.5903614627
125145.3550589298 115699.1417303882
123713.4724993509 113114.1522066937
125781.7473076316 113760.3995876173
127531.8259915614 115699.1417303882
122917.9821884737 114245.0851233100
125304.4531211053 113437.2758971555
125940.8453698070 116183.8272660810
120531.5112558421 116022.2654208500

120690.6093180175 115052.8943494646
124668.0608724035 115860.7035756191
121008.8054423684 114568.2088137719
120690.6093180175 116991.6364922355
123236.1783128245 114083.5232780791
121804.2957532456 114729.7706590028
126736.3356806842 116022.2654208500
120372.4131936667 117476.3220279282
118940.5306340877 113921.9614328482
121327.0015667193 112791.0285162318
124031.6686237018 115376.0180399264
125304.4531211053 112791.0285162318
126736.3356806842 114083.5232780791
122758.8841262982 114568.2088137719
119736.0209449649 112467.9048257700
124986.2569967544 115537.5798851573
126577.2376185088 113275.7140519246
126895.4337428596 114891.3325042337
123236.1783128245 114729.7706590028
124031.6686237018 115537.5798851573

120690.6093180175 117153.1983374664
126099.9434319825 113275.7140519246
126099.9434319825 113921.9614328482
127372.7279293860 116183.8272660810
124508.9628102281 114891.3325042337
126577.2376185088 113275.7140519246
120213.3151314912 116830.0746470046
120213.3151314912 117153.1983374664
124986.2569967544 115214.4561946955
121327.0015667193 113760.3995876173
120213.3151314912 116668.5128017737
121486.0996288947 114729.7706590028
126418.1395563333 114083.5232780791
123872.5705615263 115537.5798851573
121804.2957532456 114891.3325042337
124986.2569967544 115537.5798851573
121486.0996288947 114406.6469685409
127372.7279293860 116506.9509565428
124668.0608724035 115699.1417303882
125781.7473076316 114245.0851233100

124668.0608724035 114568.2088137719
120054.2170693158 115699.1417303882
120690.6093180175 115052.8943494646
122281.5899397719 115052.8943494646
120372.4131936667 112467.9048257700
123554.3744371754 115052.8943494646
120849.7073801930 118768.8167897755
118940.5306340877 113760.3995876173
126099.9434319825 112629.4666710009
123236.1783128245 113598.8377423864
125304.4531211053 115537.5798851573
122440.6880019474 114083.5232780791
127372.7279293860 116183.8272660810
120690.6093180175 115860.7035756191
120849.7073801930 113921.9614328482
121963.3938154210 113921.9614328482
125145.3550589298 114568.2088137719
120213.3151314912 116668.5128017737
119895.1190071403 112629.4666710009
126259.0414941579 115376.0180399264

121963.3938154210 113760.3995876173
120372.4131936667 116022.2654208500
125622.6492454561 114568.2088137719
126099.9434319825 116345.3891113118
123077.0802506491 114891.3325042337
120690.6093180175 115537.5798851573
119417.8248206140 115214.4561946955
124668.0608724035 113760.3995876173
124349.8647480526 115860.7035756191
126259.0414941579 114406.6469685409
126895.4337428596 113760.3995876173
120213.3151314912 116991.6364922355
123872.5705615263 115699.1417303882
121167.9035045439 113760.3995876173
124827.1589345789 115699.1417303882
121327.0015667193 114568.2088137719
125781.7473076316 113760.3995876173
119099.6286962632 114083.5232780791
122122.4918775965 114568.2088137719
125145.3550589298 115214.4561946955

124508.9628102281 115537.5798851573
125781.7473076316 113114.1522066937
120531.5112558421 117153.1983374664
124986.2569967544 113598.8377423864
120690.6093180175 116830.0746470046
127213.6298672105 116345.3891113118
120372.4131936667 114406.6469685409
122758.8841262982 113921.9614328482
126577.2376185088 116345.3891113118
124668.0608724035 114891.3325042337
122281.5899397719 113760.3995876173
127054.5318050351 116668.5128017737
121804.2957532456 114568.2088137719
119576.9228827895 114891.3325042337
123236.1783128245 114083.5232780791
126099.9434319825 113114.1522066937
124508.9628102281 114083.5232780791
126736.3356806842 113437.2758971555
120531.5112558421 117961.0075636210
119736.0209449649 113275.7140519246

124986.2569967544 114729.7706590028
126099.9434319825 114568.2088137719
121645.1976910702 113114.1522066937
120213.3151314912 113598.8377423864
123395.2763750000 115214.4561946955
120690.6093180175 115214.4561946955
121008.8054423684 112629.4666710009
127054.5318050351 114568.2088137719
119417.8248206140 114406.6469685409
120531.5112558421 112952.5903614627
124031.6686237018 114406.6469685409
119736.0209449649 113275.7140519246
125622.6492454561 114406.6469685409
119099.6286962632 114406.6469685409
124031.6686237018 115376.0180399264
120690.6093180175 117637.8838731591
126895.4337428596 116506.9509565428
124190.7666858772 114083.5232780791
120054.2170693158 114406.6469685409
125781.7473076316 113437.2758971555

122599.7860641228 113598.8377423864
119576.9228827895 115376.0180399264
124349.8647480526 115860.7035756191
121804.2957532456 115052.8943494646
124827.1589345789 113760.3995876173
124668.0608724035 115052.8943494646
124508.9628102281 115537.5798851573
125304.4531211053 113437.2758971555
127054.5318050351 116506.9509565428
120213.3151314912 114891.3325042337
120372.4131936667 115699.1417303882
124827.1589345789 114568.2088137719
119258.7267584386 114083.5232780791
126259.0414941579 113598.8377423864
121963.3938154210 114083.5232780791
126736.3356806842 114083.5232780791
121963.3938154210 113275.7140519246
127531.8259915614 116345.3891113118
120849.7073801930 112467.9048257700
126418.1395563333 112629.4666710009

120213.3151314912 116668.5128017737
120054.2170693158 115860.7035756191
120213.3151314912 113598.8377423864
127054.5318050351 116506.9509565428
125622.6492454561 114083.5232780791
121008.8054423684 114245.0851233100
120054.2170693158 111983.2192900773
122917.9821884737 114568.2088137719
124508.9628102281 115537.5798851573
122599.7860641228 114891.3325042337
125622.6492454561 113275.7140519246
122917.9821884737 113598.8377423864
124986.2569967544 113598.8377423864
119895.1190071403 114891.3325042337
119736.0209449649 113275.7140519246
125940.8453698070 112791.0285162318
124190.7666858772 114245.0851233100
120849.7073801930 117153.1983374664
120054.2170693158 114406.6469685409
126418.1395563333 114568.2088137719

121486.0996288947 114891.3325042337
120531.5112558421 117637.8838731591
124190.7666858772 115376.0180399264
122599.7860641228 113921.9614328482
124190.7666858772 114729.7706590028
120213.3151314912 116830.0746470046
125781.7473076316 113275.7140519246
124827.1589345789 113437.2758971555
121486.0996288947 114729.7706590028
126736.3356806842 115699.1417303882
120690.6093180175 115699.1417303882
125940.8453698070 115699.1417303882
121804.2957532456 114891.3325042337
126895.4337428596 114083.5232780791
124668.0608724035 114891.3325042337
121804.2957532456 114729.7706590028
126736.3356806842 114406.6469685409
122281.5899397719 113760.3995876173
121327.0015667193 112952.5903614627
119258.7267584386 114406.6469685409

125940.8453698070 114083.5232780791
121804.2957532456 113275.7140519246
120054.2170693158 112306.3429805391
121486.0996288947 113275.7140519246
126418.1395563333 112952.5903614627
125145.3550589298 115537.5798851573
124986.2569967544 113598.8377423864
125304.4531211053 115214.4561946955
120690.6093180175 117314.7601826973
120849.7073801930 115376.0180399264
126577.2376185088 116183.8272660810
124031.6686237018 115214.4561946955
123872.5705615263 114406.6469685409
121645.1976910702 114245.0851233100
121327.0015667193 114568.2088137719
123077.0802506491 114891.3325042337
122281.5899397719 114245.0851233100
127372.7279293860 116022.2654208500
126259.0414941579 113437.2758971555
119099.6286962632 113437.2758971555

120849.7073801930 116991.6364922355
120690.6093180175 114568.2088137719
123872.5705615263 115214.4561946955
125463.5511832807 115214.4561946955
124031.6686237018 113598.8377423864
120690.6093180175 116183.8272660810
126895.4337428596 114083.5232780791
125463.5511832807 113437.2758971555
122281.5899397719 113760.3995876173
121963.3938154210 114729.7706590028
124190.7666858772 115052.8943494646
124668.0608724035 115052.8943494646
120849.7073801930 118284.1312540828
119895.1190071403 112144.7811353082
120849.7073801930 112791.0285162318
120849.7073801930 117637.8838731591
125781.7473076316 114729.7706590028
121804.2957532456 113598.8377423864
124190.7666858772 114406.6469685409
125304.4531211053 116022.2654208500

121963.3938154210 115052.8943494646
124986.2569967544 114891.3325042337
126736.3356806842 115699.1417303882
124827.1589345789 114729.7706590028
120849.7073801930 118122.5694088519
121804.2957532456 114245.0851233100
123872.5705615263 113760.3995876173
122122.4918775965 113437.2758971555
124827.1589345789 114245.0851233100
124508.9628102281 115537.5798851573
126736.3356806842 113598.8377423864
126577.2376185088 116506.9509565428
126736.3356806842 116506.9509565428
121008.8054423684 114568.2088137719
120372.4131936667 116830.0746470046
124508.9628102281 114891.3325042337
121963.3938154210 113760.3995876173
123077.0802506491 114406.6469685409
122758.8841262982 115214.4561946955
126259.0414941579 114083.5232780791

120213.3151314912 116830.0746470046
124827.1589345789 113598.8377423864
123872.5705615263 115537.5798851573
119258.7267584386 114568.2088137719
126577.2376185088 114891.3325042337
126895.4337428596 114891.3325042337
121645.1976910702 114729.7706590028
124827.1589345789 115537.5798851573
126099.9434319825 114245.0851233100
121167.9035045439 114083.5232780791
127054.5318050351 114083.5232780791
121486.0996288947 114245.0851233100
126895.4337428596 116668.5128017737
120849.7073801930 115699.1417303882
121486.0996288947 113114.1522066937
124668.0608724035 115699.1417303882
119417.8248206140 114083.5232780791
125304.4531211053 114568.2088137719
124827.1589345789 114568.2088137719
121327.0015667193 114729.7706590028

125304.4531211053 115699.1417303882
120054.2170693158 116830.0746470046
119417.8248206140 113275.7140519246
124508.9628102281 115537.5798851573
125145.3550589298 114406.6469685409
127054.5318050351 116183.8272660810
121804.2957532456 113921.9614328482
122281.5899397719 114406.6469685409
126736.3356806842 113921.9614328482
127054.5318050351 115376.0180399264
121804.2957532456 114568.2088137719
121486.0996288947 114729.7706590028
121804.2957532456 114083.5232780791
127372.7279293860 116668.5128017737
122122.4918775965 113921.9614328482
122122.4918775965 113760.3995876173
120690.6093180175 115860.7035756191
120054.2170693158 115699.1417303882
120531.5112558421 115860.7035756191
122599.7860641228 114891.3325042337

124668.0608724035 112952.5903614627
124668.0608724035 115376.0180399264
124668.0608724035 114083.5232780791
121804.2957532456 114406.6469685409
124508.9628102281 114406.6469685409
127531.8259915614 116345.3891113118
126736.3356806842 116506.9509565428
124031.6686237018 115537.5798851573
125622.6492454561 113437.2758971555
122122.4918775965 113760.3995876173
124349.8647480526 115376.0180399264
123872.5705615263 115699.1417303882
120372.4131936667 116022.2654208500
126736.3356806842 113598.8377423864
119417.8248206140 112952.5903614627
126577.2376185088 115537.5798851573
124668.0608724035 115214.4561946955
120849.7073801930 117961.0075636210
121008.8054423684 113437.2758971555
119895.1190071403 114568.2088137719

122440.6880019474 114245.0851233100
120054.2170693158 115052.8943494646
120372.4131936667 114245.0851233100
120054.2170693158 111983.2192900773
119258.7267584386 114245.0851233100
125463.5511832807 112791.0285162318
125463.5511832807 113437.2758971555
126099.9434319825 115214.4561946955
123077.0802506491 113760.3995876173
124668.0608724035 115376.0180399264
123554.3744371754 114083.5232780791
119417.8248206140 115214.4561946955
120690.6093180175 116506.9509565428
120849.7073801930 113760.3995876173
120531.5112558421 112306.3429805391
119736.0209449649 112467.9048257700
125622.6492454561 115537.5798851573
122122.4918775965 114406.6469685409
122440.6880019474 113598.8377423864
126577.2376185088 113921.9614328482

120849.7073801930 113921.9614328482
121963.3938154210 113437.2758971555
120531.5112558421 114568.2088137719
124031.6686237018 114568.2088137719
125781.7473076316 113275.7140519246
125463.5511832807 114406.6469685409
127054.5318050351 114406.6469685409
124508.9628102281 114891.3325042337
126418.1395563333 113275.7140519246
123713.4724993509 115376.0180399264
126577.2376185088 115376.0180399264
121327.0015667193 113921.9614328482
120531.5112558421 117961.0075636210
119099.6286962632 113437.2758971555
121645.1976910702 113921.9614328482
121486.0996288947 113114.1522066937
124827.1589345789 116022.2654208500
119258.7267584386 113598.8377423864
123872.5705615263 115052.8943494646
121008.8054423684 114729.7706590028

120213.3151314912 112952.5903614627
120849.7073801930 114245.0851233100
124349.8647480526 113114.1522066937
125940.8453698070 114406.6469685409
126577.2376185088 113437.2758971555
126736.3356806842 114406.6469685409
124508.9628102281 114568.2088137719
126895.4337428596 116506.9509565428
124827.1589345789 114406.6469685409
122281.5899397719 114083.5232780791
120531.5112558421 117799.4457183901
121804.2957532456 113921.9614328482
120849.7073801930 118284.1312540828
127531.8259915614 116668.5128017737
124668.0608724035 115376.0180399264
120690.6093180175 115699.1417303882
126736.3356806842 116506.9509565428
122440.6880019474 113760.3995876173
120690.6093180175 116830.0746470046
121645.1976910702 114729.7706590028

127054.5318050351 114245.0851233100
124668.0608724035 114891.3325042337
122281.5899397719 114729.7706590028
127054.5318050351 114083.5232780791
121804.2957532456 113921.9614328482
127213.6298672105 116022.2654208500
121327.0015667193 114245.0851233100
121645.1976910702 113114.1522066937
126736.3356806842 114245.0851233100
120531.5112558421 117476.3220279282
122122.4918775965 113760.3995876173
127054.5318050351 116668.5128017737
125781.7473076316 114406.6469685409
127690.9240537368 116668.5128017737
119736.0209449649 116022.2654208500
124668.0608724035 113760.3995876173
124190.7666858772 115376.0180399264
124668.0608724035 115537.5798851573
124349.8647480526 114729.7706590028
120690.6093180175 116830.0746470046

127531.8259915614 115860.7035756191
122281.5899397719 115052.8943494646
121804.2957532456 114406.6469685409
122122.4918775965 113760.3995876173
125304.4531211053 114891.3325042337
120849.7073801930 117637.8838731591
119736.0209449649 114729.7706590028
125781.7473076316 112791.0285162318
127213.6298672105 115376.0180399264
123554.3744371754 113437.2758971555
124986.2569967544 115214.4561946955
127372.7279293860 116668.5128017737
120213.3151314912 112306.3429805391
120690.6093180175 114729.7706590028
126259.0414941579 112952.5903614627
124190.7666858772 115537.5798851573
121804.2957532456 113760.3995876173
119736.0209449649 112467.9048257700
126099.9434319825 115537.5798851573
120213.3151314912 114891.3325042337

