49249251.2944682091 18362.1623992920
46828005.9952037334 15951.2138137817
46534931.1012111902 15426.8282241821
45968636.5864246786 14618.5698738098
48693274.5216137767 18297.8018188477
48473059.9143969193 17770.8656768799
47738966.9457187653 17060.8700485229
47302827.6919295117 16916.3870162964
48058333.2899195030 17526.3985900879
51333743.5344887599 18838.3823547363
48509757.4169828966 18166.8085632324
47154335.5023173615 16916.0221176147
46382415.6016749069 15103.7730636597
48430525.3713106290 17559.8045806885
49352765.3941834122 18408.3191528320
47927180.0065283254 17113.7171630859
