47706333.5798860043 37994.3941955566
46499544.6818897203 29109.8676376343
46724653.5059890598 31297.6268310547
48835898.5760514885 40726.8511352539
46677623.5644370615 30591.4370689392
49643693.4325859770 41197.5560302734
49190821.2520535141 40847.4442138672
46929377.8842105120 35438.6904983521
48814884.1345244944 39970.0018310547
47713644.4676450491 39370.6056823730
46763598.4043443352 31318.7046527863
49842047.2405408174 41931.9251708984
48302118.1019480377 39465.9759826660
46662843.6918958500 29741.4050407410
46797389.5116327256 33890.2649688721
46565373.2763262168 29673.7960128784
48774576.3807125241 39688.1964569092
48790365.4212628677 39731.9817504883
46797163.0456813574 33020.1037521362
46013329.4865962267 27781.6749687195
46988400.0660139099 37629.5141601562
46853390.7649370283 33902.8826446533
48687135.6008129790 39582.5134887695
