48747045.9771916568 39838.6585693359
46643261.9067493901 37501.1209869385
46620726.0628714040 31786.1684069633
47706333.5798860043 37994.3941955566
46499544.6818897203 29109.8676376343
48835898.5760514885 40726.8511352539
49643693.4325859770 41197.5560302734
49190821.2520535141 40847.4442138672
48814884.1345244944 39970.0018310547
47713644.4676450491 39370.6056823730
49842047.2405408174 41931.9251708984
48302118.1019480377 39465.9759826660
46565373.2763262168 29673.7960128784
46013329.4865962267 27781.6749687195
46988400.0660139099 37629.5141601562
48687135.6008129790 39582.5134887695
