121645.1976910702 114729.7706590028
120690.6093180175 114729.7706590028
126259.0414941579 113760.3995876173
122599.7860641228 114891.3325042337
125622.6492454561 114245.0851233100
127054.5318050351 114245.0851233100
120849.7073801930 118445.6930993137
124986.2569967544 115860.7035756191
119417.8248206140 113437.2758971555
121008.8054423684 114406.6469685409
124031.6686237018 113598.8377423864
121963.3938154210 113921.9614328482
125304.4531211053 114406.6469685409
124986.2569967544 114568.2088137719
122599.7860641228 113921.9614328482
119417.8248206140 114083.5232780791
125622.6492454561 113437.2758971555
120213.3151314912 113598.8377423864
120054.2170693158 116183.8272660810
123395.2763750000 114568.2088137719

122599.7860641228 114568.2088137719
122917.9821884737 114568.2088137719
121645.1976910702 114729.7706590028
119258.7267584386 112952.5903614627
119895.1190071403 115214.4561946955
126736.3356806842 116345.3891113118
120054.2170693158 116506.9509565428
120213.3151314912 111983.2192900773
124508.9628102281 113598.8377423864
121963.3938154210 114406.6469685409
127372.7279293860 115376.0180399264
127213.6298672105 116506.9509565428
124668.0608724035 115537.5798851573
125781.7473076316 116022.2654208500
126259.0414941579 116183.8272660810
126577.2376185088 114568.2088137719
123872.5705615263 114729.7706590028
120849.7073801930 115860.7035756191
124508.9628102281 114729.7706590028
119258.7267584386 113760.3995876173

124986.2569967544 113921.9614328482
124827.1589345789 115537.5798851573
126418.1395563333 113760.3995876173
122440.6880019474 113921.9614328482
123554.3744371754 114568.2088137719
122917.9821884737 114245.0851233100
119417.8248206140 115214.4561946955
119895.1190071403 112791.0285162318
120372.4131936667 117637.8838731591
120849.7073801930 116022.2654208500
124668.0608724035 115214.4561946955
126099.9434319825 113921.9614328482
121963.3938154210 114406.6469685409
124668.0608724035 114568.2088137719
119736.0209449649 115860.7035756191
120690.6093180175 114891.3325042337
126418.1395563333 116506.9509565428
124349.8647480526 115214.4561946955
126895.4337428596 114083.5232780791
124986.2569967544 113114.1522066937

124349.8647480526 115376.0180399264
127372.7279293860 116506.9509565428
121645.1976910702 113437.2758971555
122440.6880019474 113598.8377423864
119417.8248206140 113598.8377423864
126895.4337428596 116183.8272660810
126418.1395563333 112629.4666710009
120690.6093180175 117637.8838731591
126099.9434319825 112629.4666710009
124349.8647480526 114729.7706590028
119736.0209449649 112952.5903614627
124190.7666858772 115699.1417303882
122440.6880019474 113921.9614328482
121486.0996288947 114729.7706590028
120531.5112558421 116830.0746470046
125463.5511832807 114568.2088137719
121645.1976910702 113921.9614328482
120372.4131936667 115860.7035756191
120690.6093180175 112629.4666710009
122599.7860641228 114891.3325042337

124986.2569967544 115699.1417303882
124827.1589345789 114083.5232780791
126736.3356806842 114729.7706590028
125145.3550589298 114083.5232780791
121804.2957532456 114729.7706590028
120849.7073801930 115699.1417303882
125304.4531211053 115699.1417303882
121167.9035045439 114245.0851233100
123872.5705615263 115537.5798851573
120213.3151314912 114083.5232780791
121963.3938154210 113921.9614328482
121486.0996288947 114729.7706590028
126895.4337428596 113921.9614328482
120690.6093180175 116183.8272660810
127372.7279293860 116830.0746470046
119417.8248206140 112629.4666710009
119736.0209449649 115537.5798851573
124508.9628102281 115699.1417303882
119099.6286962632 113598.8377423864
124827.1589345789 114729.7706590028

126577.2376185088 114083.5232780791
119258.7267584386 113437.2758971555
127850.0221159123 116022.2654208500
121804.2957532456 114406.6469685409
124349.8647480526 115214.4561946955
125463.5511832807 113921.9614328482
126736.3356806842 116506.9509565428
126895.4337428596 116022.2654208500
119258.7267584386 113275.7140519246
127054.5318050351 114245.0851233100
121804.2957532456 114245.0851233100
126736.3356806842 116345.3891113118
120690.6093180175 117961.0075636210
121645.1976910702 114729.7706590028
120531.5112558421 116991.6364922355
124827.1589345789 114245.0851233100
121327.0015667193 113760.3995876173
122122.4918775965 113598.8377423864
124986.2569967544 115214.4561946955
126577.2376185088 114406.6469685409

120372.4131936667 116183.8272660810
124349.8647480526 115699.1417303882
125622.6492454561 115214.4561946955
123077.0802506491 115052.8943494646
119736.0209449649 114729.7706590028
121963.3938154210 114083.5232780791
125781.7473076316 114083.5232780791
120372.4131936667 112306.3429805391
120690.6093180175 114891.3325042337
120213.3151314912 117153.1983374664
120531.5112558421 117153.1983374664
126736.3356806842 113921.9614328482
125463.5511832807 114083.5232780791
124668.0608724035 115376.0180399264
124827.1589345789 114406.6469685409
121486.0996288947 113114.1522066937
119895.1190071403 116022.2654208500
120531.5112558421 113921.9614328482
120213.3151314912 114891.3325042337
123872.5705615263 115699.1417303882

122122.4918775965 114406.6469685409
125781.7473076316 113275.7140519246
126418.1395563333 116345.3891113118
124986.2569967544 114891.3325042337
120849.7073801930 115214.4561946955
123872.5705615263 115052.8943494646
120531.5112558421 117476.3220279282
120213.3151314912 112791.0285162318
127531.8259915614 115699.1417303882
124508.9628102281 114729.7706590028
126895.4337428596 113921.9614328482
120213.3151314912 116830.0746470046
126736.3356806842 116345.3891113118
120849.7073801930 118768.8167897755
122122.4918775965 113437.2758971555
120531.5112558421 116830.0746470046
120849.7073801930 113114.1522066937
121008.8054423684 113598.8377423864
123554.3744371754 113760.3995876173
126736.3356806842 115699.1417303882

127690.9240537368 116022.2654208500
123872.5705615263 115537.5798851573
120531.5112558421 117476.3220279282
124349.8647480526 112952.5903614627
124349.8647480526 115376.0180399264
120054.2170693158 116830.0746470046
121963.3938154210 113437.2758971555
121804.2957532456 114729.7706590028
121327.0015667193 114406.6469685409
124508.9628102281 115860.7035756191
120372.4131936667 116022.2654208500
126577.2376185088 113921.9614328482
121963.3938154210 114245.0851233100
121645.1976910702 114245.0851233100
119736.0209449649 113114.1522066937
124986.2569967544 114083.5232780791
120213.3151314912 115214.4561946955
126736.3356806842 113598.8377423864
126418.1395563333 113114.1522066937
126577.2376185088 114406.6469685409

119576.9228827895 115376.0180399264
127213.6298672105 115699.1417303882
121167.9035045439 114406.6469685409
120531.5112558421 115214.4561946955
126895.4337428596 116183.8272660810
121963.3938154210 114406.6469685409
122122.4918775965 113921.9614328482
119417.8248206140 112952.5903614627
124508.9628102281 114729.7706590028
124986.2569967544 115537.5798851573
121645.1976910702 114406.6469685409
120213.3151314912 115214.4561946955
124508.9628102281 115214.4561946955
121167.9035045439 113760.3995876173
124031.6686237018 114891.3325042337
120690.6093180175 118284.1312540828
126577.2376185088 113598.8377423864
124190.7666858772 115699.1417303882
121008.8054423684 112791.0285162318
121486.0996288947 114245.0851233100

121645.1976910702 114568.2088137719
119895.1190071403 111983.2192900773
124986.2569967544 114729.7706590028
123395.2763750000 114568.2088137719
122281.5899397719 114568.2088137719
125463.5511832807 114083.5232780791
122122.4918775965 114891.3325042337
120531.5112558421 116506.9509565428
124508.9628102281 115537.5798851573
124827.1589345789 115214.4561946955
125145.3550589298 114245.0851233100
125622.6492454561 112791.0285162318
121327.0015667193 114568.2088137719
120849.7073801930 118284.1312540828
119736.0209449649 116022.2654208500
126895.4337428596 116345.3891113118
122917.9821884737 114568.2088137719
125940.8453698070 114406.6469685409
120849.7073801930 116506.9509565428
121804.2957532456 114083.5232780791

127054.5318050351 114083.5232780791
123395.2763750000 115537.5798851573
124668.0608724035 115699.1417303882
121327.0015667193 114406.6469685409
126577.2376185088 113760.3995876173
126895.4337428596 116506.9509565428
121486.0996288947 114568.2088137719
127690.9240537368 116506.9509565428
121167.9035045439 113921.9614328482
121008.8054423684 114568.2088137719
124668.0608724035 114568.2088137719
121327.0015667193 114245.0851233100
124986.2569967544 113437.2758971555
126736.3356806842 113921.9614328482
126577.2376185088 113598.8377423864
124668.0608724035 114245.0851233100
119258.7267584386 114568.2088137719
124508.9628102281 115376.0180399264
122440.6880019474 114891.3325042337
126259.0414941579 113275.7140519246

127213.6298672105 116668.5128017737
120849.7073801930 112791.0285162318
119417.8248206140 113760.3995876173
126577.2376185088 116183.8272660810
121804.2957532456 113437.2758971555
127372.7279293860 116183.8272660810
120849.7073801930 115214.4561946955
121804.2957532456 114083.5232780791
124986.2569967544 113921.9614328482
126577.2376185088 113114.1522066937
119417.8248206140 113114.1522066937
124668.0608724035 115537.5798851573
126418.1395563333 113921.9614328482
127531.8259915614 116506.9509565428
120372.4131936667 113114.1522066937
121804.2957532456 114729.7706590028
122281.5899397719 114406.6469685409
122281.5899397719 115052.8943494646
120531.5112558421 117476.3220279282
120531.5112558421 116506.9509565428

