47747429.1607034802 37683.0036773682
46662843.6918958500 29741.4050407410
48075571.6131217778 37986.0466003418
46797389.5116327256 33890.2649688721
48170649.6369327381 38391.2911682129
46565373.2763262168 29673.7960128784
48566798.3507970199 39068.6763610840
48541530.1796939746 39050.2064208984
49325589.5800764114 40670.6856689453
48774576.3807125241 39688.1964569092
48790365.4212628677 39731.9817504883
48943658.2794831023 40217.1262207031
48142801.0361082181 38216.1541137695
46528723.1757535860 28818.0192565918
46797163.0456813574 33020.1037521362
48366180.9876191393 38509.3468933105
46013329.4865962267 27781.6749687195
46988400.0660139099 37629.5141601562
46853390.7649370283 33902.8826446533
50161857.6345820278 41145.6019287109
48056421.3725833669 37744.3498001099
50086956.6788900048 40896.6802368164
48687135.6008129790 39582.5134887695
