59872754.5287287384 551.7856645584
58147968.3901031464 519.2592275143
59214277.5906825140 541.9310276508
57616054.1749007851 495.9421625137
61057239.3078428879 564.3534121513
61799303.8895458356 575.3993878365
59667201.2755969912 542.9068837166
57205465.3461604714 491.8659322262
56682665.9884069487 462.3282411098
58380268.5917937458 532.4633858204
57749898.1858239397 517.2991871834
56980590.6403433904 485.2239410877
59125626.4630585015 532.8418741226
60989249.7676007450 558.1930670738
56393899.4899122566 433.5556256771
56391925.7650110126 380.4538717270
57164670.1096196845 487.6285586059
