57053877.5983787701 443.3900969028
61933114.6867194176 564.0390548706
59557628.7180615216 534.0847454071
59125626.4630585015 532.8418741226
60029847.5644723326 548.7901430130
57883281.4604490921 494.9319289923
60989249.7676007450 558.1930670738
56393899.4899122566 433.5556256771
59607839.5318449289 538.6016502380
58179234.4985775873 500.3399603367
60750403.7038003206 549.4942636490
56391925.7650110126 380.4538717270
57164670.1096196845 487.6285586059
58407732.5951708183 503.5752067566
58660640.5104460046 530.3818049431
57620794.1110518053 492.0665943623
58391922.5302423537 501.4890089035
59639578.1302808151 540.2210159302
