123408.0041501296 125176.1332594338
120076.5677489074 129630.8996820809
124835.7626077963 124062.4416537721
122138.8855210926 127721.7140723750
123090.7244928704 127085.3188691397
125153.0422650556 125017.0344586250
121345.6863779444 128358.1092756103
121662.9660352037 124857.9356578162
120552.4872347963 121357.7620400221
119124.7287771296 128199.0104748015
121980.2456924630 124380.6392553897
120235.2075775370 121357.7620400221
121028.4067206852 128199.0104748015
118807.4491198704 127562.6152715662
120235.2075775370 122153.2560440662
121028.4067206852 126608.0224667132
120552.4872347963 128358.1092756103
120869.7668920556 123744.2440521544
119759.2880916481 121357.7620400221
119442.0084343889 121994.1572432573
119759.2880916481 128676.3068772279
124201.2032932778 124857.9356578162
122456.1651783518 125812.5284626691
117855.6101480926 128676.3068772279
117538.3304908333 127244.4176699485

119124.7287771296 121357.7620400221
119759.2880916481 126767.1212675221
124994.4024364259 125653.4296618603
119917.9279202778 127244.4176699485
120711.1270634259 121835.0584424485
124042.5634646481 125812.5284626691
118807.4491198704 128358.1092756103
121980.2456924630 122471.4536456838
120869.7668920556 125971.6272634779
121662.9660352037 125812.5284626691
121345.6863779444 121675.9596416397
121504.3262065741 126926.2200683309
122614.8050069815 126130.7260642868
122297.5253497222 126130.7260642868
118331.5296339815 128676.3068772279
117062.4110049445 124221.5404545809
125311.6820936852 125494.3308610515
118172.8898053518 125176.1332594338
117379.6906622037 125335.2320602426
120076.5677489074 121516.8608408309
120393.8474061667 121675.9596416397
121980.2456924630 128039.9116739927
119124.7287771296 126608.0224667132
117855.6101480926 124857.9356578162
119759.2880916481 121198.6632392132

118331.5296339815 126130.7260642868
123249.3643215000 124062.4416537721
121821.6058638333 124221.5404545809
120076.5677489074 126608.0224667132
118966.0889485000 121835.0584424485
121187.0465493148 121835.0584424485
119283.3686057593 124221.5404545809
122138.8855210926 121994.1572432573
119759.2880916481 122948.7500481103
118014.2499767222 125494.3308610515
124359.8431219074 123585.1452513456
118331.5296339815 122630.5524464927
124835.7626077963 123744.2440521544
119442.0084343889 121516.8608408309
120711.1270634259 122471.4536456838
118014.2499767222 127880.8128731838
118648.8092912407 128835.4056780368
121345.6863779444 127403.5164707574
122138.8855210926 127403.5164707574
122138.8855210926 121835.0584424485
120711.1270634259 127721.7140723750
124835.7626077963 125812.5284626691
120393.8474061667 121516.8608408309
122614.8050069815 121357.7620400221
123566.6439787593 121039.5644384044

118807.4491198704 123266.9476497279
117221.0508335741 124221.5404545809
124042.5634646481 126448.9236659044
117696.9703194630 126289.8248650956
120393.8474061667 126289.8248650956
121345.6863779444 125653.4296618603
122932.0846642407 121516.8608408309
120711.1270634259 127244.4176699485
123566.6439787593 125335.2320602426
119600.6482630185 127721.7140723750
124677.1227791667 123744.2440521544
121980.2456924630 121516.8608408309
120393.8474061667 121675.9596416397
118014.2499767222 126926.2200683309
119442.0084343889 123744.2440521544
117855.6101480926 125971.6272634779
121821.6058638333 125812.5284626691
118648.8092912407 128517.2080764191
117538.3304908333 127244.4176699485
118331.5296339815 125971.6272634779
121028.4067206852 128835.4056780368
122138.8855210926 127244.4176699485
119917.9279202778 122153.2560440662
121504.3262065741 128358.1092756103
119917.9279202778 128039.9116739927

118807.4491198704 121835.0584424485
121662.9660352037 128039.9116739927
118014.2499767222 124380.6392553897
118172.8898053518 128358.1092756103
118490.1694626111 122789.6512473015
120552.4872347963 123903.3428529633
119124.7287771296 122312.3548448750
119124.7287771296 127085.3188691397
121345.6863779444 126767.1212675221
120552.4872347963 121357.7620400221
122138.8855210926 127721.7140723750
120076.5677489074 121357.7620400221
121345.6863779444 122312.3548448750
118014.2499767222 127562.6152715662
119442.0084343889 125971.6272634779
121187.0465493148 121675.9596416397
118807.4491198704 126926.2200683309
124994.4024364259 124221.5404545809
124677.1227791667 125335.2320602426
120235.2075775370 126130.7260642868
122138.8855210926 121198.6632392132
122614.8050069815 121516.8608408309
119442.0084343889 126767.1212675221
121662.9660352037 127403.5164707574
120076.5677489074 122471.4536456838

121504.3262065741 124221.5404545809
120552.4872347963 121994.1572432573
119600.6482630185 122471.4536456838
121980.2456924630 126926.2200683309
118014.2499767222 129471.8008812721
124677.1227791667 123585.1452513456
123249.3643215000 123903.3428529633
124994.4024364259 124062.4416537721
122932.0846642407 124062.4416537721
117696.9703194630 125812.5284626691
118648.8092912407 128676.3068772279
119124.7287771296 124539.7380561985
124201.2032932778 124698.8368570074
122297.5253497222 121039.5644384044
119124.7287771296 128199.0104748015
119759.2880916481 124221.5404545809
121028.4067206852 125176.1332594338
123566.6439787593 124698.8368570074
119442.0084343889 127880.8128731838
122932.0846642407 121039.5644384044
123883.9236360185 125494.3308610515
118014.2499767222 123585.1452513456
121028.4067206852 127403.5164707574
120393.8474061667 128994.5044788456
120235.2075775370 121994.1572432573

123249.3643215000 124698.8368570074
124359.8431219074 124698.8368570074
119759.2880916481 121357.7620400221
123408.0041501296 121198.6632392132
122614.8050069815 127403.5164707574
123883.9236360185 123585.1452513456
117696.9703194630 127085.3188691397
118966.0889485000 122471.4536456838
119124.7287771296 127085.3188691397
124994.4024364259 123903.3428529633
120235.2075775370 126130.7260642868
121504.3262065741 127880.8128731838
121662.9660352037 121357.7620400221
118014.2499767222 123107.8488489191
120552.4872347963 121357.7620400221
120869.7668920556 122312.3548448750
120869.7668920556 124857.9356578162
118490.1694626111 128039.9116739927
116903.7711763148 124539.7380561985
122138.8855210926 127403.5164707574
119917.9279202778 128517.2080764191
122773.4448356111 126448.9236659044
121345.6863779444 128039.9116739927
121821.6058638333 128039.9116739927
120552.4872347963 125494.3308610515

121187.0465493148 128199.0104748015
120711.1270634259 121357.7620400221
120076.5677489074 123744.2440521544
119600.6482630185 121675.9596416397
120869.7668920556 127244.4176699485
124835.7626077963 125335.2320602426
122932.0846642407 126767.1212675221
118014.2499767222 129471.8008812721
124042.5634646481 123744.2440521544
118490.1694626111 122471.4536456838
120393.8474061667 128199.0104748015
118807.4491198704 122471.4536456838
117221.0508335741 124062.4416537721
120235.2075775370 121516.8608408309
120711.1270634259 121198.6632392132
120393.8474061667 121675.9596416397
118331.5296339815 123585.1452513456
121821.6058638333 127244.4176699485
120711.1270634259 128358.1092756103
118807.4491198704 128199.0104748015
122138.8855210926 127403.5164707574
118331.5296339815 130267.2948853162
117538.3304908333 127562.6152715662
118807.4491198704 121675.9596416397
119442.0084343889 122153.2560440662

121821.6058638333 127244.4176699485
124518.4829505370 125812.5284626691
120393.8474061667 121675.9596416397
121821.6058638333 121675.9596416397
120711.1270634259 128835.4056780368
120711.1270634259 121357.7620400221
118807.4491198704 128199.0104748015
119283.3686057593 128358.1092756103
119124.7287771296 126608.0224667132
117221.0508335741 124062.4416537721
120552.4872347963 128676.3068772279
119124.7287771296 123107.8488489191
121187.0465493148 121675.9596416397
122456.1651783518 127244.4176699485
118807.4491198704 122471.4536456838
122297.5253497222 121357.7620400221
119600.6482630185 127244.4176699485
124042.5634646481 125494.3308610515
118331.5296339815 129312.7020804632
118014.2499767222 127085.3188691397
123090.7244928704 121675.9596416397
121028.4067206852 127403.5164707574
119759.2880916481 126289.8248650956
120711.1270634259 128358.1092756103
120076.5677489074 122630.5524464927

117538.3304908333 127244.4176699485
122773.4448356111 125335.2320602426
119124.7287771296 121357.7620400221
124835.7626077963 124539.7380561985
122138.8855210926 121357.7620400221
121504.3262065741 125335.2320602426
122138.8855210926 126130.7260642868
120235.2075775370 121675.9596416397
119917.9279202778 121675.9596416397
119600.6482630185 122312.3548448750
118490.1694626111 126289.8248650956
118490.1694626111 122153.2560440662
121821.6058638333 127085.3188691397
119442.0084343889 124857.9356578162
121028.4067206852 126767.1212675221
124042.5634646481 123744.2440521544
123566.6439787593 125971.6272634779
122456.1651783518 127403.5164707574
123090.7244928704 125971.6272634779
117855.6101480926 124539.7380561985
121821.6058638333 123744.2440521544
117062.4110049445 124857.9356578162
117855.6101480926 125971.6272634779
120393.8474061667 121835.0584424485
118172.8898053518 125494.3308610515

121980.2456924630 124857.9356578162
120076.5677489074 125812.5284626691
123725.2838073889 126448.9236659044
119759.2880916481 127880.8128731838
124201.2032932778 126130.7260642868
120552.4872347963 124221.5404545809
119124.7287771296 122948.7500481103
120076.5677489074 121516.8608408309
119759.2880916481 121357.7620400221
122138.8855210926 121198.6632392132
117221.0508335741 125494.3308610515
123725.2838073889 124221.5404545809
117696.9703194630 126767.1212675221
118331.5296339815 130426.3936861250
118807.4491198704 122948.7500481103
124994.4024364259 125335.2320602426
121504.3262065741 122630.5524464927
121028.4067206852 124062.4416537721
122456.1651783518 127244.4176699485
123090.7244928704 121039.5644384044
122773.4448356111 127085.3188691397
117855.6101480926 128994.5044788456
118807.4491198704 130744.5912877427
123249.3643215000 125017.0344586250
119442.0084343889 124857.9356578162

119917.9279202778 124062.4416537721
119124.7287771296 130426.3936861250
119600.6482630185 127403.5164707574
121504.3262065741 124539.7380561985
120552.4872347963 123426.0464505368
120869.7668920556 121516.8608408309
118331.5296339815 124221.5404545809
123090.7244928704 125812.5284626691
118014.2499767222 124062.4416537721
122297.5253497222 121039.5644384044
124359.8431219074 125494.3308610515
123408.0041501296 125017.0344586250
122773.4448356111 125335.2320602426
121504.3262065741 121516.8608408309
120235.2075775370 126448.9236659044
121187.0465493148 127721.7140723750
124042.5634646481 124380.6392553897
123725.2838073889 123744.2440521544
118648.8092912407 125812.5284626691
124994.4024364259 125335.2320602426
125311.6820936852 125335.2320602426
119283.3686057593 129153.6032796544
121980.2456924630 124062.4416537721
119124.7287771296 122312.3548448750
117379.6906622037 126448.9236659044

119600.6482630185 121516.8608408309
123725.2838073889 124221.5404545809
120076.5677489074 122471.4536456838
119917.9279202778 121516.8608408309
124677.1227791667 125812.5284626691
121662.9660352037 121516.8608408309
116903.7711763148 124539.7380561985
121187.0465493148 127085.3188691397
122773.4448356111 124698.8368570074
118807.4491198704 124857.9356578162
117538.3304908333 124698.8368570074
119917.9279202778 127721.7140723750
123090.7244928704 121357.7620400221
121821.6058638333 127562.6152715662
121504.3262065741 127880.8128731838
119283.3686057593 121835.0584424485
118490.1694626111 126767.1212675221
124518.4829505370 125494.3308610515
122138.8855210926 121835.0584424485
120552.4872347963 127721.7140723750
120393.8474061667 121835.0584424485
118648.8092912407 124857.9356578162
119124.7287771296 122948.7500481103
118172.8898053518 127244.4176699485
117696.9703194630 128199.0104748015

120711.1270634259 121198.6632392132
121662.9660352037 127880.8128731838
123249.3643215000 126926.2200683309
120552.4872347963 127721.7140723750
121345.6863779444 127403.5164707574
121028.4067206852 127403.5164707574
119442.0084343889 127403.5164707574
120552.4872347963 125653.4296618603
119124.7287771296 126926.2200683309
120869.7668920556 126448.9236659044
123249.3643215000 121198.6632392132
119283.3686057593 121994.1572432573
124518.4829505370 125176.1332594338
118331.5296339815 122312.3548448750
120235.2075775370 121516.8608408309
119759.2880916481 125971.6272634779
117221.0508335741 125971.6272634779
119600.6482630185 127403.5164707574
118014.2499767222 125653.4296618603
121821.6058638333 127880.8128731838
119124.7287771296 128039.9116739927
119442.0084343889 121994.1572432573
118490.1694626111 124380.6392553897
119283.3686057593 127244.4176699485
124994.4024364259 125653.4296618603

124835.7626077963 125812.5284626691
124201.2032932778 126289.8248650956
120076.5677489074 127880.8128731838
118807.4491198704 121835.0584424485
123725.2838073889 125335.2320602426
120393.8474061667 121516.8608408309
122456.1651783518 127403.5164707574
121028.4067206852 126448.9236659044
119442.0084343889 126608.0224667132
118807.4491198704 124062.4416537721
125153.0422650556 124380.6392553897
119124.7287771296 129312.7020804632
120711.1270634259 121994.1572432573
118490.1694626111 123585.1452513456
120076.5677489074 128676.3068772279
117062.4110049445 124698.8368570074
120393.8474061667 129312.7020804632
122297.5253497222 123744.2440521544
122773.4448356111 121357.7620400221
119600.6482630185 121675.9596416397
121504.3262065741 122471.4536456838
118648.8092912407 127244.4176699485
123090.7244928704 126926.2200683309
117696.9703194630 125812.5284626691
118172.8898053518 128199.0104748015

118490.1694626111 127721.7140723750
117538.3304908333 127085.3188691397
124042.5634646481 125653.4296618603
120552.4872347963 125176.1332594338
119124.7287771296 121675.9596416397
118490.1694626111 126448.9236659044
121980.2456924630 127721.7140723750
120076.5677489074 128676.3068772279
118172.8898053518 128039.9116739927
119442.0084343889 123585.1452513456
121187.0465493148 127085.3188691397
118014.2499767222 124857.9356578162
120552.4872347963 127403.5164707574
119600.6482630185 121516.8608408309
118966.0889485000 128358.1092756103
118172.8898053518 124062.4416537721
117696.9703194630 128039.9116739927
119283.3686057593 121835.0584424485
118807.4491198704 122153.2560440662
121504.3262065741 128199.0104748015
120711.1270634259 127562.6152715662
118807.4491198704 127403.5164707574
119283.3686057593 123426.0464505368
119917.9279202778 126926.2200683309
118807.4491198704 123266.9476497279

120235.2075775370 125494.3308610515
124835.7626077963 123744.2440521544
124042.5634646481 123744.2440521544
123408.0041501296 124221.5404545809
122773.4448356111 124698.8368570074
118014.2499767222 128517.2080764191
119917.9279202778 128358.1092756103
120711.1270634259 128358.1092756103
124359.8431219074 125176.1332594338
125153.0422650556 125494.3308610515
118331.5296339815 131540.0852917868
118966.0889485000 125494.3308610515
120235.2075775370 121675.9596416397
122297.5253497222 121357.7620400221
118490.1694626111 127562.6152715662
117538.3304908333 127403.5164707574
121345.6863779444 127403.5164707574
122138.8855210926 127403.5164707574
121345.6863779444 126608.0224667132
121662.9660352037 126608.0224667132
118490.1694626111 123744.2440521544
119759.2880916481 124062.4416537721
119283.3686057593 128358.1092756103
119600.6482630185 129312.7020804632
121980.2456924630 121835.0584424485

120076.5677489074 126926.2200683309
121980.2456924630 127880.8128731838
119283.3686057593 129471.8008812721
121187.0465493148 121835.0584424485
118966.0889485000 122471.4536456838
120552.4872347963 128039.9116739927
121504.3262065741 127880.8128731838
121345.6863779444 127721.7140723750
120552.4872347963 126608.0224667132
120711.1270634259 121516.8608408309
118331.5296339815 127721.7140723750
117855.6101480926 128039.9116739927
117538.3304908333 126130.7260642868
118966.0889485000 127244.4176699485
119442.0084343889 121835.0584424485
120393.8474061667 121835.0584424485
118490.1694626111 125812.5284626691
119600.6482630185 127562.6152715662
118966.0889485000 128517.2080764191
120393.8474061667 125812.5284626691
118966.0889485000 129471.8008812721
119600.6482630185 122153.2560440662
119124.7287771296 128517.2080764191
118648.8092912407 127085.3188691397
120552.4872347963 126926.2200683309

120552.4872347963 125017.0344586250
122932.0846642407 121675.9596416397
121345.6863779444 127721.7140723750
118648.8092912407 127085.3188691397
119442.0084343889 121835.0584424485
121187.0465493148 121994.1572432573
118966.0889485000 127244.4176699485
117221.0508335741 125176.1332594338
124359.8431219074 124539.7380561985
118648.8092912407 125971.6272634779
124042.5634646481 126289.8248650956
118014.2499767222 125017.0344586250
119600.6482630185 122153.2560440662
118807.4491198704 121994.1572432573
116903.7711763148 124221.5404545809
120235.2075775370 121357.7620400221
121821.6058638333 128039.9116739927
117538.3304908333 126448.9236659044
119600.6482630185 121675.9596416397
120235.2075775370 128039.9116739927
122456.1651783518 125971.6272634779
118490.1694626111 128676.3068772279
119283.3686057593 129471.8008812721
120869.7668920556 121675.9596416397
121662.9660352037 122312.3548448750

119917.9279202778 124380.6392553897
120711.1270634259 126926.2200683309
118648.8092912407 127880.8128731838
119917.9279202778 129471.8008812721
122297.5253497222 121357.7620400221
118014.2499767222 129153.6032796544
118331.5296339815 128039.9116739927
121028.4067206852 125494.3308610515
119917.9279202778 121675.9596416397
117379.6906622037 123585.1452513456
120235.2075775370 127085.3188691397
121028.4067206852 127085.3188691397
122297.5253497222 127403.5164707574
123725.2838073889 126130.7260642868
118014.2499767222 123426.0464505368
120235.2075775370 125176.1332594338
123249.3643215000 121357.7620400221
119124.7287771296 121357.7620400221
121821.6058638333 127244.4176699485
121980.2456924630 123744.2440521544
121345.6863779444 125494.3308610515
119600.6482630185 127244.4176699485
124042.5634646481 124221.5404545809
121504.3262065741 121994.1572432573
119600.6482630185 122789.6512473015

118490.1694626111 124380.6392553897
122456.1651783518 127085.3188691397
119759.2880916481 122789.6512473015
120235.2075775370 121516.8608408309
117062.4110049445 125017.0344586250
121187.0465493148 126926.2200683309
119283.3686057593 126926.2200683309
117855.6101480926 123107.8488489191
120076.5677489074 128517.2080764191
119124.7287771296 128676.3068772279
121345.6863779444 128039.9116739927
117538.3304908333 125653.4296618603
120711.1270634259 121198.6632392132
122456.1651783518 121516.8608408309
121504.3262065741 124062.4416537721
119600.6482630185 122471.4536456838
121662.9660352037 128358.1092756103
119124.7287771296 122153.2560440662
118331.5296339815 128517.2080764191
119600.6482630185 121835.0584424485
120552.4872347963 127880.8128731838
121821.6058638333 121516.8608408309
121187.0465493148 127562.6152715662
119600.6482630185 125971.6272634779
121187.0465493148 122312.3548448750

123249.3643215000 125653.4296618603
120076.5677489074 126767.1212675221
120235.2075775370 121198.6632392132
118331.5296339815 126926.2200683309
121662.9660352037 128039.9116739927
118490.1694626111 123107.8488489191
118014.2499767222 128199.0104748015
119124.7287771296 123903.3428529633
118172.8898053518 123585.1452513456
122456.1651783518 125494.3308610515
121028.4067206852 122153.2560440662
122932.0846642407 121675.9596416397
121662.9660352037 125653.4296618603
118807.4491198704 123585.1452513456
124835.7626077963 124062.4416537721
122614.8050069815 121198.6632392132
121187.0465493148 127880.8128731838
123725.2838073889 125971.6272634779
120552.4872347963 127721.7140723750
122773.4448356111 126608.0224667132
124201.2032932778 124380.6392553897
117221.0508335741 126130.7260642868
119600.6482630185 123903.3428529633
120552.4872347963 122471.4536456838
120076.5677489074 122630.5524464927

117538.3304908333 123585.1452513456
118807.4491198704 130585.4924869338
119283.3686057593 121516.8608408309
121821.6058638333 121675.9596416397
118490.1694626111 122153.2560440662
119442.0084343889 129153.6032796544
119124.7287771296 128994.5044788456
119917.9279202778 128994.5044788456
121662.9660352037 125176.1332594338
121187.0465493148 128517.2080764191
120235.2075775370 127244.4176699485
118172.8898053518 127403.5164707574
121504.3262065741 127880.8128731838
122138.8855210926 127721.7140723750
125153.0422650556 124698.8368570074
123883.9236360185 125653.4296618603
120552.4872347963 125176.1332594338
122773.4448356111 121516.8608408309
119600.6482630185 126608.0224667132
119124.7287771296 127244.4176699485
118014.2499767222 123903.3428529633
119600.6482630185 121198.6632392132
124835.7626077963 124698.8368570074
120869.7668920556 128835.4056780368
121821.6058638333 126448.9236659044

122773.4448356111 121516.8608408309
122456.1651783518 121039.5644384044
121821.6058638333 127244.4176699485
117855.6101480926 123107.8488489191
119759.2880916481 128199.0104748015
117221.0508335741 124857.9356578162
118966.0889485000 125017.0344586250
121504.3262065741 127085.3188691397
118807.4491198704 121675.9596416397
119124.7287771296 121994.1572432573
118490.1694626111 123744.2440521544
118648.8092912407 125335.2320602426
119600.6482630185 127085.3188691397
121028.4067206852 128039.9116739927
120869.7668920556 127403.5164707574
121980.2456924630 122312.3548448750
119124.7287771296 121357.7620400221
118172.8898053518 123744.2440521544
119600.6482630185 122789.6512473015
119442.0084343889 126926.2200683309
120393.8474061667 125335.2320602426
121345.6863779444 122312.3548448750
120393.8474061667 121198.6632392132
119442.0084343889 122471.4536456838
120711.1270634259 121516.8608408309

