57674482.3265361339 46368.1735687256
56704151.8549778163 38874.3945312500
59490341.4792616814 48596.2119140625
56651406.4474570453 36685.9219360352
61395936.8018518239 50331.4552001953
59226657.4088694826 47548.2140502930
56494421.5103444383 36617.4428405762
58137016.9948906153 46728.1292037964
63257826.6271704137 50529.1040039062
59768148.1520885006 48707.0889282227
57111925.0300760120 42511.0551910400
60186621.4347713217 49044.4636230469
60029470.9012331218 48797.0827026367
59236873.8310846388 47716.9508666992
59033527.2326080203 47377.4677124023
61333323.2806363031 49256.4972534180
57319526.2187713534 44045.7596740723
57253915.4739516154 43273.7937011719
56816030.2002237588 41606.1998596191
