59736840.2730047107 48050.8674011230
61333323.2806363031 49256.4972534180
59057653.2679889649 46464.1911315918
59589165.7981741577 47456.0886230469
57319526.2187713534 44045.7596740723
61242756.7111633047 48589.3457031250
61922589.4846507534 49506.4554748535
57253915.4739516154 43273.7937011719
59356148.4809100479 46605.8557128906
58984736.3604315594 45909.0548706055
58839392.5208406821 45649.7270812988
56816030.2002237588 41606.1998596191
62690407.2748235539 49704.0897827148
60773780.2968079969 48587.0520629883
58026298.2616071180 45246.5144348145
58505431.8531556726 45638.1954650879
60428850.7350141704 48212.2870178223
