56494421.5103444383 36617.4428405762
58137016.9948906153 46728.1292037964
63257826.6271704137 50529.1040039062
62741656.0063784719 50076.9740600586
59768148.1520885006 48707.0889282227
57111925.0300760120 42511.0551910400
60186621.4347713217 49044.4636230469
60029470.9012331218 48797.0827026367
59236873.8310846388 47716.9508666992
57903780.4854378030 45561.2022705078
61635649.7339454070 49942.9726562500
59033527.2326080203 47377.4677124023
59736840.2730047107 48050.8674011230
61333323.2806363031 49256.4972534180
57319526.2187713534 44045.7596740723
57253915.4739516154 43273.7937011719
56816030.2002237588 41606.1998596191
