62663084.5999166891 50532.3469238281
56992264.6232661009 41896.6641921997
58962653.7055201828 46821.9548797607
59117489.6685803980 48062.5495605469
57134442.4907346144 43545.5111083984
57202257.9273401201 45440.8397293091
61082066.1994589642 49579.9426879883
62446964.1371147111 50356.7507324219
62973203.2055739313 51326.1007080078
57674482.3265361339 46368.1735687256
56704151.8549778163 38874.3945312500
59490341.4792616814 48596.2119140625
56651406.4474570453 36685.9219360352
61395936.8018518239 50331.4552001953
56494421.5103444383 36617.4428405762
58137016.9948906153 46728.1292037964
59768148.1520885006 48707.0889282227
57111925.0300760120 42511.0551910400
60186621.4347713217 49044.4636230469
60029470.9012331218 48797.0827026367
59033527.2326080203 47377.4677124023
56816030.2002237588 41606.1998596191
