134546.9613335976 116458.9817547264
131795.7420107439 118681.3787805000
130015.5412724268 121538.7463850660
134223.2884720854 117411.4376229151
132766.7605952805 118205.1508464057
132443.0877337683 118840.1214251981
129853.7048416707 116458.9817547264
129530.0319801585 115665.2685312359
129206.3591186464 118522.6361358019
133090.4334567927 117093.9523335189
135032.4706258659 120903.7758062736
134223.2884720854 120268.8052274811
130986.5598569634 118522.6361358019
133737.7791798171 116300.2391100283
131472.0691492317 116458.9817547264

134061.4520413293 119792.5772933868
132281.2513030122 118363.8934911038
129206.3591186464 118363.8934911038
133414.1063183049 116617.7243994245
134870.6341951098 117411.4376229151
133090.4334567927 117093.9523335189
130177.3777031829 118363.8934911038
130177.3777031829 122173.7169638585
129530.0319801585 118205.1508464057
129853.7048416707 121697.4890297642
133899.6156105732 116458.9817547264
131148.3962877195 121062.5184509717
130662.8869954512 118046.4082017076
132766.7605952805 116458.9817547264
131472.0691492317 115347.7832418396

132119.4148722561 117570.1802676132
132604.9241645244 119316.3493592924
131148.3962877195 115824.0111759340
129691.8684109146 119951.3199380849
132604.9241645244 118998.8640698962
135194.3070566220 120268.8052274811
131472.0691492317 118363.8934911038
129206.3591186464 118363.8934911038
134061.4520413293 117411.4376229151
134385.1249028415 119157.6067145943
129691.8684109146 115824.0111759340
131148.3962877195 121380.0037403679
133252.2698875488 114871.5553077453
130501.0505646951 122173.7169638585
130015.5412724268 122332.4596085566

133899.6156105732 115824.0111759340
130501.0505646951 116935.2096888208
131795.7420107439 115824.0111759340
134546.9613335976 115824.0111759340
132443.0877337683 118046.4082017076
130177.3777031829 118363.8934911038
131472.0691492317 117887.6655570094
129368.1955494024 117887.6655570094
132119.4148722561 117887.6655570094
129853.7048416707 121062.5184509717
131148.3962877195 118046.4082017076
135194.3070566220 121062.5184509717
134223.2884720854 119475.0920039906
133252.2698875488 116776.4670441226
128882.6862571341 116617.7243994245

130501.0505646951 121856.2316744623
130986.5598569634 116141.4964653302
130015.5412724268 116935.2096888208
129044.5226878902 115982.7538206321
129691.8684109146 120268.8052274811
130824.7234262073 118046.4082017076
131148.3962877195 120268.8052274811
132766.7605952805 118681.3787805000
134061.4520413293 118840.1214251981
131957.5784415000 118046.4082017076
129368.1955494024 116617.7243994245
133414.1063183049 119157.6067145943
133090.4334567927 115506.5258865377
132281.2513030122 118998.8640698962
134385.1249028415 120427.5478721792

130824.7234262073 120268.8052274811
129530.0319801585 116935.2096888208
135032.4706258659 120586.2905168774
132119.4148722561 118681.3787805000
128882.6862571341 116617.7243994245
133090.4334567927 118998.8640698962
133090.4334567927 119157.6067145943
134223.2884720854 117887.6655570094
134708.7977643537 119792.5772933868
129206.3591186464 118363.8934911038
133899.6156105732 117570.1802676132
131148.3962877195 120427.5478721792
130177.3777031829 122332.4596085566
129206.3591186464 116300.2391100283
133252.2698875488 119316.3493592924

134870.6341951098 117252.6949782170
130824.7234262073 117887.6655570094
134546.9613335976 115030.2979524434
129530.0319801585 118522.6361358019
133414.1063183049 118363.8934911038
135194.3070566220 120745.0331615755
131310.2327184756 115824.0111759340
129206.3591186464 116141.4964653302
128882.6862571341 115982.7538206321
133090.4334567927 115189.0405971415
134223.2884720854 115347.7832418396
134385.1249028415 119792.5772933868
130177.3777031829 118205.1508464057
132281.2513030122 118363.8934911038
131633.9055799878 117728.9229123113

131310.2327184756 118363.8934911038
132281.2513030122 118363.8934911038
132766.7605952805 115982.7538206321
133737.7791798171 115665.2685312359
129853.7048416707 115506.5258865377
134546.9613335976 119316.3493592924
132928.5970260366 118205.1508464057
131957.5784415000 115030.2979524434
134385.1249028415 114554.0700183491
131633.9055799878 117887.6655570094
130339.2141339390 122014.9743191604
133252.2698875488 119157.6067145943
135194.3070566220 121221.2610956698
130015.5412724268 118046.4082017076
130824.7234262073 118205.1508464057

132928.5970260366 118205.1508464057
131310.2327184756 118363.8934911038
132281.2513030122 118363.8934911038
134870.6341951098 115665.2685312359
133737.7791798171 115665.2685312359
132604.9241645244 117728.9229123113
131957.5784415000 115030.2979524434
128720.8498263780 115824.0111759340
130015.5412724268 120427.5478721792
134546.9613335976 119316.3493592924
129368.1955494024 118522.6361358019
131148.3962877195 121380.0037403679
130662.8869954512 119633.8346486887
129853.7048416707 115506.5258865377
130339.2141339390 122014.9743191604

130501.0505646951 119157.6067145943
130824.7234262073 121856.2316744623
130339.2141339390 122014.9743191604
133414.1063183049 118998.8640698962
135194.3070566220 120268.8052274811
133090.4334567927 119157.6067145943
129206.3591186464 118522.6361358019
134223.2884720854 118681.3787805000
131148.3962877195 120268.8052274811
132604.9241645244 115506.5258865377
131957.5784415000 118363.8934911038
130015.5412724268 116776.4670441226
134546.9613335976 120268.8052274811
132281.2513030122 118046.4082017076
129368.1955494024 115824.0111759340

130339.2141339390 116776.4670441226
133414.1063183049 117252.6949782170
130339.2141339390 119633.8346486887
129530.0319801585 116458.9817547264
130824.7234262073 118363.8934911038
129691.8684109146 116617.7243994245
132119.4148722561 116141.4964653302
129206.3591186464 116617.7243994245
132281.2513030122 117411.4376229151
132766.7605952805 119157.6067145943
132281.2513030122 117570.1802676132
130339.2141339390 118205.1508464057
132766.7605952805 116458.9817547264
134385.1249028415 119475.0920039906
134223.2884720854 119792.5772933868

134223.2884720854 114712.8126630472
131795.7420107439 117570.1802676132
132443.0877337683 116300.2391100283
130339.2141339390 122332.4596085566
131472.0691492317 117093.9523335189
133090.4334567927 117093.9523335189
129206.3591186464 118205.1508464057
133414.1063183049 119157.6067145943
129853.7048416707 121221.2610956698
132281.2513030122 117728.9229123113
131148.3962877195 117887.6655570094
132766.7605952805 118998.8640698962
133414.1063183049 116458.9817547264
130824.7234262073 121221.2610956698
128882.6862571341 115824.0111759340

134546.9613335976 119792.5772933868
134870.6341951098 120745.0331615755
132928.5970260366 118998.8640698962
129206.3591186464 118522.6361358019
133575.9427490610 118046.4082017076
133252.2698875488 117887.6655570094
130986.5598569634 115347.7832418396
133575.9427490610 115665.2685312359
135032.4706258659 120903.7758062736
130177.3777031829 119633.8346486887
131633.9055799878 115506.5258865377
132281.2513030122 117570.1802676132
132281.2513030122 118046.4082017076
129853.7048416707 119792.5772933868
134870.6341951098 116935.2096888208

134223.2884720854 116776.4670441226
134385.1249028415 114554.0700183491
129368.1955494024 118363.8934911038
130339.2141339390 122332.4596085566
129044.5226878902 116617.7243994245
134708.7977643537 117252.6949782170
134385.1249028415 120268.8052274811
131472.0691492317 118363.8934911038
133414.1063183049 117252.6949782170
130662.8869954512 122173.7169638585
132119.4148722561 117411.4376229151
130339.2141339390 116141.4964653302
130177.3777031829 122014.9743191604
129691.8684109146 115665.2685312359
135032.4706258659 120903.7758062736

133414.1063183049 115665.2685312359
130015.5412724268 115665.2685312359
132281.2513030122 117728.9229123113
132604.9241645244 118998.8640698962
134061.4520413293 119316.3493592924
130662.8869954512 118205.1508464057
132928.5970260366 119316.3493592924
130501.0505646951 122332.4596085566
134546.9613335976 119633.8346486887
131795.7420107439 117411.4376229151
131633.9055799878 116458.9817547264
134708.7977643537 119633.8346486887
133737.7791798171 115824.0111759340
134708.7977643537 118998.8640698962
130339.2141339390 116141.4964653302

133252.2698875488 115347.7832418396
132766.7605952805 119157.6067145943
131148.3962877195 121380.0037403679
135032.4706258659 120903.7758062736
129368.1955494024 115665.2685312359
133090.4334567927 115824.0111759340
129853.7048416707 119633.8346486887
130986.5598569634 121697.4890297642
133575.9427490610 118046.4082017076
130501.0505646951 122332.4596085566
133575.9427490610 115347.7832418396
132281.2513030122 117728.9229123113
134708.7977643537 119951.3199380849
132443.0877337683 115982.7538206321
130986.5598569634 118522.6361358019

134061.4520413293 114712.8126630472
131957.5784415000 116141.4964653302
131957.5784415000 118522.6361358019
133090.4334567927 118998.8640698962
134708.7977643537 119633.8346486887
132281.2513030122 118205.1508464057
134385.1249028415 118681.3787805000
133414.1063183049 117411.4376229151
129206.3591186464 116935.2096888208
132604.9241645244 116935.2096888208
135194.3070566220 121221.2610956698
130662.8869954512 118205.1508464057
131148.3962877195 115506.5258865377
131633.9055799878 118522.6361358019
130339.2141339390 117887.6655570094

