36639413.1991123334 6109.1463165283
35323814.0513243228 5968.2102203369
35057405.5677580759 5794.0316467285
34894063.3762557432 5644.9616470337
35161476.5881764293 5806.6927795410
33756553.4925875664 4342.1896591187
38353625.5748839751 6111.9174804688
35262108.4512707219 5954.4459381104
34095228.2101624906 5260.9068031311
34244602.7455382794 5507.0173645020
34072239.1673514321 5091.5023384094
33950320.6022011191 5045.1339263916
35696754.2354466543 6076.0503387451
36081255.5424835682 6102.8428344727
35245900.1791530475 5807.0811691284
34863937.6948035657 5614.4465637207
