35118693.4533290789 5709.1493835449
34536215.1712921113 5113.7954692841
36081255.5424835682 6102.8428344727
34624877.1388023496 5421.0821762085
34182207.7793236673 4522.9921464920
35981359.0988125876 5929.8334960938
35245900.1791530475 5807.0811691284
35146999.3834791109 5733.0277099609
35726226.9663952813 5808.5293807983
34835655.0026268139 5436.7008132935
34269693.3527010903 4947.8936233521
34863937.6948035657 5614.4465637207
35898699.4572208822 5907.3568878174
34609532.3156787977 5157.8217086792
