35406309.4288496450 6036.9207000732
35179758.9628111124 5925.9347076416
34269128.0641805008 5836.9502754211
36816954.7912769392 6278.3388977051
35769274.5772108212 6141.2948455811
34229297.1065996438 5363.1641473770
36400129.2345488891 6164.7456359863
35048198.8341225833 5847.8834991455
35669182.9857918322 6050.7601470947
35323814.0513243228 5968.2102203369
33756553.4925875664 4342.1896591187
35262108.4512707219 5954.4459381104
34095228.2101624906 5260.9068031311
34244602.7455382794 5507.0173645020
34072239.1673514321 5091.5023384094
33950320.6022011191 5045.1339263916
35696754.2354466543 6076.0503387451
