35207084.2213939205 5873.1724472046
37319168.7614527866 6176.7390441895
37084030.4084866121 6171.5451965332
34621508.6286896244 5610.8270187378
34229297.1065996438 5363.1641473770
36400129.2345488891 6164.7456359863
35048198.8341225833 5847.8834991455
35669182.9857918322 6050.7601470947
37482604.6757074296 6183.3111419678
35323814.0513243228 5968.2102203369
34894063.3762557432 5644.9616470337
33756553.4925875664 4342.1896591187
35262108.4512707219 5954.4459381104
34095228.2101624906 5260.9068031311
34244602.7455382794 5507.0173645020
34072239.1673514321 5091.5023384094
33950320.6022011191 5045.1339263916
35696754.2354466543 6076.0503387451
36081255.5424835682 6102.8428344727
34863937.6948035657 5614.4465637207
