112315.3168891161 120769.4363200000
112952.1642720446 121091.0420958298
110404.7747403304 120447.8305441702
112315.3168891161 120447.8305441702
111200.8339689911 119804.6189925106
115340.3419580268 121734.2536474894
115658.7656494911 122377.4651991489
112156.1050433839 119965.4218804255
111678.4695061875 119643.8161045957
111200.8339689911 120126.2247683404

112315.3168891161 120608.6334320851
112474.5287348482 123503.0854145532
112156.1050433839 119804.6189925106
115499.5538037589 122216.6623112340
112792.9524263125 121251.8449837447
111996.8931976518 120769.4363200000
117569.3077982768 123503.0854145532
112156.1050433839 120608.6334320851
115658.7656494911 122216.6623112340
118365.3670269375 124146.2969662128

111837.6813519196 119804.6189925106
112474.5287348482 123020.6767508085
110723.1984317946 119483.0132166808
110404.7747403304 120126.2247683404
114544.2827293661 121091.0420958298
112474.5287348482 121091.0420958298
112156.1050433839 119965.4218804255
111837.6813519196 122055.8594233192
113589.0116549732 122699.0709749787
111678.4695061875 122538.2680870638

115817.9774952232 122216.6623112340
113748.2235007054 122859.8738628936
111996.8931976518 119965.4218804255
111519.2576604554 120930.2392079149
112156.1050433839 119483.0132166808
115181.1301122946 122055.8594233192
111996.8931976518 122055.8594233192
114862.7064208303 121734.2536474894
112315.3168891161 120769.4363200000
110882.4102775268 119804.6189925106

111996.8931976518 119643.8161045957
112315.3168891161 119965.4218804255
112474.5287348482 120287.0276562553
112474.5287348482 121091.0420958298
115658.7656494911 122538.2680870638
112952.1642720446 123181.4796387234
113111.3761177768 123503.0854145532
112156.1050433839 122055.8594233192
111996.8931976518 120126.2247683404
113907.4353464375 123181.4796387234

118365.3670269375 124146.2969662128
112156.1050433839 120287.0276562553
111837.6813519196 119804.6189925106
111837.6813519196 122538.2680870638
110563.9865860625 120447.8305441702
111837.6813519196 117070.9698979574
112315.3168891161 120447.8305441702
112952.1642720446 121091.0420958298
113589.0116549732 123181.4796387234
112315.3168891161 119965.4218804255

112474.5287348482 121091.0420958298
113429.7998092411 123181.4796387234
112315.3168891161 120287.0276562553
111996.8931976518 120769.4363200000
115499.5538037589 122377.4651991489
111041.6221232589 119643.8161045957
111996.8931976518 120126.2247683404
112474.5287348482 123503.0854145532
111678.4695061875 122377.4651991489
114385.0708836339 121895.0565354042

112474.5287348482 120126.2247683404
112633.7405805804 120930.2392079149
110563.9865860625 119000.6045529362
114066.6471921696 123181.4796387234
115499.5538037589 122216.6623112340
111996.8931976518 121091.0420958298
112474.5287348482 120447.8305441702
111996.8931976518 119965.4218804255
110723.1984317946 119965.4218804255
110086.3510488661 119643.8161045957

118365.3670269375 124146.2969662128
111837.6813519196 122377.4651991489
112633.7405805804 120930.2392079149
112633.7405805804 120608.6334320851
110404.7747403304 120608.6334320851
112156.1050433839 120447.8305441702
114703.4945750982 121734.2536474894
111837.6813519196 117070.9698979574
111360.0458147232 120447.8305441702
114703.4945750982 122055.8594233192

111996.8931976518 119965.4218804255
111360.0458147232 119965.4218804255
112474.5287348482 119643.8161045957
112315.3168891161 120608.6334320851
110882.4102775268 118839.8016650213
111996.8931976518 120608.6334320851
112156.1050433839 120608.6334320851
112633.7405805804 120769.4363200000
115817.9774952232 122377.4651991489
112315.3168891161 120126.2247683404

