34574592.1337589398 1353283.0976562500
35711368.8079314604 1361674.6054687500
36007915.1682888418 1362990.5664062500
35201798.8112095594 1357116.1992187500
35333271.2347836569 1359161.0585937500
38125350.3864365667 1365377.6757812500
37284777.3197473511 1363231.9726562500
38006838.4837015197 1363774.9726562500
35525064.2998682857 1359987.3554687500
35357605.5665372163 1359735.1601562500
34830874.8223064393 1355249.0507812500
33784846.2534980997 1327717.5742187500
33763116.8472370580 1326012.9492187500
34112250.2496501356 1352938.7460937500
