129368.1955494024 118522.6361358019
130986.5598569634 119157.6067145943
133575.9427490610 115506.5258865377
131957.5784415000 117570.1802676132
134546.9613335976 120745.0331615755
134708.7977643537 119316.3493592924
130662.8869954512 117728.9229123113
134223.2884720854 117887.6655570094
135194.3070566220 120903.7758062736
134870.6341951098 116776.4670441226
129853.7048416707 118205.1508464057
133899.6156105732 116776.4670441226
132604.9241645244 118998.8640698962
132928.5970260366 118998.8640698962
132604.9241645244 116141.4964653302

131472.0691492317 118363.8934911038
134061.4520413293 116776.4670441226
129691.8684109146 116776.4670441226
130501.0505646951 115665.2685312359
132766.7605952805 115824.0111759340
129044.5226878902 115665.2685312359
133252.2698875488 115506.5258865377
131957.5784415000 117411.4376229151
134385.1249028415 115665.2685312359
130986.5598569634 118681.3787805000
130015.5412724268 116141.4964653302
130177.3777031829 119633.8346486887
134708.7977643537 119475.0920039906
132766.7605952805 119316.3493592924
132281.2513030122 116300.2391100283

130824.7234262073 118522.6361358019
134546.9613335976 115824.0111759340
134546.9613335976 120427.5478721792
131795.7420107439 117093.9523335189
131472.0691492317 118205.1508464057
129853.7048416707 116935.2096888208
135032.4706258659 119633.8346486887
129044.5226878902 115982.7538206321
132604.9241645244 117252.6949782170
128720.8498263780 115982.7538206321
134061.4520413293 117252.6949782170
129368.1955494024 118998.8640698962
133737.7791798171 117728.9229123113
130501.0505646951 120586.2905168774
130177.3777031829 116458.9817547264

131633.9055799878 116300.2391100283
134546.9613335976 119792.5772933868
132604.9241645244 117252.6949782170
130986.5598569634 115347.7832418396
132928.5970260366 119157.6067145943
130501.0505646951 122173.7169638585
134546.9613335976 114554.0700183491
130986.5598569634 116776.4670441226
135194.3070566220 121062.5184509717
129530.0319801585 118363.8934911038
131957.5784415000 115982.7538206321
133737.7791798171 117093.9523335189
131310.2327184756 115347.7832418396
129206.3591186464 118046.4082017076
129853.7048416707 118046.4082017076

130339.2141339390 116776.4670441226
130986.5598569634 121697.4890297642
132119.4148722561 117570.1802676132
129530.0319801585 116141.4964653302
130339.2141339390 122173.7169638585
130015.5412724268 122332.4596085566
133414.1063183049 116935.2096888208
130015.5412724268 122491.2022532547
130662.8869954512 119316.3493592924
132766.7605952805 118998.8640698962
130986.5598569634 115347.7832418396
129530.0319801585 118205.1508464057
133899.6156105732 115347.7832418396
133575.9427490610 117093.9523335189
129044.5226878902 116141.4964653302

133737.7791798171 117411.4376229151
134708.7977643537 114554.0700183491
132604.9241645244 118998.8640698962
129530.0319801585 115982.7538206321
130501.0505646951 116458.9817547264
134385.1249028415 119475.0920039906
130501.0505646951 115506.5258865377
130662.8869954512 119316.3493592924
135032.4706258659 120745.0331615755
131795.7420107439 117411.4376229151
130177.3777031829 122332.4596085566
134708.7977643537 119633.8346486887
128882.6862571341 116458.9817547264
132119.4148722561 116141.4964653302
134061.4520413293 116617.7243994245

134546.9613335976 115665.2685312359
130501.0505646951 115982.7538206321
131957.5784415000 118363.8934911038
129368.1955494024 119316.3493592924
132766.7605952805 116776.4670441226
133090.4334567927 116776.4670441226
129044.5226878902 116141.4964653302
132281.2513030122 117411.4376229151
130824.7234262073 117728.9229123113
131148.3962877195 121221.2610956698
131633.9055799878 118522.6361358019
133737.7791798171 116935.2096888208
133414.1063183049 118840.1214251981
129853.7048416707 116300.2391100283
131148.3962877195 116300.2391100283

133090.4334567927 117093.9523335189
132281.2513030122 118205.1508464057
131633.9055799878 115506.5258865377
134546.9613335976 118363.8934911038
129853.7048416707 116300.2391100283
133737.7791798171 117887.6655570094
129530.0319801585 115506.5258865377
132604.9241645244 118681.3787805000
135032.4706258659 120903.7758062736
134061.4520413293 119316.3493592924
129044.5226878902 116300.2391100283
130339.2141339390 117570.1802676132
131957.5784415000 115347.7832418396
130986.5598569634 116935.2096888208
131148.3962877195 121538.7463850660

129691.8684109146 118046.4082017076
133090.4334567927 116617.7243994245
132766.7605952805 118840.1214251981
131472.0691492317 117728.9229123113
134546.9613335976 117570.1802676132
131148.3962877195 116458.9817547264
132443.0877337683 118840.1214251981
134061.4520413293 119633.8346486887
129368.1955494024 116776.4670441226
131795.7420107439 118363.8934911038
133414.1063183049 119633.8346486887
130986.5598569634 120427.5478721792
134870.6341951098 116776.4670441226
130662.8869954512 121062.5184509717
129044.5226878902 115824.0111759340

133414.1063183049 119475.0920039906
129206.3591186464 116300.2391100283
132443.0877337683 117570.1802676132
133252.2698875488 118205.1508464057
131310.2327184756 115824.0111759340
134223.2884720854 119633.8346486887
129368.1955494024 115665.2685312359
135194.3070566220 120903.7758062736
130339.2141339390 122173.7169638585
134870.6341951098 119633.8346486887
128882.6862571341 115824.0111759340
132766.7605952805 116776.4670441226
129853.7048416707 116617.7243994245
133090.4334567927 119157.6067145943
131957.5784415000 117728.9229123113

130015.5412724268 117887.6655570094
131795.7420107439 115665.2685312359
130501.0505646951 119951.3199380849
135194.3070566220 120903.7758062736
132443.0877337683 115506.5258865377
133252.2698875488 117093.9523335189
128720.8498263780 115982.7538206321
132928.5970260366 118840.1214251981
134870.6341951098 117570.1802676132
129368.1955494024 115824.0111759340
134385.1249028415 118840.1214251981
129853.7048416707 121221.2610956698
131310.2327184756 117728.9229123113
133899.6156105732 117411.4376229151
132119.4148722561 117570.1802676132

131148.3962877195 119792.5772933868
131795.7420107439 115982.7538206321
128720.8498263780 115982.7538206321
132443.0877337683 117728.9229123113
134546.9613335976 118046.4082017076
130177.3777031829 120110.0625827830
134223.2884720854 114712.8126630472
133252.2698875488 116617.7243994245
129853.7048416707 117093.9523335189
130501.0505646951 118681.3787805000
132928.5970260366 117411.4376229151
133575.9427490610 116617.7243994245
129368.1955494024 115665.2685312359
131472.0691492317 115982.7538206321
135032.4706258659 119316.3493592924

134061.4520413293 117887.6655570094
134385.1249028415 120110.0625827830
130177.3777031829 119633.8346486887
132119.4148722561 117570.1802676132
132604.9241645244 119157.6067145943
130662.8869954512 116141.4964653302
132928.5970260366 118046.4082017076
134708.7977643537 119475.0920039906
131148.3962877195 121538.7463850660
131148.3962877195 120427.5478721792
130662.8869954512 119475.0920039906
133575.9427490610 117411.4376229151
130339.2141339390 116300.2391100283
133090.4334567927 115665.2685312359
129853.7048416707 119792.5772933868

