34596497.9091181532 1354526.1289062500
36904506.7577580959 1363913.0039062500
36434206.8013940305 1363436.9414062500
37150972.5971278399 1364774.9257812500
35626949.5861038864 1362008.2929687500
34991076.6434682831 1356028.4101562500
35134597.4163491055 1360206.3164062500
34574592.1337589398 1353283.0976562500
36007915.1682888418 1362990.5664062500
38125350.3864365667 1365377.6757812500
34830874.8223064393 1355249.0507812500
33784846.2534980997 1327717.5742187500
33763116.8472370580 1326012.9492187500
34112250.2496501356 1352938.7460937500
