35333271.2347836569 1359161.0585937500
38125350.3864365667 1365377.6757812500
37284777.3197473511 1363231.9726562500
36344647.2136143669 1360676.6757812500
36365248.1333942339 1360870.6835937500
38006838.4837015197 1363774.9726562500
35525064.2998682857 1359987.3554687500
36454311.8233040050 1362231.3710937500
35357605.5665372163 1359735.1601562500
34830874.8223064393 1355249.0507812500
33784846.2534980997 1327717.5742187500
33763116.8472370580 1326012.9492187500
34112250.2496501356 1352938.7460937500
37089628.5551083535 1362441.6210937500
