34634703.1133080795 1354874.5117187500
34928794.0715171173 1362478.8085937500
36849873.1212471947 1363506.1132812500
34817027.8257014006 1359655.1367187500
33730212.7991830781 1341686.2070312500
34596497.9091181532 1354526.1289062500
36904506.7577580959 1363913.0039062500
36434206.8013940305 1363436.9414062500
37150972.5971278399 1364774.9257812500
34574592.1337589398 1353283.0976562500
36007915.1682888418 1362990.5664062500
38125350.3864365667 1365377.6757812500
34112250.2496501356 1352938.7460937500
