127213.6298672105 116668.5128017737
120690.6093180175 116830.0746470046
126418.1395563333 115214.4561946955
125304.4531211053 114245.0851233100
121804.2957532456 114891.3325042337
119258.7267584386 114729.7706590028
124190.7666858772 113598.8377423864
127690.9240537368 115860.7035756191
123554.3744371754 113437.2758971555
123077.0802506491 114891.3325042337
120372.4131936667 116345.3891113118
126736.3356806842 115699.1417303882
121645.1976910702 112952.5903614627
124827.1589345789 115860.7035756191
122758.8841262982 113921.9614328482
121327.0015667193 114729.7706590028
122440.6880019474 115052.8943494646
124508.9628102281 114891.3325042337
120054.2170693158 115860.7035756191
125940.8453698070 115537.5798851573

127054.5318050351 116183.8272660810
125304.4531211053 113760.3995876173
124668.0608724035 115214.4561946955
124349.8647480526 113114.1522066937
123872.5705615263 115699.1417303882
126736.3356806842 114245.0851233100
122440.6880019474 114245.0851233100
122122.4918775965 114406.6469685409
121804.2957532456 114083.5232780791
120372.4131936667 112952.5903614627
124190.7666858772 114891.3325042337
120690.6093180175 118284.1312540828
126259.0414941579 114245.0851233100
125781.7473076316 112791.0285162318
121327.0015667193 113275.7140519246
119417.8248206140 112629.4666710009
119099.6286962632 113598.8377423864
127372.7279293860 116506.9509565428
119736.0209449649 112467.9048257700
120372.4131936667 116830.0746470046

120372.4131936667 113921.9614328482
120690.6093180175 117314.7601826973
124190.7666858772 115699.1417303882
127054.5318050351 116506.9509565428
124827.1589345789 115537.5798851573
126418.1395563333 113760.3995876173
119417.8248206140 112467.9048257700
126099.9434319825 113921.9614328482
119895.1190071403 115376.0180399264
122758.8841262982 113760.3995876173
121327.0015667193 114891.3325042337
127531.8259915614 116506.9509565428
121963.3938154210 114083.5232780791
126259.0414941579 112952.5903614627
122281.5899397719 113760.3995876173
125622.6492454561 113275.7140519246
127054.5318050351 115376.0180399264
124827.1589345789 114568.2088137719
127054.5318050351 116668.5128017737
121645.1976910702 113921.9614328482

124508.9628102281 115699.1417303882
119258.7267584386 114568.2088137719
127213.6298672105 115376.0180399264
121963.3938154210 114245.0851233100
119736.0209449649 113598.8377423864
126099.9434319825 112952.5903614627
120213.3151314912 117153.1983374664
121167.9035045439 113437.2758971555
121645.1976910702 114729.7706590028
120213.3151314912 115860.7035756191
124349.8647480526 112952.5903614627
123872.5705615263 115699.1417303882
122758.8841262982 115052.8943494646
126895.4337428596 115860.7035756191
121804.2957532456 113598.8377423864
125781.7473076316 115214.4561946955
127690.9240537368 116830.0746470046
125463.5511832807 114083.5232780791
126418.1395563333 113760.3995876173
127372.7279293860 116830.0746470046

127690.9240537368 116506.9509565428
127213.6298672105 115214.4561946955
120213.3151314912 116345.3891113118
122281.5899397719 115052.8943494646
121645.1976910702 113921.9614328482
121645.1976910702 114729.7706590028
120213.3151314912 114406.6469685409
122440.6880019474 114406.6469685409
119417.8248206140 112467.9048257700
125940.8453698070 114083.5232780791
124190.7666858772 115699.1417303882
126577.2376185088 114083.5232780791
120531.5112558421 115052.8943494646
122758.8841262982 114245.0851233100
118940.5306340877 113760.3995876173
126259.0414941579 115214.4561946955
124668.0608724035 115214.4561946955
126736.3356806842 115860.7035756191
125304.4531211053 114245.0851233100
124986.2569967544 115052.8943494646

121963.3938154210 114245.0851233100
124668.0608724035 114083.5232780791
119417.8248206140 113114.1522066937
124827.1589345789 115376.0180399264
126895.4337428596 114568.2088137719
121486.0996288947 113437.2758971555
120849.7073801930 116830.0746470046
121804.2957532456 113598.8377423864
127213.6298672105 116183.8272660810
126577.2376185088 116183.8272660810
124190.7666858772 115537.5798851573
127531.8259915614 116506.9509565428
126259.0414941579 113760.3995876173
121327.0015667193 114406.6469685409
125622.6492454561 114245.0851233100
121008.8054423684 114729.7706590028
120372.4131936667 116022.2654208500
123713.4724993509 113437.2758971555
125145.3550589298 113598.8377423864
119736.0209449649 112952.5903614627

126736.3356806842 114568.2088137719
127531.8259915614 116830.0746470046
124349.8647480526 114568.2088137719
121963.3938154210 114245.0851233100
127690.9240537368 116830.0746470046
121645.1976910702 114245.0851233100
124668.0608724035 115860.7035756191
127054.5318050351 116183.8272660810
122281.5899397719 114083.5232780791
120372.4131936667 114891.3325042337
120531.5112558421 116022.2654208500
124986.2569967544 115537.5798851573
121008.8054423684 113114.1522066937
121486.0996288947 113598.8377423864
121008.8054423684 114729.7706590028
119736.0209449649 112144.7811353082
125940.8453698070 114245.0851233100
122281.5899397719 113437.2758971555
119417.8248206140 115214.4561946955
126259.0414941579 113760.3995876173

126259.0414941579 116345.3891113118
124827.1589345789 113275.7140519246
127054.5318050351 116183.8272660810
124190.7666858772 115052.8943494646
123395.2763750000 114406.6469685409
125940.8453698070 115214.4561946955
120054.2170693158 113921.9614328482
119258.7267584386 114083.5232780791
122281.5899397719 114891.3325042337
119736.0209449649 115052.8943494646
120849.7073801930 115699.1417303882
123713.4724993509 114083.5232780791
121486.0996288947 114891.3325042337
127372.7279293860 116668.5128017737
126736.3356806842 115214.4561946955
121804.2957532456 114406.6469685409
125781.7473076316 112791.0285162318
125463.5511832807 112791.0285162318
122599.7860641228 113437.2758971555
125145.3550589298 112791.0285162318

127213.6298672105 114729.7706590028
122122.4918775965 114083.5232780791
127531.8259915614 115376.0180399264
125304.4531211053 113921.9614328482
124827.1589345789 115376.0180399264
126099.9434319825 113598.8377423864
126577.2376185088 116345.3891113118
126577.2376185088 113921.9614328482
119736.0209449649 115214.4561946955
120372.4131936667 115052.8943494646
123872.5705615263 115214.4561946955
119099.6286962632 114245.0851233100
123236.1783128245 115376.0180399264
126099.9434319825 116183.8272660810
122758.8841262982 114245.0851233100
120849.7073801930 116830.0746470046
121167.9035045439 113437.2758971555
121804.2957532456 113921.9614328482
125622.6492454561 113921.9614328482
120054.2170693158 112144.7811353082

126895.4337428596 114245.0851233100
119736.0209449649 111983.2192900773
124827.1589345789 114891.3325042337
121645.1976910702 114891.3325042337
121327.0015667193 113921.9614328482
127372.7279293860 116345.3891113118
126418.1395563333 112629.4666710009
124031.6686237018 115699.1417303882
121645.1976910702 113598.8377423864
121963.3938154210 114891.3325042337
120531.5112558421 115537.5798851573
120849.7073801930 115699.1417303882
121804.2957532456 114729.7706590028
125781.7473076316 113598.8377423864
120054.2170693158 115376.0180399264
124986.2569967544 116022.2654208500
125304.4531211053 114245.0851233100
122122.4918775965 113598.8377423864
120531.5112558421 115699.1417303882
120054.2170693158 112306.3429805391

127690.9240537368 116668.5128017737
123872.5705615263 115214.4561946955
127690.9240537368 116830.0746470046
127372.7279293860 116830.0746470046
124986.2569967544 114568.2088137719
126099.9434319825 114083.5232780791
121963.3938154210 114406.6469685409
120849.7073801930 118122.5694088519
124827.1589345789 114245.0851233100
124349.8647480526 115699.1417303882
121645.1976910702 113921.9614328482
122122.4918775965 113275.7140519246
121963.3938154210 114568.2088137719
119576.9228827895 111983.2192900773
122281.5899397719 114083.5232780791
121963.3938154210 114891.3325042337
127054.5318050351 116506.9509565428
119099.6286962632 114245.0851233100
121167.9035045439 114083.5232780791
120372.4131936667 115052.8943494646

