47785028.7479919791 78169.7015686035
47537246.9873610139 74940.9645843506
48596895.4609053731 84081.9415283203
47957992.8068191409 79069.2540283203
48478000.8394909501 83341.9870605469
47368131.6651494727 74414.9290466309
49298979.5622089952 86635.3173828125
46075782.6268056259 71820.6913452148
48167619.8827112541 82916.8133544922
48166079.6655676216 81212.9119262695
47984803.1864999011 80466.5430908203
47940176.0661244243 78377.1822814941
48866409.5024544373 85995.4648437500
47143445.2378022596 73584.5627441406
47325569.4666086286 74180.8047485352
48824768.0564159453 84354.9810791016
49813590.7199029773 86887.2293701172
48551653.7563764304 83655.1358642578
47602973.6521193981 77377.4884643555
50029440.4127795696 87226.4703369141
