47984803.1864999011 80466.5430908203
47940176.0661244243 78377.1822814941
48866409.5024544373 85995.4648437500
47143445.2378022596 73584.5627441406
47325569.4666086286 74180.8047485352
48824768.0564159453 84354.9810791016
48287409.9411216304 81298.6354980469
49813590.7199029773 86887.2293701172
48551653.7563764304 83655.1358642578
47039079.9549598843 71724.5878906250
47602973.6521193981 77377.4884643555
50029440.4127795696 87226.4703369141
46612952.9508362263 70620.3392028809
46562730.5634159446 58976.8970336914
47834981.8972307742 78047.6700439453
