47674065.0580598414 77404.6253662109
47966696.2362827659 79637.6558532715
47894344.0547302887 79346.4522094727
49310040.1435956806 87642.1269531250
47776146.7195382491 78931.7083740234
49672574.9213125259 88185.5710449219
48576567.1469686106 85471.7510986328
47413580.9524479210 74615.6834869385
46877986.4920091629 73317.8367919922
47500197.8759377077 76375.3965301514
47566785.9144769832 76453.0490722656
48449605.6362358704 84985.8001708984
47368131.6651494727 74414.9290466309
49298979.5622089952 86635.3173828125
46075782.6268056259 71820.6913452148
48167619.8827112541 82916.8133544922
48166079.6655676216 81212.9119262695
47984803.1864999011 80466.5430908203
48866409.5024544373 85995.4648437500
47143445.2378022596 73584.5627441406
47325569.4666086286 74180.8047485352
47602973.6521193981 77377.4884643555
