48459625.6188435405 86430.0223388672
49659998.0812171996 88184.1605224609
47625469.1955504939 78583.0049438477
47135826.2669501305 75468.8782653809
47563603.5839074925 76942.4025268555
50397689.0639994219 89233.7526855469
49054864.2111543640 87182.7762451172
47964679.3683307245 79533.0563659668
47428536.5029236078 75727.7646026611
48431619.2476666942 82924.8045654297
47966696.2362827659 79637.6558532715
47894344.0547302887 79346.4522094727
49310040.1435956806 87642.1269531250
47776146.7195382491 78931.7083740234
49672574.9213125259 88185.5710449219
46877986.4920091629 73317.8367919922
47500197.8759377077 76375.3965301514
48449605.6362358704 84985.8001708984
46075782.6268056259 71820.6913452148
48167619.8827112541 82916.8133544922
48166079.6655676216 81212.9119262695
47984803.1864999011 80466.5430908203
47602973.6521193981 77377.4884643555
