47210714.7910256013 77971.1665344238
48021991.4481503367 81370.9182739258
47834610.4733051285 81139.1004638672
47562160.2095321864 80372.6844482422
48459625.6188435405 86430.0223388672
49659998.0812171996 88184.1605224609
47135826.2669501305 75468.8782653809
50397689.0639994219 89233.7526855469
49054864.2111543640 87182.7762451172
48431619.2476666942 82924.8045654297
49310040.1435956806 87642.1269531250
49672574.9213125259 88185.5710449219
46877986.4920091629 73317.8367919922
48449605.6362358704 84985.8001708984
46075782.6268056259 71820.6913452148
48167619.8827112541 82916.8133544922
