22191235.8243709281 1015570.8671875000
21934014.8337275684 1015429.4218750000
22292174.3258820064 1051910.5859375000
22976976.5590539128 1078993.4453125000
23536965.6234335117 1080162.3828125000
22889924.5320231840 1075215.2968750000
22385986.1288032271 1052778.3281250000
23500482.2380774394 1080088.3671875000
22965604.7202563956 1077545.2343750000
23550585.9948958457 1082046.0625000000
22493737.8607064486 1062684.0703125000
23313684.7624021508 1079252.9531250000
23387938.1011649966 1079877.4140625000
22396047.8466290832 1057753.3359375000
22626451.7113101631 1069940.7734375000
22851647.1367636919 1073037.3828125000
22622951.6796335392 1065914.7656250000
22609736.5864624269 1063309.1796875000
