23124305.2742453367 1073867.4765625000
23723926.4062697552 1082046.0625000000
23498027.5743722431 1079333.3359375000
23380464.4893036745 1078306.7968750000
23132759.8362921774 1074368.9843750000
22396047.8466290832 1057753.3359375000
23090563.2093984485 1073171.9765625000
22626451.7113101631 1069940.7734375000
23185566.5329194553 1076781.6718750000
22851647.1367636919 1073037.3828125000
22622951.6796335392 1065914.7656250000
22340745.5792943910 1051789.1015625000
23350745.2047627121 1077116.5000000000
22609736.5864624269 1063309.1796875000
