23550585.9948958457 1082046.0625000000
22493737.8607064486 1062684.0703125000
23313684.7624021508 1079252.9531250000
23387938.1011649966 1079877.4140625000
23039346.9374997988 1077636.7656250000
22320539.4187907130 1048992.2031250000
22969012.2266785949 1073487.2265625000
22396047.8466290832 1057753.3359375000
22626451.7113101631 1069940.7734375000
22851647.1367636919 1073037.3828125000
22622951.6796335392 1065914.7656250000
22340745.5792943910 1051789.1015625000
22609736.5864624269 1063309.1796875000
