111360.0458147232 120769.4363200000
112315.3168891161 120126.2247683404
112474.5287348482 120608.6334320851
111360.0458147232 119804.6189925106
111996.8931976518 120287.0276562553
112315.3168891161 120447.8305441702
111837.6813519196 119322.2103287660
115977.1893409554 122377.4651991489
112315.3168891161 120769.4363200000
112633.7405805804 120447.8305441702

112792.9524263125 120930.2392079149
111837.6813519196 119804.6189925106
112315.3168891161 120126.2247683404
112156.1050433839 120447.8305441702
114703.4945750982 121251.8449837447
113270.5879635089 123181.4796387234
112474.5287348482 120769.4363200000
112952.1642720446 121412.6478716596
111996.8931976518 120769.4363200000
111996.8931976518 120126.2247683404

111837.6813519196 122859.8738628936
111837.6813519196 120447.8305441702
112633.7405805804 120608.6334320851
112156.1050433839 119804.6189925106
114862.7064208303 121573.4507595745
111519.2576604554 119804.6189925106
112315.3168891161 120769.4363200000
111837.6813519196 117070.9698979574
113589.0116549732 123020.6767508085
111837.6813519196 119804.6189925106

110723.1984317946 120608.6334320851
111360.0458147232 119965.4218804255
115181.1301122946 121895.0565354042
118365.3670269375 124146.2969662128
112156.1050433839 122859.8738628936
111041.6221232589 120126.2247683404
112315.3168891161 120930.2392079149
116932.4604153482 123020.6767508085
115817.9774952232 122216.6623112340
113907.4353464375 123020.6767508085

115181.1301122946 121734.2536474894
114703.4945750982 121573.4507595745
111200.8339689911 119483.0132166808
113270.5879635089 123181.4796387234
112156.1050433839 120447.8305441702
114385.0708836339 121895.0565354042
112474.5287348482 120447.8305441702
111678.4695061875 122216.6623112340
113748.2235007054 121573.4507595745
110404.7747403304 121734.2536474894

112474.5287348482 120287.0276562553
114703.4945750982 121573.4507595745
115977.1893409554 122216.6623112340
115181.1301122946 121895.0565354042
111360.0458147232 119965.4218804255
110404.7747403304 119322.2103287660
111678.4695061875 121091.0420958298
118046.9433354732 123985.4940782979
112474.5287348482 121091.0420958298
110882.4102775268 120287.0276562553

115181.1301122946 121895.0565354042
112315.3168891161 120769.4363200000
112792.9524263125 120930.2392079149
112315.3168891161 119804.6189925106
114703.4945750982 121412.6478716596
111360.0458147232 120126.2247683404
112315.3168891161 122859.8738628936
115658.7656494911 122055.8594233192
111996.8931976518 121091.0420958298
112474.5287348482 119965.4218804255

113270.5879635089 120608.6334320851
110882.4102775268 120126.2247683404
112474.5287348482 121091.0420958298
117091.6722610804 123181.4796387234
110086.3510488661 119483.0132166808
115817.9774952232 122216.6623112340
111837.6813519196 120930.2392079149
112952.1642720446 123663.8883024681
114385.0708836339 121573.4507595745
118365.3670269375 124146.2969662128

114862.7064208303 121734.2536474894
111837.6813519196 120930.2392079149
114385.0708836339 121895.0565354042
110563.9865860625 119965.4218804255
112474.5287348482 121091.0420958298
112156.1050433839 119965.4218804255
110563.9865860625 122538.2680870638
111041.6221232589 119483.0132166808
115658.7656494911 122216.6623112340
112952.1642720446 120769.4363200000

111519.2576604554 120126.2247683404
115181.1301122946 121734.2536474894
110723.1984317946 122699.0709749787
111041.6221232589 122699.0709749787
112156.1050433839 120126.2247683404
110404.7747403304 120126.2247683404
114544.2827293661 121412.6478716596
118365.3670269375 124146.2969662128
112792.9524263125 123503.0854145532
117569.3077982768 123663.8883024681

115499.5538037589 122538.2680870638
112315.3168891161 123342.2825266383
112633.7405805804 120769.4363200000
111360.0458147232 119965.4218804255
112315.3168891161 120769.4363200000
112474.5287348482 121091.0420958298
111996.8931976518 120126.2247683404
114225.8590379018 120930.2392079149
115817.9774952232 122216.6623112340
112315.3168891161 122216.6623112340

110404.7747403304 120447.8305441702
115181.1301122946 122377.4651991489
110245.5628945982 121091.0420958298
111996.8931976518 120126.2247683404
112792.9524263125 122859.8738628936
114225.8590379018 123342.2825266383
113270.5879635089 123181.4796387234
118365.3670269375 124146.2969662128
117887.7314897411 123824.6911903830
111996.8931976518 122216.6623112340

114225.8590379018 120930.2392079149
117728.5196440089 123824.6911903830
110882.4102775268 120287.0276562553
114862.7064208303 121412.6478716596
111360.0458147232 119965.4218804255
112474.5287348482 121091.0420958298
114225.8590379018 123503.0854145532
112315.3168891161 120287.0276562553
110404.7747403304 122216.6623112340
115658.7656494911 122055.8594233192

114225.8590379018 123020.6767508085
111041.6221232589 119643.8161045957
110563.9865860625 120287.0276562553
110882.4102775268 119965.4218804255
112474.5287348482 120769.4363200000
112315.3168891161 123503.0854145532
112474.5287348482 121091.0420958298
111837.6813519196 119965.4218804255
111360.0458147232 119643.8161045957
110245.5628945982 120608.6334320851

111996.8931976518 119643.8161045957
111837.6813519196 119965.4218804255
115021.9182665625 122216.6623112340
112315.3168891161 120930.2392079149
115499.5538037589 122216.6623112340
110245.5628945982 120287.0276562553
110723.1984317946 118518.1958891915
110563.9865860625 120287.0276562553
118524.5788726696 124307.0998541277
110245.5628945982 119161.4074408510

115658.7656494911 122216.6623112340
115499.5538037589 122538.2680870638
112156.1050433839 119804.6189925106
112156.1050433839 120608.6334320851
114066.6471921696 123020.6767508085
112633.7405805804 119965.4218804255
112474.5287348482 122216.6623112340
111678.4695061875 122216.6623112340
110563.9865860625 120769.4363200000
118206.1551812054 123985.4940782979

118524.5788726696 124307.0998541277
112474.5287348482 120608.6334320851
113429.7998092411 123020.6767508085
112474.5287348482 119643.8161045957
111996.8931976518 122055.8594233192
114385.0708836339 123342.2825266383
114862.7064208303 121573.4507595745
112315.3168891161 120608.6334320851
113748.2235007054 123020.6767508085
111678.4695061875 122377.4651991489

112156.1050433839 120608.6334320851
110563.9865860625 118839.8016650213
111837.6813519196 122377.4651991489
112474.5287348482 120447.8305441702
111200.8339689911 119643.8161045957
114385.0708836339 121734.2536474894
113589.0116549732 123181.4796387234
115817.9774952232 122538.2680870638
111996.8931976518 120126.2247683404
115340.3419580268 122216.6623112340

