58383989.9106977656 169712.5642089844
61179519.3080127984 185733.9598388672
60732233.3180518299 182649.2409667969
56433528.9410993531 155460.8284301758
57253347.7921401262 157561.9326171875
59035088.6509887353 177117.7912597656
63004965.2737683356 186176.5388183594
60756504.7903910726 185114.9379882812
58599657.0920870230 170188.9783935547
59284692.8440854624 178431.1845703125
60534718.4411169738 181993.0654296875
60005700.0273825377 181178.6567382812
57727631.0756034404 165947.1130981445
58170092.3430479690 169678.8671875000
60102880.3082480580 181444.0371093750
58621322.5006307214 173854.9143066406
