58410003.5208995342 172401.4459228516
57579470.9684009925 161435.9489746094
62224899.9795139730 187525.2836914062
60310502.4963137731 184715.0571289062
60360912.3521568030 186433.7008056641
60098808.6306510493 182359.4384765625
60223644.4093111455 184437.1899414062
59957840.9464375973 179724.1760253906
58071662.1835371181 167139.3317871094
58025153.7457932308 166819.6070556641
59339622.7196164504 178693.9626464844
58383989.9106977656 169712.5642089844
56433528.9410993531 155460.8284301758
57253347.7921401262 157561.9326171875
59035088.6509887353 177117.7912597656
59284692.8440854624 178431.1845703125
60005700.0273825377 181178.6567382812
57727631.0756034404 165947.1130981445
58170092.3430479690 169678.8671875000
58621322.5006307214 173854.9143066406
