58599657.0920870230 170188.9783935547
59284692.8440854624 178431.1845703125
56806610.6235372052 144913.4631347656
60534718.4411169738 181993.0654296875
59194967.3766847476 174182.5759277344
61042977.7876938954 184972.2113647461
57534154.1419092640 156081.1370849609
60914374.0957988799 182880.8371582031
60005700.0273825377 181178.6567382812
57727631.0756034404 165947.1130981445
57508163.2529237345 149271.8115234375
57513126.5669616908 152653.0070800781
56873337.0049112663 149195.6387634277
60993934.8034605384 184652.1644287109
58170092.3430479690 169678.8671875000
60102880.3082480580 181444.0371093750
58621322.5006307214 173854.9143066406
