119124.7287771296 121675.9596416397
118648.8092912407 128517.2080764191
121504.3262065741 121675.9596416397
120393.8474061667 128039.9116739927
117538.3304908333 126767.1212675221
118648.8092912407 122789.6512473015
118331.5296339815 127562.6152715662
120235.2075775370 128199.0104748015
119283.3686057593 123107.8488489191
119759.2880916481 127403.5164707574
119124.7287771296 127562.6152715662
120869.7668920556 126448.9236659044
120393.8474061667 121198.6632392132
117855.6101480926 127880.8128731838
118648.8092912407 128199.0104748015
118648.8092912407 121994.1572432573
123249.3643215000 121516.8608408309
121821.6058638333 127880.8128731838
120393.8474061667 126289.8248650956
120711.1270634259 126448.9236659044
118331.5296339815 126289.8248650956
122138.8855210926 121039.5644384044
121028.4067206852 121357.7620400221
118966.0889485000 127244.4176699485
117855.6101480926 123585.1452513456

119124.7287771296 123744.2440521544
120711.1270634259 127085.3188691397
120235.2075775370 128199.0104748015
118648.8092912407 128358.1092756103
119917.9279202778 122789.6512473015
120711.1270634259 121994.1572432573
119442.0084343889 125971.6272634779
118807.4491198704 129630.8996820809
121028.4067206852 121516.8608408309
122138.8855210926 126767.1212675221
118490.1694626111 124539.7380561985
119600.6482630185 124539.7380561985
117062.4110049445 125176.1332594338
119917.9279202778 126767.1212675221
120076.5677489074 128039.9116739927
120552.4872347963 127562.6152715662
119124.7287771296 121516.8608408309
119600.6482630185 127403.5164707574
117538.3304908333 123426.0464505368
117855.6101480926 123744.2440521544
118966.0889485000 128199.0104748015
122138.8855210926 127562.6152715662
122456.1651783518 122153.2560440662
120393.8474061667 121357.7620400221
124201.2032932778 126130.7260642868

119759.2880916481 121357.7620400221
119283.3686057593 122312.3548448750
120869.7668920556 126608.0224667132
118807.4491198704 125176.1332594338
119600.6482630185 122471.4536456838
122614.8050069815 127244.4176699485
118807.4491198704 127244.4176699485
120393.8474061667 128039.9116739927
121187.0465493148 124857.9356578162
121345.6863779444 121516.8608408309
119124.7287771296 129789.9984828897
118490.1694626111 124380.6392553897
118966.0889485000 127721.7140723750
120711.1270634259 128676.3068772279
121345.6863779444 122312.3548448750
121662.9660352037 126608.0224667132
118648.8092912407 122789.6512473015
120235.2075775370 124857.9356578162
120552.4872347963 129312.7020804632
119759.2880916481 124221.5404545809
117696.9703194630 127562.6152715662
118172.8898053518 127244.4176699485
119600.6482630185 123744.2440521544
121028.4067206852 121994.1572432573
117696.9703194630 126448.9236659044

122932.0846642407 121198.6632392132
117855.6101480926 127244.4176699485
121821.6058638333 121357.7620400221
117379.6906622037 126926.2200683309
120235.2075775370 123585.1452513456
120711.1270634259 123426.0464505368
117379.6906622037 125017.0344586250
120552.4872347963 121994.1572432573
118172.8898053518 129471.8008812721
124042.5634646481 125653.4296618603
116903.7711763148 124221.5404545809
120235.2075775370 123266.9476497279
121187.0465493148 127880.8128731838
119124.7287771296 121357.7620400221
121028.4067206852 128517.2080764191
118172.8898053518 123903.3428529633
123090.7244928704 126767.1212675221
118014.2499767222 125971.6272634779
124677.1227791667 124857.9356578162
120235.2075775370 121835.0584424485
120552.4872347963 129153.6032796544
117855.6101480926 128039.9116739927
121187.0465493148 127244.4176699485
119759.2880916481 121516.8608408309
119124.7287771296 127085.3188691397

119124.7287771296 121198.6632392132
121028.4067206852 128676.3068772279
118490.1694626111 123744.2440521544
124359.8431219074 125017.0344586250
119442.0084343889 129949.0972836985
118490.1694626111 127403.5164707574
122456.1651783518 121835.0584424485
119600.6482630185 125653.4296618603
120235.2075775370 122312.3548448750
121504.3262065741 125017.0344586250
120869.7668920556 121198.6632392132
120869.7668920556 121516.8608408309
119124.7287771296 128039.9116739927
118807.4491198704 126448.9236659044
121345.6863779444 123744.2440521544
122932.0846642407 121198.6632392132
119600.6482630185 128676.3068772279
120235.2075775370 124698.8368570074
122297.5253497222 121516.8608408309
117855.6101480926 129153.6032796544
117538.3304908333 125017.0344586250
124359.8431219074 124062.4416537721
118172.8898053518 128039.9116739927
121504.3262065741 128358.1092756103
119917.9279202778 127562.6152715662

117538.3304908333 126608.0224667132
118331.5296339815 128039.9116739927
118966.0889485000 122630.5524464927
125153.0422650556 124539.7380561985
120552.4872347963 128358.1092756103
124359.8431219074 123744.2440521544
117855.6101480926 125812.5284626691
118966.0889485000 128358.1092756103
119124.7287771296 125176.1332594338
119283.3686057593 122153.2560440662
124518.4829505370 123585.1452513456
120393.8474061667 121994.1572432573
118807.4491198704 123107.8488489191
121980.2456924630 122471.4536456838
122773.4448356111 127085.3188691397
121504.3262065741 128517.2080764191
121028.4067206852 126448.9236659044
119759.2880916481 126130.7260642868
119600.6482630185 121675.9596416397
118172.8898053518 128517.2080764191
120393.8474061667 122312.3548448750
117855.6101480926 124221.5404545809
122138.8855210926 121675.9596416397
121980.2456924630 122153.2560440662
120552.4872347963 125176.1332594338

119283.3686057593 127403.5164707574
121980.2456924630 121198.6632392132
119124.7287771296 121675.9596416397
119124.7287771296 125176.1332594338
120235.2075775370 123585.1452513456
117538.3304908333 124380.6392553897
118966.0889485000 127403.5164707574
121028.4067206852 127244.4176699485
118490.1694626111 124221.5404545809
120869.7668920556 128358.1092756103
118014.2499767222 123107.8488489191
119124.7287771296 121994.1572432573
118172.8898053518 124380.6392553897
123090.7244928704 124539.7380561985
121821.6058638333 121835.0584424485
121187.0465493148 121198.6632392132
118172.8898053518 126767.1212675221
118331.5296339815 128676.3068772279
120235.2075775370 122312.3548448750
123090.7244928704 127085.3188691397
123090.7244928704 126767.1212675221
118014.2499767222 127085.3188691397
123566.6439787593 126130.7260642868
118966.0889485000 129471.8008812721
121504.3262065741 128358.1092756103

119283.3686057593 122153.2560440662
118807.4491198704 126448.9236659044
120869.7668920556 121835.0584424485
124359.8431219074 123585.1452513456
120393.8474061667 121516.8608408309
118014.2499767222 128199.0104748015
118490.1694626111 128199.0104748015
119759.2880916481 125494.3308610515
121345.6863779444 121357.7620400221
119759.2880916481 121357.7620400221
120393.8474061667 128835.4056780368
118172.8898053518 123585.1452513456
118172.8898053518 124221.5404545809
119600.6482630185 127244.4176699485
120076.5677489074 127562.6152715662
118172.8898053518 124380.6392553897
119759.2880916481 123585.1452513456
121662.9660352037 122153.2560440662
118014.2499767222 127244.4176699485
118331.5296339815 125017.0344586250
123090.7244928704 121675.9596416397
123883.9236360185 124380.6392553897
119759.2880916481 126767.1212675221
121187.0465493148 127244.4176699485
118172.8898053518 122789.6512473015

121187.0465493148 121198.6632392132
123249.3643215000 121039.5644384044
123090.7244928704 124857.9356578162
119759.2880916481 124539.7380561985
121662.9660352037 121357.7620400221
121662.9660352037 124698.8368570074
123408.0041501296 125653.4296618603
119283.3686057593 121675.9596416397
121345.6863779444 124062.4416537721
122456.1651783518 124539.7380561985
122297.5253497222 127085.3188691397
117855.6101480926 123903.3428529633
119442.0084343889 127403.5164707574
118966.0889485000 130426.3936861250
117696.9703194630 126608.0224667132
120235.2075775370 127562.6152715662
118648.8092912407 127562.6152715662
122932.0846642407 121675.9596416397
119283.3686057593 126289.8248650956
120552.4872347963 128994.5044788456
119600.6482630185 123107.8488489191
118648.8092912407 124857.9356578162
118807.4491198704 123107.8488489191
124677.1227791667 124539.7380561985
121187.0465493148 125653.4296618603

119124.7287771296 123266.9476497279
120076.5677489074 121357.7620400221
119442.0084343889 121357.7620400221
124518.4829505370 125653.4296618603
124201.2032932778 126289.8248650956
119442.0084343889 124857.9356578162
124994.4024364259 123585.1452513456
117696.9703194630 126289.8248650956
121662.9660352037 126926.2200683309
121345.6863779444 126130.7260642868
118807.4491198704 127403.5164707574
118172.8898053518 122789.6512473015
118807.4491198704 126767.1212675221
120076.5677489074 126448.9236659044
119917.9279202778 127721.7140723750
118014.2499767222 123903.3428529633
121821.6058638333 121198.6632392132
119917.9279202778 121835.0584424485
123725.2838073889 123585.1452513456
123883.9236360185 125017.0344586250
120393.8474061667 123107.8488489191
118014.2499767222 126608.0224667132
121980.2456924630 126448.9236659044
117062.4110049445 124857.9356578162
118490.1694626111 131062.7888893603

120393.8474061667 123903.3428529633
118172.8898053518 125971.6272634779
124677.1227791667 123585.1452513456
121662.9660352037 126289.8248650956
119124.7287771296 130585.4924869338
122614.8050069815 121675.9596416397
120076.5677489074 126608.0224667132
120076.5677489074 121198.6632392132
120235.2075775370 129630.8996820809
118648.8092912407 129471.8008812721
121187.0465493148 126926.2200683309
119442.0084343889 126926.2200683309
121345.6863779444 122312.3548448750
120552.4872347963 124221.5404545809
121504.3262065741 128358.1092756103
121980.2456924630 121516.8608408309
119442.0084343889 121994.1572432573
119600.6482630185 126448.9236659044
122773.4448356111 127085.3188691397
118490.1694626111 124062.4416537721
123883.9236360185 125812.5284626691
117538.3304908333 123585.1452513456
118014.2499767222 126448.9236659044
121187.0465493148 121516.8608408309
119600.6482630185 122948.7500481103

122773.4448356111 126926.2200683309
120393.8474061667 125494.3308610515
120076.5677489074 125176.1332594338
118966.0889485000 129153.6032796544
118331.5296339815 127244.4176699485
117855.6101480926 126767.1212675221
118014.2499767222 128994.5044788456
120076.5677489074 121675.9596416397
117538.3304908333 125494.3308610515
118490.1694626111 131380.9864909780
120711.1270634259 125653.4296618603
117538.3304908333 127562.6152715662
124994.4024364259 124539.7380561985
118966.0889485000 121516.8608408309
118966.0889485000 127403.5164707574
119917.9279202778 122312.3548448750
118172.8898053518 123903.3428529633
119283.3686057593 129949.0972836985
120235.2075775370 122471.4536456838
123249.3643215000 124857.9356578162
119124.7287771296 121835.0584424485
122614.8050069815 121516.8608408309
120393.8474061667 126448.9236659044
120076.5677489074 127403.5164707574
120869.7668920556 128676.3068772279

117062.4110049445 124380.6392553897
123725.2838073889 123903.3428529633
121028.4067206852 124698.8368570074
118490.1694626111 124698.8368570074
118331.5296339815 124380.6392553897
119442.0084343889 123266.9476497279
118331.5296339815 122789.6512473015
120552.4872347963 128994.5044788456
120869.7668920556 127880.8128731838
121662.9660352037 122471.4536456838
118490.1694626111 125335.2320602426
119917.9279202778 125653.4296618603
121504.3262065741 125971.6272634779
124677.1227791667 125971.6272634779
118807.4491198704 121994.1572432573
119917.9279202778 127085.3188691397
120393.8474061667 127562.6152715662
121028.4067206852 126608.0224667132
118966.0889485000 127403.5164707574
118648.8092912407 126926.2200683309
118807.4491198704 124857.9356578162
122932.0846642407 121357.7620400221
117696.9703194630 123585.1452513456
119759.2880916481 129153.6032796544
124201.2032932778 125494.3308610515

121187.0465493148 127880.8128731838
119600.6482630185 125494.3308610515
118490.1694626111 128517.2080764191
123408.0041501296 121198.6632392132
121028.4067206852 121198.6632392132
119442.0084343889 126289.8248650956
118648.8092912407 122630.5524464927
118172.8898053518 128517.2080764191
121028.4067206852 124221.5404545809
118807.4491198704 129312.7020804632
120552.4872347963 123744.2440521544
118331.5296339815 123585.1452513456
118966.0889485000 121516.8608408309
118331.5296339815 129153.6032796544
118172.8898053518 124221.5404545809
119759.2880916481 121357.7620400221
119917.9279202778 128199.0104748015
121980.2456924630 128039.9116739927
119124.7287771296 126448.9236659044
118490.1694626111 128039.9116739927
122297.5253497222 127721.7140723750
124359.8431219074 125494.3308610515
124042.5634646481 123585.1452513456
121662.9660352037 121675.9596416397
119124.7287771296 128358.1092756103

120235.2075775370 121516.8608408309
121821.6058638333 127721.7140723750
120076.5677489074 127403.5164707574
124201.2032932778 125971.6272634779
119600.6482630185 127244.4176699485
117538.3304908333 125335.2320602426
118648.8092912407 131062.7888893603
119917.9279202778 121357.7620400221
121028.4067206852 128517.2080764191
117855.6101480926 126926.2200683309
120393.8474061667 127880.8128731838
119124.7287771296 128039.9116739927
120869.7668920556 127562.6152715662
121821.6058638333 121835.0584424485
120552.4872347963 123903.3428529633
120393.8474061667 121994.1572432573
118966.0889485000 125653.4296618603
117696.9703194630 127403.5164707574
117379.6906622037 124062.4416537721
117855.6101480926 126289.8248650956
119283.3686057593 122312.3548448750
121187.0465493148 126130.7260642868
118014.2499767222 124857.9356578162
118014.2499767222 124221.5404545809
117855.6101480926 128676.3068772279

122297.5253497222 127721.7140723750
117379.6906622037 126608.0224667132
119759.2880916481 129471.8008812721
120235.2075775370 128039.9116739927
118331.5296339815 130585.4924869338
122297.5253497222 122153.2560440662
119442.0084343889 126767.1212675221
120552.4872347963 127085.3188691397
121662.9660352037 121516.8608408309
121187.0465493148 127562.6152715662
118331.5296339815 123903.3428529633
118490.1694626111 125494.3308610515
122773.4448356111 125653.4296618603
119283.3686057593 121835.0584424485
119600.6482630185 121357.7620400221
121345.6863779444 121357.7620400221
117855.6101480926 124221.5404545809
124835.7626077963 125335.2320602426
118172.8898053518 127721.7140723750
119759.2880916481 122948.7500481103
119917.9279202778 129153.6032796544
120393.8474061667 121516.8608408309
118014.2499767222 127085.3188691397
118648.8092912407 124539.7380561985
119283.3686057593 121198.6632392132

120552.4872347963 126926.2200683309
124201.2032932778 125335.2320602426
118807.4491198704 127721.7140723750
122297.5253497222 121516.8608408309
122138.8855210926 127403.5164707574
117696.9703194630 124539.7380561985
120869.7668920556 128676.3068772279
119283.3686057593 122471.4536456838
118331.5296339815 126926.2200683309
121504.3262065741 121675.9596416397
118490.1694626111 128199.0104748015
119759.2880916481 126448.9236659044
118648.8092912407 128358.1092756103
118014.2499767222 129312.7020804632
119442.0084343889 121357.7620400221
121345.6863779444 121994.1572432573
120076.5677489074 122312.3548448750
120711.1270634259 121198.6632392132
122773.4448356111 121835.0584424485
118331.5296339815 127403.5164707574
119283.3686057593 121994.1572432573
120076.5677489074 121675.9596416397
118807.4491198704 125971.6272634779
119600.6482630185 122312.3548448750
117855.6101480926 125653.4296618603

120235.2075775370 128835.4056780368
123090.7244928704 121198.6632392132
119759.2880916481 125812.5284626691
119917.9279202778 121357.7620400221
120711.1270634259 122153.2560440662
119600.6482630185 122312.3548448750
120552.4872347963 127085.3188691397
119600.6482630185 126767.1212675221
117696.9703194630 128358.1092756103
119124.7287771296 122153.2560440662
118807.4491198704 122312.3548448750
120869.7668920556 124221.5404545809
119600.6482630185 123585.1452513456
121504.3262065741 127562.6152715662
117696.9703194630 124062.4416537721
120076.5677489074 127721.7140723750
121028.4067206852 125971.6272634779
119759.2880916481 128199.0104748015
119124.7287771296 123426.0464505368
120393.8474061667 121516.8608408309
121504.3262065741 127085.3188691397
119442.0084343889 122948.7500481103
119759.2880916481 125653.4296618603
118807.4491198704 128039.9116739927
118966.0889485000 127562.6152715662

119759.2880916481 127880.8128731838
121028.4067206852 128835.4056780368
118966.0889485000 127562.6152715662
117696.9703194630 125494.3308610515
124677.1227791667 125494.3308610515
118966.0889485000 122471.4536456838
120711.1270634259 125335.2320602426
117696.9703194630 125812.5284626691
121345.6863779444 126130.7260642868
119759.2880916481 127085.3188691397
119442.0084343889 121835.0584424485
119124.7287771296 121357.7620400221
118490.1694626111 128199.0104748015
121980.2456924630 121198.6632392132
117696.9703194630 127721.7140723750
118490.1694626111 125653.4296618603
118648.8092912407 128517.2080764191
122932.0846642407 121675.9596416397
118966.0889485000 122312.3548448750
118014.2499767222 127562.6152715662
119600.6482630185 126608.0224667132
121028.4067206852 122312.3548448750
124677.1227791667 125971.6272634779
123090.7244928704 121675.9596416397
119600.6482630185 126289.8248650956

120869.7668920556 126767.1212675221
117538.3304908333 123744.2440521544
120552.4872347963 121516.8608408309
118648.8092912407 127403.5164707574
122614.8050069815 121835.0584424485
118014.2499767222 125812.5284626691
117696.9703194630 127562.6152715662
118966.0889485000 124539.7380561985
118648.8092912407 128835.4056780368
120076.5677489074 126926.2200683309
119600.6482630185 123266.9476497279
122614.8050069815 126926.2200683309
121662.9660352037 121516.8608408309
121187.0465493148 128039.9116739927
119442.0084343889 128835.4056780368
119124.7287771296 122312.3548448750
123883.9236360185 125653.4296618603
119442.0084343889 126130.7260642868
124677.1227791667 125017.0344586250
118172.8898053518 125494.3308610515
119442.0084343889 121198.6632392132
121821.6058638333 128039.9116739927
119759.2880916481 126289.8248650956
119283.3686057593 124062.4416537721
120076.5677489074 127721.7140723750

119124.7287771296 126289.8248650956
120235.2075775370 121994.1572432573
119442.0084343889 127244.4176699485
118807.4491198704 124062.4416537721
118172.8898053518 130585.4924869338
122138.8855210926 127721.7140723750
118331.5296339815 125494.3308610515
120869.7668920556 124698.8368570074
119759.2880916481 123903.3428529633
118648.8092912407 125653.4296618603
121187.0465493148 128676.3068772279
124677.1227791667 125812.5284626691
121345.6863779444 127562.6152715662
118648.8092912407 122630.5524464927
118966.0889485000 122948.7500481103
120235.2075775370 127562.6152715662
120393.8474061667 121675.9596416397
119917.9279202778 124221.5404545809
119917.9279202778 126130.7260642868
118966.0889485000 123266.9476497279
117379.6906622037 124221.5404545809
121504.3262065741 121675.9596416397
119442.0084343889 121516.8608408309
122297.5253497222 121994.1572432573
120711.1270634259 124062.4416537721

