58030946.8021320775 8358.0023241043
57265237.9914310426 7576.6027679443
59120279.5886330158 8961.0394287109
60920454.8015688509 9276.7138099670
58494670.4288789108 8681.8634662628
57294314.5161288455 7681.1580314636
57875964.0131867155 8239.4005775452
57335432.5135805234 8106.5978622437
60420451.7050698698 9164.1863708496
59634584.8143081367 9042.9460525513
59826469.0766367018 9124.6656036377
58884558.3326682001 8833.0086975098
56845868.3878623694 7395.5329818726
56579115.6891963407 6986.6534914970
58671564.0104022250 8764.4028015137
