58698329.8643978909 8774.9344635010
56433820.5414531752 6543.7828388214
62506258.5408588052 9439.4151458740
56903137.2676993608 7689.8765068054
58565989.2351542264 8692.8085021973
60206273.1952378228 9332.3700561523
59767959.2521576583 9062.6421432495
58018001.2628720328 8589.3078079224
56545528.0835705251 7662.5438156128
56920994.4419556111 8328.7950248718
59769772.7627738565 9306.8706207275
58868799.6159254089 9018.8129730225
58494670.4288789108 8681.8634662628
59634584.8143081367 9042.9460525513
58671564.0104022250 8764.4028015137
