117538.3304908333 124062.4416537721
120711.1270634259 125335.2320602426
120235.2075775370 128039.9116739927
121187.0465493148 128039.9116739927
120711.1270634259 128676.3068772279
123090.7244928704 121039.5644384044
119442.0084343889 128676.3068772279
118807.4491198704 126448.9236659044
118331.5296339815 125176.1332594338
117696.9703194630 128517.2080764191
118014.2499767222 128994.5044788456
120076.5677489074 121835.0584424485
118807.4491198704 130267.2948853162
119600.6482630185 123426.0464505368
118807.4491198704 126926.2200683309
119442.0084343889 126289.8248650956
119124.7287771296 128039.9116739927
122614.8050069815 121994.1572432573
121187.0465493148 127085.3188691397
117538.3304908333 127085.3188691397
119283.3686057593 127721.7140723750
121821.6058638333 122153.2560440662
120076.5677489074 121516.8608408309
119283.3686057593 122948.7500481103
124359.8431219074 125494.3308610515

118648.8092912407 122471.4536456838
118172.8898053518 124857.9356578162
121028.4067206852 121835.0584424485
121980.2456924630 121357.7620400221
120552.4872347963 128199.0104748015
117696.9703194630 124221.5404545809
119917.9279202778 128039.9116739927
118807.4491198704 122312.3548448750
119917.9279202778 122471.4536456838
118648.8092912407 126130.7260642868
118648.8092912407 127721.7140723750
118966.0889485000 123266.9476497279
117538.3304908333 127403.5164707574
118966.0889485000 127403.5164707574
120076.5677489074 126608.0224667132
118648.8092912407 127244.4176699485
118331.5296339815 127403.5164707574
120711.1270634259 127880.8128731838
119124.7287771296 122789.6512473015
118331.5296339815 126608.0224667132
119917.9279202778 127244.4176699485
118014.2499767222 127085.3188691397
118172.8898053518 123903.3428529633
119442.0084343889 121198.6632392132
118807.4491198704 125812.5284626691

117855.6101480926 129153.6032796544
119600.6482630185 123266.9476497279
122138.8855210926 121039.5644384044
121028.4067206852 128835.4056780368
119442.0084343889 123585.1452513456
119283.3686057593 121835.0584424485
117696.9703194630 127721.7140723750
123883.9236360185 125812.5284626691
121821.6058638333 121516.8608408309
121028.4067206852 126926.2200683309
121821.6058638333 125494.3308610515
119759.2880916481 129630.8996820809
117379.6906622037 126926.2200683309
124042.5634646481 125017.0344586250
118490.1694626111 131221.8876901691
121345.6863779444 123744.2440521544
121028.4067206852 125971.6272634779
118807.4491198704 130108.1960845073
121345.6863779444 128517.2080764191
118490.1694626111 129153.6032796544
123249.3643215000 123744.2440521544
118014.2499767222 125971.6272634779
120235.2075775370 126130.7260642868
120076.5677489074 121516.8608408309
121821.6058638333 125812.5284626691

118490.1694626111 124698.8368570074
122138.8855210926 127403.5164707574
119124.7287771296 122948.7500481103
120711.1270634259 128199.0104748015
121028.4067206852 121198.6632392132
118490.1694626111 123744.2440521544
121187.0465493148 121675.9596416397
119124.7287771296 122471.4536456838
123249.3643215000 121357.7620400221
118648.8092912407 123107.8488489191
120711.1270634259 124698.8368570074
117379.6906622037 125653.4296618603
121504.3262065741 128517.2080764191
118807.4491198704 122630.5524464927
119759.2880916481 128039.9116739927
119442.0084343889 125653.4296618603
123249.3643215000 121516.8608408309
121504.3262065741 121994.1572432573
120076.5677489074 129153.6032796544
118014.2499767222 127721.7140723750
120393.8474061667 121516.8608408309
121821.6058638333 127562.6152715662
119442.0084343889 121675.9596416397
119600.6482630185 128199.0104748015
118172.8898053518 122789.6512473015

120393.8474061667 121357.7620400221
118807.4491198704 126767.1212675221
118807.4491198704 129789.9984828897
119283.3686057593 124221.5404545809
118172.8898053518 126926.2200683309
119600.6482630185 127721.7140723750
120235.2075775370 126767.1212675221
118966.0889485000 121994.1572432573
122773.4448356111 121835.0584424485
119917.9279202778 121198.6632392132
122297.5253497222 127562.6152715662
118014.2499767222 128994.5044788456
121028.4067206852 127562.6152715662
119759.2880916481 124698.8368570074
120869.7668920556 121198.6632392132
119124.7287771296 129630.8996820809
119124.7287771296 123585.1452513456
123090.7244928704 121675.9596416397
123883.9236360185 125653.4296618603
119759.2880916481 128199.0104748015
117855.6101480926 123585.1452513456
118331.5296339815 122471.4536456838
119759.2880916481 129630.8996820809
120235.2075775370 121835.0584424485
118014.2499767222 124539.7380561985

118966.0889485000 122789.6512473015
124677.1227791667 123903.3428529633
119600.6482630185 127880.8128731838
117855.6101480926 123266.9476497279
119442.0084343889 125017.0344586250
119124.7287771296 124539.7380561985
120076.5677489074 128676.3068772279
122297.5253497222 127403.5164707574
118966.0889485000 128676.3068772279
123566.6439787593 121039.5644384044
124518.4829505370 125971.6272634779
119759.2880916481 121675.9596416397
120552.4872347963 122471.4536456838
121187.0465493148 128199.0104748015
116903.7711763148 124380.6392553897
118966.0889485000 130267.2948853162
120076.5677489074 121516.8608408309
122138.8855210926 125017.0344586250
121187.0465493148 127403.5164707574
122297.5253497222 122312.3548448750
121980.2456924630 127085.3188691397
122932.0846642407 121198.6632392132
123566.6439787593 124857.9356578162
119124.7287771296 125176.1332594338
122456.1651783518 121835.0584424485

121662.9660352037 126926.2200683309
124042.5634646481 126448.9236659044
118172.8898053518 124698.8368570074
124042.5634646481 125494.3308610515
119124.7287771296 124539.7380561985
118966.0889485000 126926.2200683309
118014.2499767222 125653.4296618603
119600.6482630185 128994.5044788456
124201.2032932778 123585.1452513456
122138.8855210926 121039.5644384044
118331.5296339815 131221.8876901691
120393.8474061667 126608.0224667132
119283.3686057593 129949.0972836985
120552.4872347963 121516.8608408309
124835.7626077963 125812.5284626691
119124.7287771296 123426.0464505368
118490.1694626111 128039.9116739927
121504.3262065741 126448.9236659044
118807.4491198704 127880.8128731838
118172.8898053518 126767.1212675221
118966.0889485000 122312.3548448750
118966.0889485000 122630.5524464927
125311.6820936852 125335.2320602426
119283.3686057593 127721.7140723750
121504.3262065741 128039.9116739927

120393.8474061667 121198.6632392132
120076.5677489074 122153.2560440662
117379.6906622037 123585.1452513456
118331.5296339815 127721.7140723750
124201.2032932778 124062.4416537721
120076.5677489074 123107.8488489191
118648.8092912407 122630.5524464927
122614.8050069815 125812.5284626691
117379.6906622037 123903.3428529633
120711.1270634259 121516.8608408309
121821.6058638333 122471.4536456838
119600.6482630185 122153.2560440662
120235.2075775370 123903.3428529633
121662.9660352037 127721.7140723750
124518.4829505370 123744.2440521544
118172.8898053518 127085.3188691397
119283.3686057593 122153.2560440662
118966.0889485000 126608.0224667132
120235.2075775370 127721.7140723750
120869.7668920556 126289.8248650956
117062.4110049445 124380.6392553897
122773.4448356111 121675.9596416397
119124.7287771296 121516.8608408309
121187.0465493148 121198.6632392132
123249.3643215000 121357.7620400221

119124.7287771296 121198.6632392132
119600.6482630185 122153.2560440662
119442.0084343889 126608.0224667132
120393.8474061667 125335.2320602426
119124.7287771296 122630.5524464927
122297.5253497222 127244.4176699485
121504.3262065741 127880.8128731838
118172.8898053518 123585.1452513456
118807.4491198704 122312.3548448750
120869.7668920556 121198.6632392132
119600.6482630185 123426.0464505368
124677.1227791667 124062.4416537721
118490.1694626111 128039.9116739927
124994.4024364259 124857.9356578162
119442.0084343889 122153.2560440662
119442.0084343889 127085.3188691397
119917.9279202778 127403.5164707574
121187.0465493148 121835.0584424485
118648.8092912407 125653.4296618603
120235.2075775370 128199.0104748015
119124.7287771296 127085.3188691397
120076.5677489074 121994.1572432573
118014.2499767222 122948.7500481103
119442.0084343889 121198.6632392132
118172.8898053518 124857.9356578162

120235.2075775370 128039.9116739927
119124.7287771296 125812.5284626691
118807.4491198704 128358.1092756103
118648.8092912407 123107.8488489191
118172.8898053518 128676.3068772279
119600.6482630185 121835.0584424485
118490.1694626111 127562.6152715662
120235.2075775370 125494.3308610515
117379.6906622037 124062.4416537721
119917.9279202778 127562.6152715662
124518.4829505370 125653.4296618603
123725.2838073889 121039.5644384044
120869.7668920556 127880.8128731838
121821.6058638333 127880.8128731838
120076.5677489074 126767.1212675221
121504.3262065741 128199.0104748015
118490.1694626111 123903.3428529633
120393.8474061667 121198.6632392132
117696.9703194630 123426.0464505368
118490.1694626111 129153.6032796544
119442.0084343889 121357.7620400221
124994.4024364259 123903.3428529633
119283.3686057593 122471.4536456838
118807.4491198704 124698.8368570074
120235.2075775370 127403.5164707574

123566.6439787593 125494.3308610515
118331.5296339815 123426.0464505368
122614.8050069815 123744.2440521544
118807.4491198704 129153.6032796544
124359.8431219074 125494.3308610515
122614.8050069815 126448.9236659044
118648.8092912407 131062.7888893603
124359.8431219074 123903.3428529633
118331.5296339815 124698.8368570074
121028.4067206852 128199.0104748015
118807.4491198704 124539.7380561985
118014.2499767222 128358.1092756103
119600.6482630185 126289.8248650956
122456.1651783518 127403.5164707574
119283.3686057593 122789.6512473015
118807.4491198704 122153.2560440662
118966.0889485000 121835.0584424485
125153.0422650556 125494.3308610515
118807.4491198704 126448.9236659044
117855.6101480926 127244.4176699485
123090.7244928704 121675.9596416397
121662.9660352037 121357.7620400221
120076.5677489074 121198.6632392132
118966.0889485000 128358.1092756103
118648.8092912407 122948.7500481103

119283.3686057593 128039.9116739927
120869.7668920556 121675.9596416397
123566.6439787593 121039.5644384044
124201.2032932778 123585.1452513456
119124.7287771296 122153.2560440662
118966.0889485000 124380.6392553897
119759.2880916481 121516.8608408309
118490.1694626111 126767.1212675221
118966.0889485000 125653.4296618603
119759.2880916481 126767.1212675221
119442.0084343889 129630.8996820809
118490.1694626111 128358.1092756103
119283.3686057593 124857.9356578162
124518.4829505370 125494.3308610515
120869.7668920556 127562.6152715662
118172.8898053518 127085.3188691397
122456.1651783518 127085.3188691397
123408.0041501296 125176.1332594338
120393.8474061667 125971.6272634779
121821.6058638333 121357.7620400221
118172.8898053518 127403.5164707574
121821.6058638333 121675.9596416397
119283.3686057593 121675.9596416397
119759.2880916481 127562.6152715662
119759.2880916481 130108.1960845073

119759.2880916481 127880.8128731838
124042.5634646481 125653.4296618603
118014.2499767222 126130.7260642868
123408.0041501296 121357.7620400221
117696.9703194630 125017.0344586250
121821.6058638333 124380.6392553897
122297.5253497222 127721.7140723750
119600.6482630185 121835.0584424485
119917.9279202778 123585.1452513456
118966.0889485000 122312.3548448750
118490.1694626111 128994.5044788456
121821.6058638333 122312.3548448750
120076.5677489074 125971.6272634779
117855.6101480926 124221.5404545809
117696.9703194630 128039.9116739927
118331.5296339815 127403.5164707574
120235.2075775370 124380.6392553897
121821.6058638333 128199.0104748015
117855.6101480926 123107.8488489191
119917.9279202778 128039.9116739927
119442.0084343889 122153.2560440662
119124.7287771296 128517.2080764191
122297.5253497222 121198.6632392132
118490.1694626111 124539.7380561985
121504.3262065741 121198.6632392132

117221.0508335741 124062.4416537721
117855.6101480926 123107.8488489191
120076.5677489074 124857.9356578162
122932.0846642407 127244.4176699485
120552.4872347963 126289.8248650956
118172.8898053518 125653.4296618603
120393.8474061667 127562.6152715662
119283.3686057593 124698.8368570074
123883.9236360185 125494.3308610515
120711.1270634259 121198.6632392132
119759.2880916481 127562.6152715662
118172.8898053518 128994.5044788456
121345.6863779444 123744.2440521544
120552.4872347963 121994.1572432573
120711.1270634259 122471.4536456838
119124.7287771296 128039.9116739927
119124.7287771296 129153.6032796544
122773.4448356111 126767.1212675221
120076.5677489074 127244.4176699485
117696.9703194630 127244.4176699485
119283.3686057593 127721.7140723750
118807.4491198704 128676.3068772279
118490.1694626111 122948.7500481103
121980.2456924630 122312.3548448750
118331.5296339815 131062.7888893603

121187.0465493148 125653.4296618603
118966.0889485000 130267.2948853162
124518.4829505370 125971.6272634779
118331.5296339815 126448.9236659044
121187.0465493148 127085.3188691397
117538.3304908333 125176.1332594338
121821.6058638333 122153.2560440662
118807.4491198704 121675.9596416397
122456.1651783518 127562.6152715662
118331.5296339815 122312.3548448750
119917.9279202778 122630.5524464927
118014.2499767222 127880.8128731838
121345.6863779444 121198.6632392132
120393.8474061667 127244.4176699485
117538.3304908333 124539.7380561985
123566.6439787593 125971.6272634779
124042.5634646481 124857.9356578162
120711.1270634259 128358.1092756103
119124.7287771296 121516.8608408309
118014.2499767222 128676.3068772279
119124.7287771296 121198.6632392132
121980.2456924630 128039.9116739927
120711.1270634259 125812.5284626691
120393.8474061667 122471.4536456838
122614.8050069815 126926.2200683309

