61626972.8248040229 9199.4017181396
58494670.4288789108 8681.8634662628
57294314.5161288455 7681.1580314636
57875964.0131867155 8239.4005775452
57335432.5135805234 8106.5978622437
57287149.6961897016 7477.4126625061
60420451.7050698698 9164.1863708496
59634584.8143081367 9042.9460525513
59826469.0766367018 9124.6656036377
58884558.3326682001 8833.0086975098
58491462.4607108533 8249.9119319916
62163974.9371460676 9218.4504089355
56845868.3878623694 7395.5329818726
56579115.6891963407 6986.6534914970
58671564.0104022250 8764.4028015137
61449024.5130223706 9164.1923217773
58455812.4639206454 8239.4891738892
