129627.4808727167 129594.1115283333
129627.4808727167 129433.8392416667
130264.4705077833 127029.7549416667
128671.9964201167 128953.0223816667
130423.7179165500 128311.9332350000

129786.7282814833 129433.8392416667
128194.2541938167 128151.6609483333
129786.7282814833 128311.9332350000
128671.9964201167 128953.0223816667
129468.2334639500 129594.1115283333

130264.4705077833 128472.2055216667
127238.7697412167 129754.3838150000
129468.2334639500 129754.3838150000
129627.4808727167 129433.8392416667
128671.9964201167 128953.0223816667

129786.7282814833 129594.1115283333
129627.4808727167 129433.8392416667
129627.4808727167 129594.1115283333
130105.2230990167 129594.1115283333
129627.4808727167 130074.9283883333

