110086.3510488661 119483.0132166808
111996.8931976518 119965.4218804255
110563.9865860625 120287.0276562553
115021.9182665625 121734.2536474894
115499.5538037589 122055.8594233192
112156.1050433839 119965.4218804255
111837.6813519196 117070.9698979574
115499.5538037589 122538.2680870638
112156.1050433839 120287.0276562553
112315.3168891161 120930.2392079149

115021.9182665625 121895.0565354042
112633.7405805804 120608.6334320851
110723.1984317946 119643.8161045957
111360.0458147232 122216.6623112340
110086.3510488661 119965.4218804255
114703.4945750982 121251.8449837447
112315.3168891161 120608.6334320851
113907.4353464375 123342.2825266383
115817.9774952232 122216.6623112340
111678.4695061875 120608.6334320851

115817.9774952232 122377.4651991489
112633.7405805804 120930.2392079149
115340.3419580268 122055.8594233192
110404.7747403304 120769.4363200000
112315.3168891161 120769.4363200000
114066.6471921696 123020.6767508085
118206.1551812054 123985.4940782979
118524.5788726696 124307.0998541277
110723.1984317946 119000.6045529362
112156.1050433839 122538.2680870638

115340.3419580268 122055.8594233192
112156.1050433839 119965.4218804255
115817.9774952232 122377.4651991489
112315.3168891161 120769.4363200000
112315.3168891161 120608.6334320851
110723.1984317946 119161.4074408510
112633.7405805804 120930.2392079149
111996.8931976518 122699.0709749787
111200.8339689911 119161.4074408510
110563.9865860625 120287.0276562553

111837.6813519196 119804.6189925106
112156.1050433839 122216.6623112340
112792.9524263125 120608.6334320851
111837.6813519196 121091.0420958298
115021.9182665625 121734.2536474894
112474.5287348482 121091.0420958298
114703.4945750982 121412.6478716596
112315.3168891161 120769.4363200000
111200.8339689911 119965.4218804255
114225.8590379018 123663.8883024681

115499.5538037589 122377.4651991489
110404.7747403304 119804.6189925106
110723.1984317946 119965.4218804255
115021.9182665625 121734.2536474894
111360.0458147232 119804.6189925106
111996.8931976518 120126.2247683404
112315.3168891161 120608.6334320851
111678.4695061875 119965.4218804255
111837.6813519196 122055.8594233192
110404.7747403304 119965.4218804255

111837.6813519196 117070.9698979574
110882.4102775268 120447.8305441702
111837.6813519196 119804.6189925106
114225.8590379018 123020.6767508085
110563.9865860625 119322.2103287660
115977.1893409554 122377.4651991489
112633.7405805804 120930.2392079149
115340.3419580268 122055.8594233192
115658.7656494911 122055.8594233192
112315.3168891161 122859.8738628936

