34639970.6403472051 42.2659416199
37175788.1163210049 47.3421096802
37950655.9892400131 47.4767191410
35266913.6549162120 46.3550801277
36465101.4681164920 46.5610210896
34906435.3989428356 46.2064518929
36485770.7237952501 46.7502605915
34861931.5659259707 42.2731484771
36654905.4295773655 46.9673612118
34878851.1696045324 45.5277180672
34056425.6766693965 30.3931111470
34367743.6176925376 42.1267262399
34091975.4274098054 39.5274807215
35818469.7256811485 46.3746337891
37063056.4410226718 47.1408379078
