129044.5226878902 115665.2685312359
129530.0319801585 118205.1508464057
133575.9427490610 115824.0111759340
133899.6156105732 118522.6361358019
129368.1955494024 116617.7243994245
131957.5784415000 117570.1802676132
134546.9613335976 119475.0920039906
131310.2327184756 116617.7243994245
132119.4148722561 115506.5258865377
134870.6341951098 116300.2391100283
130177.3777031829 122173.7169638585
130339.2141339390 119792.5772933868
134708.7977643537 120586.2905168774
130986.5598569634 120903.7758062736
130501.0505646951 116776.4670441226

133899.6156105732 117887.6655570094
133575.9427490610 117252.6949782170
132604.9241645244 118998.8640698962
134708.7977643537 116935.2096888208
130501.0505646951 122332.4596085566
134385.1249028415 115824.0111759340
133737.7791798171 115506.5258865377
128720.8498263780 115982.7538206321
133414.1063183049 115982.7538206321
134546.9613335976 120586.2905168774
129530.0319801585 119792.5772933868
132928.5970260366 119475.0920039906
132443.0877337683 117570.1802676132
131633.9055799878 115982.7538206321
132119.4148722561 115030.2979524434

134223.2884720854 117887.6655570094
129530.0319801585 116617.7243994245
129368.1955494024 118840.1214251981
131795.7420107439 117093.9523335189
134385.1249028415 120110.0625827830
129206.3591186464 115982.7538206321
128882.6862571341 115824.0111759340
130986.5598569634 119316.3493592924
135194.3070566220 120745.0331615755
130015.5412724268 116776.4670441226
130501.0505646951 115824.0111759340
134546.9613335976 118681.3787805000
133252.2698875488 117252.6949782170
133575.9427490610 115824.0111759340
129530.0319801585 117887.6655570094

131795.7420107439 118522.6361358019
131957.5784415000 115189.0405971415
130662.8869954512 116458.9817547264
134061.4520413293 120110.0625827830
132443.0877337683 117728.9229123113
130662.8869954512 116776.4670441226
133414.1063183049 118998.8640698962
133414.1063183049 115665.2685312359
130824.7234262073 119951.3199380849
129206.3591186464 118046.4082017076
128882.6862571341 115824.0111759340
130339.2141339390 115347.7832418396
129853.7048416707 118522.6361358019
132443.0877337683 118681.3787805000
130015.5412724268 122014.9743191604

134546.9613335976 118998.8640698962
129206.3591186464 117728.9229123113
134870.6341951098 116776.4670441226
133575.9427490610 115347.7832418396
129368.1955494024 116458.9817547264
132766.7605952805 116300.2391100283
131148.3962877195 120427.5478721792
134546.9613335976 119792.5772933868
130824.7234262073 118205.1508464057
132766.7605952805 119157.6067145943
130177.3777031829 116300.2391100283
132281.2513030122 118205.1508464057
130177.3777031829 122173.7169638585
130339.2141339390 122332.4596085566
129853.7048416707 119316.3493592924

134546.9613335976 116617.7243994245
132604.9241645244 116617.7243994245
133252.2698875488 115506.5258865377
129530.0319801585 115982.7538206321
132604.9241645244 119157.6067145943
132443.0877337683 115347.7832418396
132281.2513030122 116458.9817547264
129530.0319801585 116300.2391100283
129530.0319801585 116617.7243994245
133252.2698875488 115189.0405971415
131957.5784415000 117570.1802676132
130824.7234262073 119633.8346486887
130824.7234262073 122014.9743191604
133737.7791798171 119951.3199380849
134870.6341951098 120903.7758062736

134870.6341951098 116935.2096888208
130015.5412724268 120110.0625827830
130662.8869954512 122014.9743191604
134061.4520413293 119951.3199380849
132766.7605952805 116300.2391100283
133575.9427490610 116776.4670441226
130015.5412724268 122173.7169638585
134223.2884720854 117728.9229123113
133575.9427490610 117252.6949782170
134546.9613335976 119475.0920039906
132604.9241645244 119157.6067145943
133090.4334567927 115506.5258865377
129691.8684109146 116935.2096888208
134385.1249028415 119792.5772933868
133252.2698875488 117093.9523335189

134870.6341951098 116141.4964653302
129206.3591186464 116458.9817547264
130986.5598569634 119475.0920039906
131310.2327184756 116935.2096888208
134385.1249028415 119475.0920039906
130339.2141339390 122332.4596085566
129853.7048416707 120586.2905168774
130824.7234262073 118363.8934911038
129853.7048416707 119633.8346486887
134385.1249028415 119951.3199380849
129853.7048416707 118205.1508464057
130662.8869954512 118046.4082017076
129691.8684109146 120110.0625827830
132766.7605952805 118840.1214251981
133575.9427490610 115982.7538206321

133737.7791798171 116935.2096888208
134870.6341951098 117570.1802676132
130339.2141339390 122491.2022532547
130339.2141339390 118046.4082017076
133899.6156105732 117570.1802676132
130177.3777031829 117887.6655570094
129368.1955494024 115665.2685312359
129853.7048416707 115824.0111759340
133090.4334567927 118998.8640698962
130015.5412724268 122332.4596085566
129206.3591186464 118363.8934911038
131472.0691492317 115506.5258865377
135032.4706258659 121062.5184509717
130339.2141339390 122332.4596085566
130339.2141339390 118363.8934911038

130824.7234262073 118205.1508464057
133252.2698875488 115506.5258865377
134708.7977643537 115030.2979524434
130339.2141339390 116776.4670441226
129530.0319801585 116776.4670441226
130339.2141339390 119633.8346486887
130986.5598569634 120268.8052274811
133899.6156105732 116141.4964653302
131472.0691492317 118205.1508464057
131472.0691492317 115347.7832418396
130015.5412724268 122332.4596085566
134708.7977643537 117728.9229123113
134546.9613335976 119157.6067145943
132281.2513030122 118046.4082017076
134546.9613335976 119951.3199380849

132119.4148722561 115982.7538206321
133737.7791798171 114712.8126630472
129853.7048416707 121221.2610956698
129530.0319801585 118840.1214251981
129206.3591186464 118522.6361358019
128882.6862571341 116300.2391100283
132604.9241645244 117728.9229123113
132766.7605952805 115982.7538206321
130339.2141339390 119792.5772933868
134708.7977643537 119633.8346486887
135032.4706258659 120110.0625827830
131148.3962877195 115347.7832418396
133090.4334567927 119316.3493592924
130501.0505646951 116141.4964653302
130177.3777031829 116617.7243994245

134385.1249028415 116935.2096888208
133090.4334567927 119475.0920039906
129530.0319801585 118998.8640698962
131310.2327184756 118363.8934911038
135032.4706258659 120745.0331615755
128720.8498263780 115824.0111759340
134546.9613335976 115665.2685312359
129530.0319801585 116617.7243994245
132604.9241645244 116300.2391100283
132928.5970260366 118998.8640698962
130662.8869954512 119157.6067145943
134546.9613335976 120427.5478721792
134385.1249028415 117728.9229123113
130339.2141339390 118205.1508464057
130339.2141339390 122173.7169638585

129206.3591186464 117887.6655570094
131633.9055799878 118522.6361358019
130501.0505646951 121538.7463850660
134546.9613335976 119157.6067145943
133252.2698875488 119157.6067145943
134870.6341951098 115665.2685312359
134870.6341951098 120745.0331615755
130824.7234262073 121697.4890297642
130501.0505646951 115347.7832418396
130824.7234262073 118205.1508464057
132766.7605952805 115982.7538206321
130662.8869954512 122173.7169638585
129530.0319801585 120110.0625827830
129368.1955494024 118205.1508464057
133899.6156105732 118046.4082017076

130015.5412724268 118681.3787805000
132766.7605952805 119157.6067145943
129206.3591186464 116141.4964653302
128882.6862571341 115665.2685312359
130824.7234262073 118205.1508464057
133899.6156105732 117570.1802676132
130339.2141339390 119475.0920039906
130662.8869954512 122173.7169638585
130662.8869954512 118522.6361358019
129530.0319801585 115665.2685312359
134546.9613335976 118840.1214251981
129206.3591186464 116458.9817547264
132766.7605952805 115982.7538206321
130339.2141339390 121856.2316744623
131795.7420107439 115347.7832418396

