33894011.3405736461 35.4227047116
36007343.2219990417 46.8242125511
34414720.8524994329 43.0179610252
35759477.7510282621 46.5991151333
36380399.3853391781 47.4429845810
36988529.9988176003 47.4547748566
34067150.1454362273 38.4017983824
34737946.8660542518 45.1894527674
37588703.7645347416 47.4879572392
36263848.3531811312 46.8248178959
35266913.6549162120 46.3550801277
34906435.3989428356 46.2064518929
34878851.1696045324 45.5277180672
34367743.6176925376 42.1267262399
34091975.4274098054 39.5274807215
