24126177.2254465148 4425.1778869629
22359494.4027222283 2804.1826815605
22378255.7781837732 3138.2979187965
22672852.9935350828 3642.2518157959
23602074.2329412028 4317.1936798096
24330529.3712709770 4496.6783142090
22860046.2785613090 4037.1991424561
22944221.2770103961 4121.6892700195
22498781.2860794738 3621.4850769043
23133258.9691156298 4273.1102142334
23777496.4697321281 4414.3976135254
24235883.6146476343 4425.6444702148
23685575.4215102270 4381.6184082031
23499303.4057779126 4288.9517974854
22066228.7465378046 2231.5910167694
22685792.0212629735 3846.0075683594
23618200.1281119846 4369.4418945312
