24003957.5058486611 4413.2470703125
22589212.1633226387 3534.6742858887
22528709.2488918602 2980.0366859436
22626771.0751625076 3603.7259826660
24235883.6146476343 4425.6444702148
22968358.0410611406 4096.7414093018
23685575.4215102270 4381.6184082031
24449171.1185789853 4496.6783142090
23213504.6494557187 4248.3530426025
23499303.4057779126 4288.9517974854
22066228.7465378046 2231.5910167694
22509937.1780047379 2333.3249807358
22685792.0212629735 3846.0075683594
22570652.6917522699 3207.4932518005
23618200.1281119846 4369.4418945312
