22369668.8434603959 3377.9675102234
23273960.0453585386 4364.5549163818
22215661.2180006430 2409.5435945988
23511266.1722000167 4377.4369506836
23569369.7682731897 4389.2329711914
22370437.9893587716 3722.5993156433
22895531.7854443155 4043.2143554688
23671796.8486185595 4407.7870483398
23823855.9724234492 4496.6783142090
22243583.9704167545 2887.0989227295
22253236.3897442669 3320.5945787430
23181100.7621542141 4287.2354125977
22652775.8208394200 3790.2259178162
22802723.1699858010 3986.1164283752
22860046.2785613090 4037.1991424561
22944221.2770103961 4121.6892700195
23133258.9691156298 4273.1102142334
23777496.4697321281 4414.3976135254
22066228.7465378046 2231.5910167694
22685792.0212629735 3846.0075683594
