22895531.7854443155 4043.2143554688
23671796.8486185595 4407.7870483398
23823855.9724234492 4496.6783142090
22243583.9704167545 2887.0989227295
22253236.3897442669 3320.5945787430
23181100.7621542141 4287.2354125977
23541120.0245606974 4309.8286743164
23667223.4751836807 4379.0381774902
22652775.8208394200 3790.2259178162
23440472.3452391662 4296.2976837158
22802723.1699858010 3986.1164283752
23602074.2329412028 4317.1936798096
22860046.2785613090 4037.1991424561
22944221.2770103961 4121.6892700195
22498781.2860794738 3621.4850769043
23133258.9691156298 4273.1102142334
23777496.4697321281 4414.3976135254
22066228.7465378046 2231.5910167694
22685792.0212629735 3846.0075683594
23618200.1281119846 4369.4418945312
