23541120.0245606974 4309.8286743164
23667223.4751836807 4379.0381774902
22652775.8208394200 3790.2259178162
23440472.3452391662 4296.2976837158
22802723.1699858010 3986.1164283752
24106426.1973716207 4445.2936096191
22359494.4027222283 2804.1826815605
22378255.7781837732 3138.2979187965
23602074.2329412028 4317.1936798096
24330529.3712709770 4496.6783142090
22860046.2785613090 4037.1991424561
22944221.2770103961 4121.6892700195
22498781.2860794738 3621.4850769043
23133258.9691156298 4273.1102142334
23777496.4697321281 4414.3976135254
23685575.4215102270 4381.6184082031
22066228.7465378046 2231.5910167694
22685792.0212629735 3846.0075683594
23618200.1281119846 4369.4418945312
