115340.3419580268 121895.0565354042
111360.0458147232 120126.2247683404
112474.5287348482 120126.2247683404
112474.5287348482 121091.0420958298
115340.3419580268 121734.2536474894
111996.8931976518 122538.2680870638
118365.3670269375 124146.2969662128
111837.6813519196 121091.0420958298
114225.8590379018 121573.4507595745
112315.3168891161 120608.6334320851

112315.3168891161 120126.2247683404
114385.0708836339 123985.4940782979
111837.6813519196 122055.8594233192
112315.3168891161 120769.4363200000
115181.1301122946 122377.4651991489
112633.7405805804 123342.2825266383
110245.5628945982 120126.2247683404
110882.4102775268 123020.6767508085
111996.8931976518 119643.8161045957
113748.2235007054 122699.0709749787

111996.8931976518 120608.6334320851
110723.1984317946 119000.6045529362
112315.3168891161 120769.4363200000
113270.5879635089 123020.6767508085
110245.5628945982 120126.2247683404
112315.3168891161 120608.6334320851
112633.7405805804 120930.2392079149
111360.0458147232 119965.4218804255
110404.7747403304 120287.0276562553
111678.4695061875 120608.6334320851

111200.8339689911 118678.9987771064
118206.1551812054 123985.4940782979
112156.1050433839 122377.4651991489
111678.4695061875 119322.2103287660
114225.8590379018 123181.4796387234
111996.8931976518 120447.8305441702
110882.4102775268 119161.4074408510
112474.5287348482 121091.0420958298
110563.9865860625 122859.8738628936
112474.5287348482 123342.2825266383

111837.6813519196 117070.9698979574
113270.5879635089 123342.2825266383
112156.1050433839 123503.0854145532
110563.9865860625 120608.6334320851
110086.3510488661 119965.4218804255
112156.1050433839 119643.8161045957
113907.4353464375 123020.6767508085
112792.9524263125 122699.0709749787
111041.6221232589 119965.4218804255
110404.7747403304 120930.2392079149

112474.5287348482 121091.0420958298
111678.4695061875 120930.2392079149
111837.6813519196 122055.8594233192
110723.1984317946 119161.4074408510
114066.6471921696 122859.8738628936
115977.1893409554 122216.6623112340
111837.6813519196 119643.8161045957
112315.3168891161 120447.8305441702
111996.8931976518 122699.0709749787
112315.3168891161 120930.2392079149

115340.3419580268 121734.2536474894
111996.8931976518 123020.6767508085
112156.1050433839 123503.0854145532
110245.5628945982 120769.4363200000
112315.3168891161 120287.0276562553
110404.7747403304 120126.2247683404
112156.1050433839 120608.6334320851
114066.6471921696 123342.2825266383
111678.4695061875 121251.8449837447
111041.6221232589 119643.8161045957

118365.3670269375 124146.2969662128
111837.6813519196 117070.9698979574
112952.1642720446 120287.0276562553
111837.6813519196 119322.2103287660
110404.7747403304 121895.0565354042
110404.7747403304 120287.0276562553
113270.5879635089 123020.6767508085
110882.4102775268 121251.8449837447
111678.4695061875 119965.4218804255
110404.7747403304 119965.4218804255

115340.3419580268 121734.2536474894
111678.4695061875 120769.4363200000
112792.9524263125 123020.6767508085
111041.6221232589 122699.0709749787
112315.3168891161 120447.8305441702
111678.4695061875 122055.8594233192
110882.4102775268 123181.4796387234
112315.3168891161 119483.0132166808
112952.1642720446 121895.0565354042
112315.3168891161 120769.4363200000

110404.7747403304 119965.4218804255
112315.3168891161 120769.4363200000
115977.1893409554 122377.4651991489
111678.4695061875 119322.2103287660
111837.6813519196 119804.6189925106
111360.0458147232 119483.0132166808
110563.9865860625 119965.4218804255
112474.5287348482 121091.0420958298
113907.4353464375 123181.4796387234
115499.5538037589 122377.4651991489

112792.9524263125 119965.4218804255
110404.7747403304 119483.0132166808
112474.5287348482 121091.0420958298
111519.2576604554 121091.0420958298
112315.3168891161 120447.8305441702
112315.3168891161 120769.4363200000
112315.3168891161 120126.2247683404
112156.1050433839 120287.0276562553
115817.9774952232 122216.6623112340
113748.2235007054 123020.6767508085

110563.9865860625 120447.8305441702
112952.1642720446 121412.6478716596
110245.5628945982 119804.6189925106
111519.2576604554 122538.2680870638
114225.8590379018 123020.6767508085
111996.8931976518 119483.0132166808
118365.3670269375 124146.2969662128
115499.5538037589 121895.0565354042
111837.6813519196 122055.8594233192
112156.1050433839 123503.0854145532

118365.3670269375 124146.2969662128
110882.4102775268 119322.2103287660
113748.2235007054 123181.4796387234
112156.1050433839 120287.0276562553
111837.6813519196 117070.9698979574
112633.7405805804 119965.4218804255
110245.5628945982 120287.0276562553
118206.1551812054 123985.4940782979
112315.3168891161 120930.2392079149
111519.2576604554 122699.0709749787

113589.0116549732 123020.6767508085
111837.6813519196 122377.4651991489
112156.1050433839 119965.4218804255
113907.4353464375 122859.8738628936
111996.8931976518 121091.0420958298
112156.1050433839 120608.6334320851
112474.5287348482 119965.4218804255
115340.3419580268 121895.0565354042
118046.9433354732 123985.4940782979
110723.1984317946 122699.0709749787

111519.2576604554 117553.3785617021
112633.7405805804 123342.2825266383
112156.1050433839 119643.8161045957
111041.6221232589 119643.8161045957
110404.7747403304 119643.8161045957
112156.1050433839 119965.4218804255
110723.1984317946 120126.2247683404
112633.7405805804 120930.2392079149
118365.3670269375 124146.2969662128
110245.5628945982 120447.8305441702

110723.1984317946 119643.8161045957
111996.8931976518 120287.0276562553
113907.4353464375 122859.8738628936
112315.3168891161 120930.2392079149
111837.6813519196 123342.2825266383
112315.3168891161 119483.0132166808
111996.8931976518 119965.4218804255
110563.9865860625 120287.0276562553
117250.8841068125 123503.0854145532
114385.0708836339 123503.0854145532

112315.3168891161 120930.2392079149
111996.8931976518 121091.0420958298
112474.5287348482 120126.2247683404
111837.6813519196 122538.2680870638
112474.5287348482 119483.0132166808
110723.1984317946 119483.0132166808
112952.1642720446 122699.0709749787
111996.8931976518 120287.0276562553
113748.2235007054 122699.0709749787
110723.1984317946 122216.6623112340

111360.0458147232 122699.0709749787
111837.6813519196 117070.9698979574
110563.9865860625 122859.8738628936
112633.7405805804 119643.8161045957
111996.8931976518 122216.6623112340
110882.4102775268 120126.2247683404
115499.5538037589 122055.8594233192
110882.4102775268 119643.8161045957
111678.4695061875 122538.2680870638
110404.7747403304 120287.0276562553

111041.6221232589 119322.2103287660
111996.8931976518 119643.8161045957
112633.7405805804 120608.6334320851
111996.8931976518 121091.0420958298
114544.2827293661 121573.4507595745
111996.8931976518 120126.2247683404
115340.3419580268 122055.8594233192
111837.6813519196 120287.0276562553
115499.5538037589 122055.8594233192
112474.5287348482 120608.6334320851

113589.0116549732 123020.6767508085
113907.4353464375 121412.6478716596
111837.6813519196 122055.8594233192
115021.9182665625 121573.4507595745
111678.4695061875 120930.2392079149
111837.6813519196 119322.2103287660
118365.3670269375 124146.2969662128
112474.5287348482 121091.0420958298
111996.8931976518 119804.6189925106
112156.1050433839 120287.0276562553

