58898320.6465522423 656629.7939453125
58006694.4653369039 644131.1113281250
58442520.9256015271 644611.6796875000
59528002.2767315060 657214.7089843750
57889475.5281955898 639432.1914062500
56930850.5892930478 627915.0966796875
59173511.6349120811 656762.8339843750
58540346.5215061978 651717.4433593750
56699149.2379897833 616815.1425781250
57464910.1372980922 629052.3017578125
60177753.7662273049 664586.2753906250
60792756.3020445481 667157.2285156250
59907233.4903280437 657323.0058593750
60358374.3276549503 665084.9785156250
57581931.4053998291 635409.0488281250
