119917.9279202778 121835.0584424485
117538.3304908333 127721.7140723750
121504.3262065741 127562.6152715662
119124.7287771296 124698.8368570074
120711.1270634259 122153.2560440662
118490.1694626111 127880.8128731838
117696.9703194630 123585.1452513456
119759.2880916481 122471.4536456838
118807.4491198704 127721.7140723750
123566.6439787593 123744.2440521544
118331.5296339815 126289.8248650956
124677.1227791667 124698.8368570074
122138.8855210926 127880.8128731838
120393.8474061667 127244.4176699485
120711.1270634259 125176.1332594338
121980.2456924630 121357.7620400221
122773.4448356111 124857.9356578162
119759.2880916481 126926.2200683309
119124.7287771296 128199.0104748015
120076.5677489074 121357.7620400221
119442.0084343889 127085.3188691397
121504.3262065741 121835.0584424485
119600.6482630185 128517.2080764191
120235.2075775370 121994.1572432573
120869.7668920556 121675.9596416397

121980.2456924630 126130.7260642868
118172.8898053518 123585.1452513456
117538.3304908333 126448.9236659044
119759.2880916481 128039.9116739927
117538.3304908333 124062.4416537721
118807.4491198704 129312.7020804632
120393.8474061667 128039.9116739927
121504.3262065741 127085.3188691397
124677.1227791667 125335.2320602426
120711.1270634259 121835.0584424485
122773.4448356111 124698.8368570074
121028.4067206852 121675.9596416397
120076.5677489074 126448.9236659044
121504.3262065741 128358.1092756103
124677.1227791667 123744.2440521544
118807.4491198704 122789.6512473015
118966.0889485000 121516.8608408309
121345.6863779444 121198.6632392132
117379.6906622037 125017.0344586250
124201.2032932778 124062.4416537721
121504.3262065741 121994.1572432573
120235.2075775370 122312.3548448750
119442.0084343889 121835.0584424485
118807.4491198704 128039.9116739927
117855.6101480926 128358.1092756103

117855.6101480926 125017.0344586250
119124.7287771296 128517.2080764191
122456.1651783518 127403.5164707574
118172.8898053518 123903.3428529633
122138.8855210926 121357.7620400221
118014.2499767222 128676.3068772279
120552.4872347963 127085.3188691397
119283.3686057593 123107.8488489191
122297.5253497222 121675.9596416397
122614.8050069815 125812.5284626691
120869.7668920556 121516.8608408309
120711.1270634259 122312.3548448750
118331.5296339815 125971.6272634779
119124.7287771296 122312.3548448750
119917.9279202778 123585.1452513456
118172.8898053518 122471.4536456838
118172.8898053518 127721.7140723750
120711.1270634259 127880.8128731838
121504.3262065741 128039.9116739927
118331.5296339815 128517.2080764191
119759.2880916481 127244.4176699485
119917.9279202778 121516.8608408309
119917.9279202778 121994.1572432573
118648.8092912407 125812.5284626691
119917.9279202778 127880.8128731838

124518.4829505370 125812.5284626691
119917.9279202778 122789.6512473015
119124.7287771296 122789.6512473015
122297.5253497222 121198.6632392132
123725.2838073889 126130.7260642868
117379.6906622037 124221.5404545809
121504.3262065741 123903.3428529633
123883.9236360185 125335.2320602426
122297.5253497222 127403.5164707574
118807.4491198704 129949.0972836985
118807.4491198704 125812.5284626691
119283.3686057593 123585.1452513456
121345.6863779444 127721.7140723750
121187.0465493148 125653.4296618603
121028.4067206852 121357.7620400221
120076.5677489074 121675.9596416397
119124.7287771296 121198.6632392132
118490.1694626111 127244.4176699485
121662.9660352037 127085.3188691397
122932.0846642407 121198.6632392132
120393.8474061667 121675.9596416397
118014.2499767222 129789.9984828897
118966.0889485000 125176.1332594338
118490.1694626111 128517.2080764191
117696.9703194630 128039.9116739927

119759.2880916481 124380.6392553897
119283.3686057593 122471.4536456838
118966.0889485000 127403.5164707574
122614.8050069815 121198.6632392132
119917.9279202778 127880.8128731838
118490.1694626111 123903.3428529633
118014.2499767222 128994.5044788456
118331.5296339815 127085.3188691397
123408.0041501296 125653.4296618603
121187.0465493148 127244.4176699485
119124.7287771296 121994.1572432573
122456.1651783518 121675.9596416397
119600.6482630185 122789.6512473015
121504.3262065741 121835.0584424485
120869.7668920556 121675.9596416397
118807.4491198704 123266.9476497279
119917.9279202778 123744.2440521544
122297.5253497222 127721.7140723750
119917.9279202778 126767.1212675221
118331.5296339815 128517.2080764191
118490.1694626111 127403.5164707574
119600.6482630185 121675.9596416397
120235.2075775370 121198.6632392132
117221.0508335741 125494.3308610515
121187.0465493148 121357.7620400221

124042.5634646481 126130.7260642868
118648.8092912407 127244.4176699485
119917.9279202778 127721.7140723750
121980.2456924630 122153.2560440662
120711.1270634259 126767.1212675221
119124.7287771296 126767.1212675221
121187.0465493148 121835.0584424485
119600.6482630185 121994.1572432573
120235.2075775370 121835.0584424485
120393.8474061667 121994.1572432573
119759.2880916481 128039.9116739927
121980.2456924630 127244.4176699485
118966.0889485000 128039.9116739927
121821.6058638333 127721.7140723750
118648.8092912407 123107.8488489191
122456.1651783518 127562.6152715662
118331.5296339815 128358.1092756103
117538.3304908333 126448.9236659044
118807.4491198704 122471.4536456838
119124.7287771296 122153.2560440662
119917.9279202778 127403.5164707574
118966.0889485000 128199.0104748015
118014.2499767222 122948.7500481103
123566.6439787593 125494.3308610515
118331.5296339815 125335.2320602426

119759.2880916481 125335.2320602426
121028.4067206852 122153.2560440662
119442.0084343889 121994.1572432573
119917.9279202778 121994.1572432573
119283.3686057593 129630.8996820809
123408.0041501296 121357.7620400221
118172.8898053518 126448.9236659044
122138.8855210926 121357.7620400221
122773.4448356111 125494.3308610515
120711.1270634259 128199.0104748015
117696.9703194630 128199.0104748015
121821.6058638333 121516.8608408309
118966.0889485000 126130.7260642868
118966.0889485000 123107.8488489191
117538.3304908333 123426.0464505368
120393.8474061667 127085.3188691397
123725.2838073889 124698.8368570074
121345.6863779444 125176.1332594338
122614.8050069815 121675.9596416397
118331.5296339815 130267.2948853162
118807.4491198704 122153.2560440662
121980.2456924630 122471.4536456838
120869.7668920556 121198.6632392132
123883.9236360185 125971.6272634779
121821.6058638333 126767.1212675221

120076.5677489074 121835.0584424485
118172.8898053518 128676.3068772279
120869.7668920556 121835.0584424485
123725.2838073889 126448.9236659044
119600.6482630185 121994.1572432573
122932.0846642407 127244.4176699485
121980.2456924630 121835.0584424485
119917.9279202778 124380.6392553897
118490.1694626111 124857.9356578162
118807.4491198704 122789.6512473015
118172.8898053518 124857.9356578162
118490.1694626111 127244.4176699485
119917.9279202778 126130.7260642868
117538.3304908333 127244.4176699485
118966.0889485000 127085.3188691397
124042.5634646481 124062.4416537721
117855.6101480926 129153.6032796544
119283.3686057593 125653.4296618603
122138.8855210926 121039.5644384044
119124.7287771296 121994.1572432573
118648.8092912407 123107.8488489191
120552.4872347963 126767.1212675221
121662.9660352037 127880.8128731838
124677.1227791667 125812.5284626691
117379.6906622037 124062.4416537721

121504.3262065741 121198.6632392132
119759.2880916481 127244.4176699485
118966.0889485000 127562.6152715662
118807.4491198704 125812.5284626691
123090.7244928704 124062.4416537721
122456.1651783518 127244.4176699485
121662.9660352037 122471.4536456838
117855.6101480926 125653.4296618603
117221.0508335741 123903.3428529633
117855.6101480926 128835.4056780368
118490.1694626111 129153.6032796544
125311.6820936852 125335.2320602426
124994.4024364259 125653.4296618603
118014.2499767222 129789.9984828897
120869.7668920556 126448.9236659044
121028.4067206852 128835.4056780368
120393.8474061667 123107.8488489191
118648.8092912407 124857.9356578162
119283.3686057593 122630.5524464927
120393.8474061667 126289.8248650956
120552.4872347963 122312.3548448750
124994.4024364259 123903.3428529633
120235.2075775370 121198.6632392132
121345.6863779444 121675.9596416397
120552.4872347963 124062.4416537721

