56886066.0276994258 618076.7470703125
64021204.1471863538 668725.5957031250
57962263.3146864548 645623.2148437500
59565044.4101403877 657934.9511718750
57142375.1282465681 632473.9570312500
59802272.5661978647 663258.8515625000
57986656.3609564155 647629.6582031250
58385395.6626495868 651860.6757812500
57825781.8038179055 641821.2167968750
57372526.9265184477 635137.3496093750
58112854.6023423672 648187.4082031250
58715268.0817331225 653193.2539062500
58898320.6465522423 656629.7939453125
59528002.2767315060 657214.7089843750
56930850.5892930478 627915.0966796875
59173511.6349120811 656762.8339843750
56699149.2379897833 616815.1425781250
60177753.7662273049 664586.2753906250
60792756.3020445481 667157.2285156250
60358374.3276549503 665084.9785156250
57581931.4053998291 635409.0488281250
