48841539.3715618476 163741.0944824219
51223929.8817738071 166764.7453613281
47781043.8690962344 151960.6979980469
46683071.6135185435 132736.5202178955
49136871.9308669418 164659.5759277344
46048393.8170522079 120385.5868530273
46664127.8404661939 128612.7021484375
48384353.1894974113 161259.1916503906
46978127.8708506227 144952.5288085938
46912146.4930980131 133019.0010681152
50672646.6221491247 166650.4018554688
47117930.0780153051 149128.0468750000
48077640.1440877020 156069.5429687500
48228183.0690683424 158167.6558837891
46943062.2958628833 141835.0977783203
50117192.3234345391 165414.6452636719
