50672646.6221491247 166650.4018554688
47117930.0780153051 149128.0468750000
48077640.1440877020 156069.5429687500
46401902.7063656002 104642.9334106445
46858439.8580720127 122317.5494384766
49247344.9878286198 162101.5021972656
48836789.5061101913 158318.6681518555
49117689.3325572684 158455.1879882812
46859548.4313221276 127792.4972534180
48228183.0690683424 158167.6558837891
46711460.5822946951 119290.9771270752
49305357.2959379628 162378.1772460938
46943062.2958628833 141835.0977783203
48074545.0444226786 151367.3292236328
46600305.5481604040 117315.3822631836
50117192.3234345391 165414.6452636719
