49176097.5022213161 158370.2496337891
47744439.8283270150 144792.5011596680
48500662.8253609464 155415.3527832031
46711460.5822946951 119290.9771270752
47748521.6209154800 147441.5819091797
49305357.2959379628 162378.1772460938
46943062.2958628833 141835.0977783203
48074545.0444226786 151367.3292236328
48975251.9449956492 157184.2814941406
46600305.5481604040 117315.3822631836
48647972.6160946786 156665.1531982422
46562030.1848123744 104091.9962310791
48230691.6053435206 151546.5166625977
48976559.1432247013 157509.8134765625
50117192.3234345391 165414.6452636719
48455356.8633656427 154145.7432861328
