46607653.8669377714 130568.3184814453
47651155.2686191797 149840.1667480469
48910906.4538673908 168010.0605468750
48841539.3715618476 163741.0944824219
47781043.8690962344 151960.6979980469
46683071.6135185435 132736.5202178955
46048393.8170522079 120385.5868530273
48384353.1894974113 161259.1916503906
46978127.8708506227 144952.5288085938
46912146.4930980131 133019.0010681152
47117930.0780153051 149128.0468750000
48077640.1440877020 156069.5429687500
48228183.0690683424 158167.6558837891
46943062.2958628833 141835.0977783203
