49127994.5404969603 160369.0118408203
46281253.5561172068 115434.1762700081
46240441.3004266694 99852.3369924128
49678652.8611311391 162414.2353515625
46689483.7552740574 127096.8867950439
46743468.0397456586 127523.2947387695
46841812.0535574928 127743.3340454102
50672646.6221491247 166650.4018554688
47117930.0780153051 149128.0468750000
48077640.1440877020 156069.5429687500
49247344.9878286198 162101.5021972656
48836789.5061101913 158318.6681518555
49117689.3325572684 158455.1879882812
46859548.4313221276 127792.4972534180
48228183.0690683424 158167.6558837891
49305357.2959379628 162378.1772460938
46943062.2958628833 141835.0977783203
48074545.0444226786 151367.3292236328
46600305.5481604040 117315.3822631836
50117192.3234345391 165414.6452636719
