124031.6686237018 115537.5798851573
119099.6286962632 114245.0851233100
125781.7473076316 113760.3995876173
124827.1589345789 114245.0851233100
127213.6298672105 116345.3891113118
120849.7073801930 114406.6469685409
122281.5899397719 114406.6469685409
119576.9228827895 112306.3429805391
124668.0608724035 115214.4561946955
124986.2569967544 114083.5232780791
124349.8647480526 115376.0180399264
120531.5112558421 117476.3220279282
121167.9035045439 114406.6469685409
119736.0209449649 111660.0955996155
121804.2957532456 114729.7706590028
121645.1976910702 114891.3325042337
121963.3938154210 113275.7140519246
122440.6880019474 113921.9614328482
119258.7267584386 112952.5903614627
120213.3151314912 115699.1417303882

122440.6880019474 115214.4561946955
125145.3550589298 114729.7706590028
120849.7073801930 118607.2549445446
121167.9035045439 114245.0851233100
123872.5705615263 115537.5798851573
127213.6298672105 116668.5128017737
119895.1190071403 114729.7706590028
124190.7666858772 115052.8943494646
121167.9035045439 114083.5232780791
126099.9434319825 116183.8272660810
126577.2376185088 113598.8377423864
121486.0996288947 114891.3325042337
120531.5112558421 116830.0746470046
122440.6880019474 114891.3325042337
121486.0996288947 114245.0851233100
119417.8248206140 115214.4561946955
121804.2957532456 113275.7140519246
124827.1589345789 114729.7706590028
124508.9628102281 112952.5903614627
120213.3151314912 112952.5903614627

124190.7666858772 115699.1417303882
122599.7860641228 114729.7706590028
121645.1976910702 114568.2088137719
121963.3938154210 113598.8377423864
121327.0015667193 113437.2758971555
120213.3151314912 115699.1417303882
126736.3356806842 114083.5232780791
122917.9821884737 115376.0180399264
123713.4724993509 113921.9614328482
119895.1190071403 115052.8943494646
126099.9434319825 114406.6469685409
120849.7073801930 118284.1312540828
127850.0221159123 116022.2654208500
126418.1395563333 116183.8272660810
124508.9628102281 113921.9614328482
121008.8054423684 112629.4666710009
127054.5318050351 115699.1417303882
125304.4531211053 114083.5232780791
120531.5112558421 116183.8272660810
127372.7279293860 116345.3891113118

123872.5705615263 115537.5798851573
122440.6880019474 114729.7706590028
126418.1395563333 112629.4666710009
120849.7073801930 118122.5694088519
122440.6880019474 113275.7140519246
120372.4131936667 115699.1417303882
121486.0996288947 114568.2088137719
125940.8453698070 114406.6469685409
124508.9628102281 115537.5798851573
124190.7666858772 115537.5798851573
125463.5511832807 114245.0851233100
126895.4337428596 116506.9509565428
119099.6286962632 114245.0851233100
119576.9228827895 112629.4666710009
120054.2170693158 115699.1417303882
127213.6298672105 116668.5128017737
123077.0802506491 114406.6469685409
119576.9228827895 115376.0180399264
124827.1589345789 115052.8943494646
123554.3744371754 113437.2758971555

125463.5511832807 114568.2088137719
124508.9628102281 115860.7035756191
122122.4918775965 114406.6469685409
127213.6298672105 116668.5128017737
127531.8259915614 115860.7035756191
123077.0802506491 113114.1522066937
126577.2376185088 116506.9509565428
121804.2957532456 114245.0851233100
120531.5112558421 114891.3325042337
120531.5112558421 115860.7035756191
124190.7666858772 112952.5903614627
127054.5318050351 114568.2088137719
126736.3356806842 113437.2758971555
122758.8841262982 115376.0180399264
121327.0015667193 114729.7706590028
118940.5306340877 113760.3995876173
120213.3151314912 117153.1983374664
126418.1395563333 114729.7706590028
124827.1589345789 115537.5798851573
124827.1589345789 112952.5903614627

121963.3938154210 115052.8943494646
120531.5112558421 112306.3429805391
121486.0996288947 114568.2088137719
120054.2170693158 116830.0746470046
126736.3356806842 114245.0851233100
124986.2569967544 115537.5798851573
124031.6686237018 115537.5798851573
120372.4131936667 115699.1417303882
118940.5306340877 113921.9614328482
121645.1976910702 114568.2088137719
126418.1395563333 113598.8377423864
125622.6492454561 115537.5798851573
121804.2957532456 113114.1522066937
120213.3151314912 114406.6469685409
126259.0414941579 114406.6469685409
120690.6093180175 117476.3220279282
122281.5899397719 114568.2088137719
121645.1976910702 114406.6469685409
127213.6298672105 116668.5128017737
124827.1589345789 113760.3995876173

121645.1976910702 114406.6469685409
121804.2957532456 113760.3995876173
124349.8647480526 115376.0180399264
122281.5899397719 114083.5232780791
124827.1589345789 113598.8377423864
120690.6093180175 116668.5128017737
119895.1190071403 115860.7035756191
120690.6093180175 116830.0746470046
122281.5899397719 115214.4561946955
125304.4531211053 113114.1522066937
120849.7073801930 117637.8838731591
124827.1589345789 115052.8943494646
121963.3938154210 115052.8943494646
118940.5306340877 113760.3995876173
127213.6298672105 116668.5128017737
120213.3151314912 116991.6364922355
124031.6686237018 115699.1417303882
124668.0608724035 115052.8943494646
119099.6286962632 113598.8377423864
121486.0996288947 114406.6469685409

121486.0996288947 113437.2758971555
126418.1395563333 114083.5232780791
124190.7666858772 115376.0180399264
119417.8248206140 115214.4561946955
126736.3356806842 115860.7035756191
125463.5511832807 114245.0851233100
125145.3550589298 114083.5232780791
127213.6298672105 116345.3891113118
125940.8453698070 116183.8272660810
121963.3938154210 114245.0851233100
119099.6286962632 113921.9614328482
125622.6492454561 115699.1417303882
119736.0209449649 115052.8943494646
124827.1589345789 115699.1417303882
120849.7073801930 118445.6930993137
121645.1976910702 114245.0851233100
120531.5112558421 114568.2088137719
121167.9035045439 114568.2088137719
122281.5899397719 113760.3995876173
123554.3744371754 114729.7706590028

126577.2376185088 113114.1522066937
121327.0015667193 114568.2088137719
121645.1976910702 114406.6469685409
126099.9434319825 113598.8377423864
120372.4131936667 117314.7601826973
121167.9035045439 112629.4666710009
121167.9035045439 114406.6469685409
127372.7279293860 116830.0746470046
124986.2569967544 116022.2654208500
125781.7473076316 115699.1417303882
122758.8841262982 114245.0851233100
124986.2569967544 113921.9614328482
120849.7073801930 118284.1312540828
122281.5899397719 113437.2758971555
124508.9628102281 113598.8377423864
126895.4337428596 113921.9614328482
119258.7267584386 114083.5232780791
121804.2957532456 113598.8377423864
121963.3938154210 113598.8377423864
124668.0608724035 115860.7035756191

123077.0802506491 113114.1522066937
120531.5112558421 116830.0746470046
121963.3938154210 113598.8377423864
127213.6298672105 115699.1417303882
121804.2957532456 114083.5232780791
126577.2376185088 115699.1417303882
124986.2569967544 115376.0180399264
121486.0996288947 114729.7706590028
126259.0414941579 112952.5903614627
120849.7073801930 116506.9509565428
121804.2957532456 114891.3325042337
120054.2170693158 116830.0746470046
122122.4918775965 113921.9614328482
121486.0996288947 114891.3325042337
126736.3356806842 113437.2758971555
126895.4337428596 116345.3891113118
122440.6880019474 113437.2758971555
123077.0802506491 114729.7706590028
121008.8054423684 113921.9614328482
124827.1589345789 114568.2088137719

124986.2569967544 115376.0180399264
121327.0015667193 114729.7706590028
118940.5306340877 113921.9614328482
124668.0608724035 114729.7706590028
123395.2763750000 115052.8943494646
119895.1190071403 113598.8377423864
122281.5899397719 113275.7140519246
119895.1190071403 115699.1417303882
127054.5318050351 116506.9509565428
121963.3938154210 115052.8943494646
121963.3938154210 114568.2088137719
126577.2376185088 113437.2758971555
124668.0608724035 115214.4561946955
119576.9228827895 112306.3429805391
124031.6686237018 115376.0180399264
120690.6093180175 116183.8272660810
124349.8647480526 114891.3325042337
121167.9035045439 114083.5232780791
120213.3151314912 114568.2088137719
121645.1976910702 114729.7706590028

125622.6492454561 115699.1417303882
120849.7073801930 118445.6930993137
126895.4337428596 115699.1417303882
120531.5112558421 116345.3891113118
119576.9228827895 113114.1522066937
120849.7073801930 114083.5232780791
125304.4531211053 115537.5798851573
124986.2569967544 115052.8943494646
120213.3151314912 115052.8943494646
126259.0414941579 115376.0180399264
124031.6686237018 115699.1417303882
127690.9240537368 116830.0746470046
124349.8647480526 115376.0180399264
121167.9035045439 113437.2758971555
121804.2957532456 114568.2088137719
120054.2170693158 116668.5128017737
126577.2376185088 114083.5232780791
127372.7279293860 114891.3325042337
121486.0996288947 114568.2088137719
121167.9035045439 114083.5232780791

126418.1395563333 114245.0851233100
121963.3938154210 114083.5232780791
124986.2569967544 114568.2088137719
121963.3938154210 113437.2758971555
127054.5318050351 114891.3325042337
120213.3151314912 116668.5128017737
119099.6286962632 114245.0851233100
119736.0209449649 111821.6574448464
122122.4918775965 113275.7140519246
127531.8259915614 116506.9509565428
124508.9628102281 114083.5232780791
124031.6686237018 113275.7140519246
126736.3356806842 113598.8377423864
126099.9434319825 112791.0285162318
121167.9035045439 114406.6469685409
121645.1976910702 113114.1522066937
120849.7073801930 117799.4457183901
125781.7473076316 115376.0180399264
122440.6880019474 114083.5232780791
120531.5112558421 114729.7706590028

120372.4131936667 115376.0180399264
121486.0996288947 114729.7706590028
125145.3550589298 113921.9614328482
126736.3356806842 113921.9614328482
122599.7860641228 114568.2088137719
119736.0209449649 112144.7811353082
121645.1976910702 113760.3995876173
125622.6492454561 114245.0851233100
124827.1589345789 115699.1417303882
127531.8259915614 116830.0746470046
121963.3938154210 114568.2088137719
126736.3356806842 113598.8377423864
120531.5112558421 117153.1983374664
120213.3151314912 116991.6364922355
123236.1783128245 115376.0180399264
124986.2569967544 112952.5903614627
124190.7666858772 115214.4561946955
126418.1395563333 112952.5903614627
124827.1589345789 115214.4561946955
119099.6286962632 114245.0851233100

