49807391.3728726283 163725.4775390625
46664127.8404661939 128612.7021484375
47982938.2130295858 149710.8023986816
48384353.1894974113 161259.1916503906
46978127.8708506227 144952.5288085938
46912146.4930980131 133019.0010681152
46207707.3402742669 119719.4230804443
46073228.9435368255 99983.7656402588
49678652.8611311391 162414.2353515625
50672646.6221491247 166650.4018554688
47117930.0780153051 149128.0468750000
48077640.1440877020 156069.5429687500
49247344.9878286198 162101.5021972656
48228183.0690683424 158167.6558837891
49305357.2959379628 162378.1772460938
46943062.2958628833 141835.0977783203
48074545.0444226786 151367.3292236328
50117192.3234345391 165414.6452636719
