58256642.2034178525 172343.9848632812
61957624.0614878386 191465.2058105469
57810257.9249818102 170011.5354003906
57448854.1942721233 161059.9727478027
60640641.4398961440 187449.3273925781
58379736.9838591814 172522.1705322266
58222358.7485311329 172001.7568359375
56286932.7758465484 143027.2706909180
58580259.2513009831 185067.2944335938
56848340.1782991663 153794.3712158203
59325485.4882574528 187000.8096923828
58561167.4002033547 172878.5310668945
57268292.5994992927 155387.2084960938
57456763.3341581821 165150.9777832031
