120076.5677489074 121516.8608408309
123249.3643215000 123585.1452513456
121504.3262065741 125812.5284626691
118331.5296339815 125971.6272634779
118966.0889485000 128199.0104748015
118331.5296339815 124857.9356578162
118014.2499767222 123266.9476497279
123090.7244928704 121357.7620400221
121345.6863779444 127403.5164707574
120869.7668920556 128358.1092756103
118014.2499767222 125335.2320602426
117696.9703194630 128199.0104748015
119124.7287771296 121357.7620400221
121345.6863779444 121835.0584424485
119600.6482630185 122630.5524464927
117696.9703194630 127562.6152715662
119442.0084343889 126767.1212675221
122773.4448356111 126926.2200683309
118648.8092912407 123107.8488489191
117696.9703194630 123744.2440521544
119283.3686057593 125335.2320602426
118172.8898053518 124062.4416537721
124518.4829505370 125971.6272634779
119917.9279202778 121198.6632392132
117855.6101480926 129153.6032796544

119124.7287771296 121835.0584424485
118331.5296339815 125653.4296618603
120552.4872347963 126448.9236659044
117221.0508335741 125176.1332594338
118331.5296339815 131221.8876901691
117696.9703194630 125653.4296618603
121662.9660352037 124539.7380561985
119917.9279202778 129789.9984828897
119442.0084343889 124062.4416537721
119442.0084343889 125335.2320602426
119124.7287771296 126448.9236659044
118172.8898053518 125017.0344586250
119759.2880916481 128039.9116739927
121980.2456924630 122153.2560440662
123566.6439787593 124380.6392553897
118172.8898053518 127403.5164707574
120711.1270634259 128358.1092756103
124042.5634646481 126130.7260642868
119283.3686057593 130585.4924869338
120076.5677489074 129312.7020804632
120076.5677489074 122789.6512473015
119759.2880916481 127562.6152715662
119917.9279202778 122312.3548448750
118966.0889485000 121516.8608408309
124359.8431219074 125176.1332594338

120552.4872347963 127880.8128731838
124359.8431219074 125176.1332594338
121980.2456924630 127562.6152715662
118172.8898053518 126608.0224667132
120235.2075775370 121198.6632392132
117696.9703194630 127244.4176699485
119917.9279202778 122471.4536456838
120393.8474061667 123585.1452513456
122297.5253497222 122312.3548448750
117221.0508335741 125017.0344586250
121028.4067206852 128199.0104748015
118648.8092912407 128358.1092756103
118648.8092912407 127403.5164707574
124518.4829505370 125971.6272634779
121504.3262065741 128358.1092756103
119124.7287771296 121357.7620400221
119442.0084343889 128517.2080764191
118966.0889485000 127880.8128731838
118807.4491198704 126289.8248650956
121504.3262065741 123903.3428529633
120552.4872347963 121357.7620400221
119124.7287771296 121835.0584424485
120552.4872347963 122471.4536456838
123249.3643215000 121516.8608408309
120235.2075775370 128676.3068772279

118331.5296339815 127880.8128731838
119600.6482630185 121516.8608408309
119600.6482630185 123426.0464505368
119442.0084343889 126767.1212675221
118014.2499767222 125176.1332594338
118172.8898053518 125494.3308610515
120235.2075775370 125494.3308610515
123566.6439787593 125812.5284626691
120393.8474061667 123426.0464505368
119283.3686057593 121357.7620400221
125311.6820936852 125335.2320602426
118966.0889485000 122471.4536456838
119600.6482630185 127721.7140723750
122138.8855210926 127562.6152715662
119759.2880916481 121357.7620400221
118807.4491198704 126926.2200683309
118490.1694626111 127244.4176699485
117379.6906622037 123903.3428529633
119283.3686057593 122153.2560440662
118490.1694626111 125017.0344586250
121662.9660352037 121516.8608408309
123566.6439787593 121039.5644384044
121187.0465493148 127562.6152715662
120076.5677489074 123585.1452513456
119442.0084343889 127403.5164707574

119124.7287771296 130426.3936861250
119283.3686057593 124221.5404545809
120076.5677489074 129153.6032796544
117538.3304908333 125971.6272634779
119283.3686057593 121198.6632392132
124677.1227791667 123744.2440521544
118648.8092912407 131380.9864909780
118014.2499767222 124857.9356578162
123249.3643215000 123585.1452513456
121028.4067206852 126448.9236659044
118648.8092912407 125017.0344586250
121187.0465493148 128039.9116739927
117855.6101480926 127403.5164707574
118014.2499767222 129153.6032796544
119759.2880916481 124857.9356578162
120552.4872347963 121675.9596416397
118807.4491198704 122630.5524464927
120393.8474061667 127880.8128731838
118490.1694626111 122153.2560440662
120552.4872347963 127244.4176699485
118490.1694626111 124221.5404545809
117538.3304908333 123744.2440521544
123566.6439787593 125812.5284626691
121187.0465493148 122312.3548448750
117221.0508335741 124380.6392553897

119283.3686057593 122948.7500481103
121504.3262065741 121198.6632392132
120711.1270634259 121198.6632392132
118966.0889485000 126926.2200683309
123090.7244928704 121516.8608408309
124835.7626077963 125494.3308610515
120076.5677489074 129312.7020804632
117379.6906622037 125971.6272634779
119442.0084343889 127085.3188691397
118966.0889485000 121516.8608408309
120869.7668920556 121835.0584424485
123090.7244928704 124062.4416537721
123883.9236360185 125971.6272634779
121187.0465493148 126608.0224667132
124835.7626077963 123744.2440521544
121187.0465493148 121357.7620400221
118648.8092912407 121994.1572432573
118648.8092912407 122948.7500481103
117538.3304908333 123903.3428529633
120076.5677489074 128358.1092756103
121187.0465493148 128039.9116739927
119442.0084343889 123585.1452513456
118807.4491198704 123585.1452513456
118172.8898053518 129153.6032796544
118648.8092912407 122630.5524464927

121028.4067206852 128835.4056780368
121345.6863779444 126926.2200683309
120711.1270634259 122471.4536456838
121187.0465493148 128358.1092756103
117696.9703194630 127721.7140723750
120552.4872347963 127562.6152715662
120393.8474061667 123266.9476497279
119283.3686057593 121516.8608408309
120552.4872347963 121516.8608408309
119442.0084343889 125971.6272634779
120235.2075775370 127721.7140723750
124835.7626077963 125017.0344586250
122138.8855210926 121516.8608408309
121662.9660352037 121357.7620400221
117855.6101480926 128676.3068772279
120235.2075775370 121675.9596416397
118172.8898053518 125176.1332594338
117538.3304908333 124221.5404545809
119759.2880916481 128358.1092756103
121345.6863779444 124062.4416537721
118490.1694626111 126926.2200683309
122297.5253497222 127085.3188691397
121504.3262065741 122312.3548448750
120711.1270634259 123426.0464505368
119600.6482630185 125176.1332594338

119442.0084343889 121357.7620400221
121345.6863779444 127562.6152715662
121980.2456924630 121198.6632392132
118490.1694626111 124062.4416537721
117855.6101480926 123426.0464505368
119600.6482630185 127721.7140723750
119600.6482630185 121198.6632392132
121504.3262065741 127244.4176699485
120393.8474061667 121835.0584424485
121662.9660352037 122471.4536456838
120076.5677489074 121675.9596416397
118172.8898053518 128358.1092756103
119124.7287771296 121835.0584424485
120711.1270634259 121516.8608408309
120235.2075775370 123426.0464505368
119442.0084343889 127244.4176699485
124359.8431219074 125971.6272634779
118490.1694626111 123744.2440521544
120235.2075775370 127244.4176699485
119759.2880916481 127244.4176699485
123249.3643215000 121039.5644384044
120552.4872347963 126448.9236659044
120552.4872347963 124539.7380561985
119442.0084343889 126767.1212675221
120552.4872347963 121994.1572432573

117855.6101480926 127562.6152715662
122138.8855210926 127880.8128731838
120869.7668920556 127562.6152715662
120869.7668920556 121994.1572432573
120393.8474061667 121198.6632392132
120393.8474061667 123744.2440521544
118966.0889485000 123266.9476497279
122773.4448356111 127085.3188691397
123566.6439787593 121039.5644384044
119759.2880916481 124698.8368570074
119442.0084343889 127085.3188691397
119283.3686057593 126448.9236659044
120552.4872347963 125017.0344586250
117855.6101480926 123426.0464505368
119124.7287771296 121198.6632392132
120711.1270634259 121357.7620400221
123725.2838073889 123585.1452513456
124042.5634646481 125812.5284626691
118966.0889485000 124857.9356578162
119759.2880916481 123744.2440521544
119600.6482630185 129949.0972836985
120076.5677489074 127562.6152715662
117221.0508335741 125017.0344586250
119917.9279202778 127244.4176699485
119917.9279202778 121835.0584424485

118807.4491198704 127403.5164707574
117855.6101480926 128039.9116739927
118331.5296339815 127244.4176699485
121187.0465493148 126130.7260642868
121504.3262065741 128199.0104748015
119759.2880916481 126289.8248650956
118966.0889485000 124857.9356578162
119442.0084343889 127880.8128731838
118966.0889485000 121835.0584424485
120076.5677489074 128199.0104748015
121821.6058638333 128039.9116739927
118807.4491198704 123266.9476497279
120552.4872347963 122312.3548448750
122297.5253497222 127721.7140723750
120076.5677489074 122153.2560440662
124201.2032932778 124698.8368570074
120711.1270634259 121357.7620400221
119759.2880916481 121675.9596416397
122932.0846642407 121039.5644384044
118966.0889485000 121516.8608408309
119600.6482630185 125176.1332594338
124835.7626077963 125494.3308610515
121662.9660352037 128358.1092756103
120076.5677489074 123585.1452513456
118966.0889485000 125653.4296618603

121662.9660352037 121516.8608408309
120076.5677489074 123266.9476497279
118172.8898053518 124698.8368570074
121187.0465493148 127244.4176699485
118331.5296339815 127085.3188691397
121821.6058638333 121835.0584424485
119917.9279202778 125653.4296618603
117538.3304908333 126130.7260642868
118014.2499767222 125812.5284626691
120076.5677489074 121835.0584424485
119124.7287771296 129312.7020804632
118172.8898053518 128039.9116739927
123725.2838073889 125017.0344586250
118807.4491198704 123585.1452513456
119124.7287771296 121835.0584424485
120235.2075775370 128358.1092756103
118807.4491198704 121675.9596416397
118490.1694626111 130108.1960845073
121028.4067206852 128676.3068772279
121504.3262065741 122630.5524464927
118490.1694626111 127562.6152715662
121662.9660352037 125176.1332594338
120393.8474061667 127403.5164707574
122297.5253497222 127403.5164707574
119124.7287771296 124539.7380561985

118331.5296339815 128199.0104748015
119600.6482630185 121357.7620400221
124677.1227791667 125176.1332594338
120711.1270634259 121357.7620400221
118966.0889485000 126926.2200683309
119600.6482630185 121675.9596416397
122138.8855210926 125335.2320602426
118648.8092912407 130744.5912877427
119283.3686057593 123903.3428529633
118807.4491198704 125653.4296618603
124994.4024364259 125494.3308610515
121821.6058638333 128039.9116739927
120076.5677489074 123744.2440521544
119442.0084343889 124380.6392553897
116903.7711763148 124221.5404545809
119600.6482630185 129312.7020804632
121028.4067206852 121835.0584424485
120393.8474061667 127403.5164707574
122456.1651783518 121994.1572432573
118648.8092912407 122789.6512473015
117855.6101480926 128039.9116739927
119759.2880916481 128676.3068772279
121662.9660352037 127880.8128731838
122456.1651783518 121516.8608408309
118966.0889485000 122153.2560440662

124835.7626077963 125335.2320602426
120076.5677489074 127085.3188691397
117855.6101480926 123107.8488489191
117221.0508335741 125494.3308610515
121187.0465493148 121516.8608408309
118966.0889485000 122948.7500481103
120552.4872347963 128039.9116739927
121662.9660352037 127880.8128731838
118331.5296339815 123744.2440521544
119600.6482630185 125494.3308610515
121821.6058638333 125494.3308610515
121028.4067206852 125653.4296618603
119442.0084343889 127403.5164707574
122138.8855210926 121516.8608408309
118014.2499767222 123426.0464505368
121187.0465493148 121198.6632392132
118172.8898053518 127403.5164707574
119283.3686057593 121357.7620400221
118014.2499767222 124380.6392553897
117538.3304908333 124062.4416537721
118648.8092912407 126289.8248650956
118966.0889485000 121835.0584424485
121662.9660352037 128199.0104748015
117696.9703194630 126608.0224667132
118648.8092912407 121835.0584424485

122138.8855210926 127721.7140723750
120235.2075775370 121357.7620400221
117379.6906622037 126767.1212675221
119600.6482630185 121357.7620400221
118966.0889485000 126926.2200683309
119442.0084343889 128199.0104748015
121980.2456924630 125494.3308610515
121504.3262065741 128517.2080764191
122932.0846642407 127244.4176699485
119124.7287771296 122471.4536456838
120869.7668920556 122471.4536456838
117379.6906622037 125176.1332594338
121028.4067206852 121198.6632392132
120235.2075775370 127880.8128731838
121504.3262065741 126289.8248650956
117538.3304908333 123744.2440521544
121345.6863779444 121994.1572432573
121345.6863779444 127562.6152715662
119442.0084343889 127721.7140723750
121028.4067206852 121994.1572432573
119283.3686057593 129153.6032796544
118490.1694626111 124062.4416537721
122932.0846642407 121357.7620400221
118172.8898053518 128517.2080764191
118172.8898053518 126608.0224667132

