129627.4808727167 129594.1115283333
129468.2334639500 129754.3838150000
129149.7386464167 127831.1163750000
129786.7282814833 128151.6609483333
128194.2541938167 128151.6609483333

129468.2334639500 129754.3838150000
129149.7386464167 127831.1163750000
127398.0171499833 129594.1115283333
129627.4808727167 129433.8392416667
129945.9756902500 129594.1115283333

128194.2541938167 128472.2055216667
129627.4808727167 128151.6609483333
129945.9756902500 129594.1115283333
129627.4808727167 129594.1115283333
129308.9860551833 129594.1115283333

130582.9653253167 127190.0272283333
129468.2334639500 128632.4778083334
129627.4808727167 129594.1115283333
128671.9964201167 128953.0223816667
129786.7282814833 127991.3886616667

