126761.0275149167 129754.3838150000
129627.4808727167 129433.8392416667
129468.2334639500 126709.2103683333
129786.7282814833 127991.3886616667
129468.2334639500 129754.3838150000

129945.9756902500 129594.1115283333
129468.2334639500 129594.1115283333
127398.0171499833 129273.5669550000
129627.4808727167 129594.1115283333
129468.2334639500 129914.6561016667

129945.9756902500 129594.1115283333
129468.2334639500 129594.1115283333
129468.2334639500 129914.6561016667
127398.0171499833 129273.5669550000
128512.7490113500 128792.7500950000

130423.7179165500 127190.0272283333
128035.0067850500 128632.4778083334
128035.0067850500 128311.9332350000
129627.4808727167 129433.8392416667
129627.4808727167 129594.1115283333

130742.2127340833 127350.2995150000
129627.4808727167 129594.1115283333
129627.4808727167 129273.5669550000
129945.9756902500 128151.6609483333
129627.4808727167 129914.6561016667

130582.9653253167 127190.0272283333
129468.2334639500 127831.1163750000
129627.4808727167 129594.1115283333
128512.7490113500 128953.0223816667
129468.2334639500 129594.1115283333

129627.4808727167 129273.5669550000
129945.9756902500 128151.6609483333
129468.2334639500 129754.3838150000
127238.7697412167 129594.1115283333
130264.4705077833 127029.7549416667

