129206.3591186464 115982.7538206321
133090.4334567927 115665.2685312359
130339.2141339390 116617.7243994245
131472.0691492317 117093.9523335189
130986.5598569634 116935.2096888208
130015.5412724268 117887.6655570094
131957.5784415000 118681.3787805000
132119.4148722561 117411.4376229151
133090.4334567927 118681.3787805000
135194.3070566220 120586.2905168774
134708.7977643537 119475.0920039906
133899.6156105732 118998.8640698962
130015.5412724268 122014.9743191604
133414.1063183049 119157.6067145943
131148.3962877195 121380.0037403679

130177.3777031829 119633.8346486887
129853.7048416707 116776.4670441226
129368.1955494024 118840.1214251981
133414.1063183049 117093.9523335189
133899.6156105732 119951.3199380849
130501.0505646951 121697.4890297642
133090.4334567927 119633.8346486887
134870.6341951098 119633.8346486887
130015.5412724268 122014.9743191604
134061.4520413293 117093.9523335189
130015.5412724268 115506.5258865377
132928.5970260366 119157.6067145943
133575.9427490610 116141.4964653302
135032.4706258659 120586.2905168774
130662.8869954512 119316.3493592924

130339.2141339390 122173.7169638585
133414.1063183049 117093.9523335189
130339.2141339390 115506.5258865377
130501.0505646951 119475.0920039906
133737.7791798171 117728.9229123113
131957.5784415000 117570.1802676132
129691.8684109146 116776.4670441226
130339.2141339390 121062.5184509717
134385.1249028415 119792.5772933868
132766.7605952805 119157.6067145943
133899.6156105732 115347.7832418396
130662.8869954512 122014.9743191604
135032.4706258659 117887.6655570094
133090.4334567927 119157.6067145943
130824.7234262073 118205.1508464057

129853.7048416707 116458.9817547264
129530.0319801585 118840.1214251981
132766.7605952805 118998.8640698962
134546.9613335976 118681.3787805000
132604.9241645244 119157.6067145943
130662.8869954512 119157.6067145943
129206.3591186464 115824.0111759340
133414.1063183049 117252.6949782170
130501.0505646951 116458.9817547264
129691.8684109146 119792.5772933868
132604.9241645244 118998.8640698962
132928.5970260366 119157.6067145943
129530.0319801585 118998.8640698962
134061.4520413293 118522.6361358019
130986.5598569634 116935.2096888208

129206.3591186464 115665.2685312359
129853.7048416707 120586.2905168774
129368.1955494024 116617.7243994245
133737.7791798171 118998.8640698962
130501.0505646951 116458.9817547264
128882.6862571341 115665.2685312359
132281.2513030122 118522.6361358019
134061.4520413293 117093.9523335189
130339.2141339390 118205.1508464057
134546.9613335976 116776.4670441226
129853.7048416707 116458.9817547264
133737.7791798171 116617.7243994245
135032.4706258659 120427.5478721792
132766.7605952805 116776.4670441226
133252.2698875488 115347.7832418396

130824.7234262073 118363.8934911038
134385.1249028415 118681.3787805000
132281.2513030122 116458.9817547264
128882.6862571341 116458.9817547264
131957.5784415000 117570.1802676132
130015.5412724268 121856.2316744623
131148.3962877195 121380.0037403679
133252.2698875488 115506.5258865377
133575.9427490610 117093.9523335189
134708.7977643537 119633.8346486887
131957.5784415000 116300.2391100283
135032.4706258659 120903.7758062736
132119.4148722561 118205.1508464057
130177.3777031829 119475.0920039906
130339.2141339390 116776.4670441226

134061.4520413293 118840.1214251981
130824.7234262073 119316.3493592924
130824.7234262073 121856.2316744623
130177.3777031829 122332.4596085566
132443.0877337683 117728.9229123113
129206.3591186464 115824.0111759340
134708.7977643537 119475.0920039906
133414.1063183049 119157.6067145943
131148.3962877195 120110.0625827830
134870.6341951098 120903.7758062736
129530.0319801585 116617.7243994245
129368.1955494024 118681.3787805000
130177.3777031829 121062.5184509717
134870.6341951098 115665.2685312359
129853.7048416707 119792.5772933868

134870.6341951098 120586.2905168774
129368.1955494024 115665.2685312359
133575.9427490610 115824.0111759340
133090.4334567927 119157.6067145943
131633.9055799878 118363.8934911038
129853.7048416707 118998.8640698962
131957.5784415000 118681.3787805000
130339.2141339390 122332.4596085566
130339.2141339390 121697.4890297642
134061.4520413293 115665.2685312359
134708.7977643537 119316.3493592924
129691.8684109146 118522.6361358019
131795.7420107439 117570.1802676132
129368.1955494024 118046.4082017076
130986.5598569634 115347.7832418396

134223.2884720854 119157.6067145943
134546.9613335976 117570.1802676132
132928.5970260366 116935.2096888208
130501.0505646951 121856.2316744623
134546.9613335976 119951.3199380849
129853.7048416707 119792.5772933868
130339.2141339390 117728.9229123113
130824.7234262073 119475.0920039906
133090.4334567927 115189.0405971415
132766.7605952805 118840.1214251981
130015.5412724268 116458.9817547264
133252.2698875488 117093.9523335189
133899.6156105732 116617.7243994245
133899.6156105732 117570.1802676132
130177.3777031829 116935.2096888208

134061.4520413293 115824.0111759340
132604.9241645244 119157.6067145943
134061.4520413293 120110.0625827830
129530.0319801585 115665.2685312359
134870.6341951098 117570.1802676132
129530.0319801585 117728.9229123113
134385.1249028415 117411.4376229151
134546.9613335976 114554.0700183491
133414.1063183049 115506.5258865377
130177.3777031829 118205.1508464057
129206.3591186464 115665.2685312359
130986.5598569634 120745.0331615755
129691.8684109146 118046.4082017076
132443.0877337683 116617.7243994245
134708.7977643537 119633.8346486887

133737.7791798171 116141.4964653302
131633.9055799878 116617.7243994245
129044.5226878902 115665.2685312359
129368.1955494024 118522.6361358019
135194.3070566220 120745.0331615755
134870.6341951098 117252.6949782170
133414.1063183049 117093.9523335189
130662.8869954512 118205.1508464057
129530.0319801585 117093.9523335189
130177.3777031829 122491.2022532547
132281.2513030122 117252.6949782170
133575.9427490610 117411.4376229151
134061.4520413293 119633.8346486887
132766.7605952805 119157.6067145943
130015.5412724268 119951.3199380849

134223.2884720854 120110.0625827830
134061.4520413293 115347.7832418396
133414.1063183049 115665.2685312359
132443.0877337683 116141.4964653302
129691.8684109146 119633.8346486887
132928.5970260366 118046.4082017076
129530.0319801585 117252.6949782170
130015.5412724268 118363.8934911038
129530.0319801585 116617.7243994245
134708.7977643537 119633.8346486887
135194.3070566220 121062.5184509717
130177.3777031829 116776.4670441226
134870.6341951098 116776.4670441226
132928.5970260366 119316.3493592924
130986.5598569634 118681.3787805000

130501.0505646951 122173.7169638585
130662.8869954512 117887.6655570094
134223.2884720854 119633.8346486887
132281.2513030122 118205.1508464057
132928.5970260366 118998.8640698962
134223.2884720854 118522.6361358019
132928.5970260366 119316.3493592924
129368.1955494024 116617.7243994245
129206.3591186464 118205.1508464057
130662.8869954512 118522.6361358019
133414.1063183049 116141.4964653302
130339.2141339390 121856.2316744623
134385.1249028415 119951.3199380849
130986.5598569634 119475.0920039906
134061.4520413293 117887.6655570094

134870.6341951098 119792.5772933868
134223.2884720854 117252.6949782170
132928.5970260366 119157.6067145943
130177.3777031829 122332.4596085566
133575.9427490610 115506.5258865377
132281.2513030122 117728.9229123113
129691.8684109146 116617.7243994245
134546.9613335976 118205.1508464057
133090.4334567927 119157.6067145943
130177.3777031829 116776.4670441226
129691.8684109146 119792.5772933868
130177.3777031829 116617.7243994245
133090.4334567927 119316.3493592924
130339.2141339390 115665.2685312359
130501.0505646951 119633.8346486887

129206.3591186464 116458.9817547264
132443.0877337683 115665.2685312359
129044.5226878902 115665.2685312359
131633.9055799878 115347.7832418396
133575.9427490610 115506.5258865377
133899.6156105732 119157.6067145943
133575.9427490610 116935.2096888208
135194.3070566220 120903.7758062736
129530.0319801585 119157.6067145943
133575.9427490610 117887.6655570094
130339.2141339390 122014.9743191604
134223.2884720854 120427.5478721792
129206.3591186464 118046.4082017076
132604.9241645244 116458.9817547264
129691.8684109146 119792.5772933868

131795.7420107439 115824.0111759340
129853.7048416707 117887.6655570094
134708.7977643537 119475.0920039906
130824.7234262073 119475.0920039906
129691.8684109146 116935.2096888208
134061.4520413293 117728.9229123113
131957.5784415000 118522.6361358019
133575.9427490610 114712.8126630472
129368.1955494024 115665.2685312359
133899.6156105732 120268.8052274811
129044.5226878902 116776.4670441226
134708.7977643537 117570.1802676132
134385.1249028415 118840.1214251981
129368.1955494024 118205.1508464057
131148.3962877195 118205.1508464057

130986.5598569634 120268.8052274811
134061.4520413293 118046.4082017076
132443.0877337683 118363.8934911038
129853.7048416707 121221.2610956698
129368.1955494024 116300.2391100283
132928.5970260366 118840.1214251981
133414.1063183049 117411.4376229151
130662.8869954512 115982.7538206321
129368.1955494024 115665.2685312359
133899.6156105732 119316.3493592924
130662.8869954512 117570.1802676132
134708.7977643537 118681.3787805000
131957.5784415000 116141.4964653302
129530.0319801585 118840.1214251981
134223.2884720854 120110.0625827830

131310.2327184756 118205.1508464057
133899.6156105732 117411.4376229151
130501.0505646951 116141.4964653302
129691.8684109146 116776.4670441226
134870.6341951098 116617.7243994245
134546.9613335976 115665.2685312359
130339.2141339390 122014.9743191604
132119.4148722561 117887.6655570094
132928.5970260366 115506.5258865377
133575.9427490610 115982.7538206321
134546.9613335976 118998.8640698962
132928.5970260366 119157.6067145943
130662.8869954512 116776.4670441226
133575.9427490610 116617.7243994245
130339.2141339390 117887.6655570094

