34399308.4202706963 65575.2912597656
33962179.0202007443 60264.7644653320
33894935.1295575052 55161.5974893570
36056058.8801538646 70161.0266113281
34205301.5486889705 62368.3697509766
35044583.7313207015 67052.5161132812
34480249.2284944206 65802.2482910156
35092229.7298996001 67277.5634765625
35190237.6774384305 67577.1065673828
34253339.9830346704 62956.2115478516
34765798.2392925173 66217.5654296875
34032388.8596172333 62245.5554199219
33832742.7741402611 50689.6515426636
35439951.4270265698 68162.4113769531
35498108.4386588633 70043.9577636719
36540002.2214418948 70852.6962890625
34485838.4426618889 66080.2629394531
