22939106.1421484388 236083.7285156250
23482126.0941376239 242988.7392578125
22564632.1018216461 219223.6875000000
21921510.1938873269 202472.3750000000
22598831.1032258831 226025.0292968750
23108151.5372560397 240881.4365234375
22995033.6724476963 239824.5791015625
22796911.2512783408 233621.3847656250
23995881.3727183901 244650.8271484375
23256590.8557985872 240951.5888671875
23756879.4955108427 243032.0595703125
22151413.7282266021 216775.3115234375
23872137.6552097127 243274.7275390625
22602317.4404155314 231778.8759765625
22583490.6040609889 220154.2568359375
