22058864.9341562428 192107.5439453125
23756879.4955108427 243032.0595703125
22151413.7282266021 216775.3115234375
23497742.6556049585 240498.3291015625
23872137.6552097127 243274.7275390625
23276132.1830341890 240118.6787109375
22602317.4404155314 231778.8759765625
24499958.2702206150 244650.8271484375
23242636.2765376829 239103.4794921875
23559540.6770024449 242654.1181640625
23147621.9799445197 236273.1259765625
24192029.6163036376 243527.4208984375
22965381.7129837349 232191.1279296875
24229759.1217865758 243873.3642578125
23000614.3666726910 236135.3535156250
24090665.1389938593 243431.0439453125
22941589.3877906986 232167.1103515625
22815322.5976803228 232069.8515625000
22967995.9989519976 233310.0273437500
22583490.6040609889 220154.2568359375
23218203.5961355716 237836.5205078125
23524416.1004007161 240575.0634765625
