23147621.9799445197 236273.1259765625
24192029.6163036376 243527.4208984375
24012856.3644524589 241960.3330078125
24737857.6791611724 244650.8271484375
23791438.5981498994 241030.3603515625
22717012.5947367027 225111.2304687500
22965381.7129837349 232191.1279296875
22350634.7904077619 215055.5888671875
24229759.1217865758 243873.3642578125
24028257.2718011737 242057.7548828125
23000614.3666726910 236135.3535156250
22305854.6558318660 210885.8720703125
24090665.1389938593 243431.0439453125
22941589.3877906986 232167.1103515625
23346102.0712034404 239406.6533203125
22767342.4269265346 226202.3525390625
22815322.5976803228 232069.8515625000
22967995.9989519976 233310.0273437500
22583490.6040609889 220154.2568359375
23310505.8741924837 238340.4248046875
23218203.5961355716 237836.5205078125
24007346.2709702067 241850.6708984375
23524416.1004007161 240575.0634765625
22637496.1109700240 223141.5820312500
