112633.7405805804 123181.4796387234
112474.5287348482 120608.6334320851
115499.5538037589 121895.0565354042
111678.4695061875 122055.8594233192
112315.3168891161 119643.8161045957
110882.4102775268 120287.0276562553
111996.8931976518 119965.4218804255
112156.1050433839 122055.8594233192
112474.5287348482 121091.0420958298
110245.5628945982 120447.8305441702

112952.1642720446 119965.4218804255
116136.4011866875 122538.2680870638
110882.4102775268 118357.3930012766
112633.7405805804 122859.8738628936
114066.6471921696 123342.2825266383
110086.3510488661 119322.2103287660
110245.5628945982 120287.0276562553
112156.1050433839 119804.6189925106
112474.5287348482 121091.0420958298
113748.2235007054 122859.8738628936

111837.6813519196 122859.8738628936
115658.7656494911 122216.6623112340
112156.1050433839 123503.0854145532
111041.6221232589 123181.4796387234
111837.6813519196 121091.0420958298
110563.9865860625 119804.6189925106
114862.7064208303 121412.6478716596
111996.8931976518 120287.0276562553
114385.0708836339 123663.8883024681
114544.2827293661 123342.2825266383

110404.7747403304 119965.4218804255
112952.1642720446 123342.2825266383
110404.7747403304 120287.0276562553
114225.8590379018 123020.6767508085
112474.5287348482 120769.4363200000
112792.9524263125 121734.2536474894
112633.7405805804 120287.0276562553
113270.5879635089 122859.8738628936
112792.9524263125 123663.8883024681
111200.8339689911 118678.9987771064

113429.7998092411 122538.2680870638
115021.9182665625 121573.4507595745
111996.8931976518 121091.0420958298
112474.5287348482 123342.2825266383
110723.1984317946 118518.1958891915
110404.7747403304 119483.0132166808
111678.4695061875 117553.3785617021
111678.4695061875 119804.6189925106
118365.3670269375 124146.2969662128
110882.4102775268 120126.2247683404

110086.3510488661 119322.2103287660
111678.4695061875 119322.2103287660
111200.8339689911 118678.9987771064
110723.1984317946 120287.0276562553
112633.7405805804 120447.8305441702
110245.5628945982 120608.6334320851
111996.8931976518 122699.0709749787
115499.5538037589 122538.2680870638
112315.3168891161 123503.0854145532
112792.9524263125 122699.0709749787

113748.2235007054 123181.4796387234
111996.8931976518 119643.8161045957
111837.6813519196 119965.4218804255
111837.6813519196 121091.0420958298
113748.2235007054 123663.8883024681
112315.3168891161 123181.4796387234
118046.9433354732 123985.4940782979
115658.7656494911 122377.4651991489
112474.5287348482 120287.0276562553
114066.6471921696 123020.6767508085

111837.6813519196 122699.0709749787
111996.8931976518 120769.4363200000
111996.8931976518 121091.0420958298
112315.3168891161 120930.2392079149
115658.7656494911 122216.6623112340
112633.7405805804 120930.2392079149
111200.8339689911 121895.0565354042
112156.1050433839 120287.0276562553
112156.1050433839 123342.2825266383
118206.1551812054 123985.4940782979

112474.5287348482 121091.0420958298
112315.3168891161 120287.0276562553
113429.7998092411 122699.0709749787
112633.7405805804 119804.6189925106
113589.0116549732 123181.4796387234
112156.1050433839 120608.6334320851
112315.3168891161 122859.8738628936
111041.6221232589 119643.8161045957
115021.9182665625 121734.2536474894
110723.1984317946 121573.4507595745

115658.7656494911 122538.2680870638
113429.7998092411 122859.8738628936
111678.4695061875 118839.8016650213
111996.8931976518 121091.0420958298
111996.8931976518 120769.4363200000
113589.0116549732 122538.2680870638
112633.7405805804 123181.4796387234
114066.6471921696 123663.8883024681
115817.9774952232 122216.6623112340
111996.8931976518 123503.0854145532

115499.5538037589 122538.2680870638
110563.9865860625 120447.8305441702
114703.4945750982 121251.8449837447
110882.4102775268 119804.6189925106
112156.1050433839 120608.6334320851
112474.5287348482 120608.6334320851
117250.8841068125 123503.0854145532
112474.5287348482 121091.0420958298
112474.5287348482 120769.4363200000
111837.6813519196 120447.8305441702

115658.7656494911 122216.6623112340
112474.5287348482 120608.6334320851
110404.7747403304 120447.8305441702
112156.1050433839 123342.2825266383
111041.6221232589 118839.8016650213
112474.5287348482 123181.4796387234
113589.0116549732 123181.4796387234
115340.3419580268 121734.2536474894
113429.7998092411 122538.2680870638
110723.1984317946 120287.0276562553

111996.8931976518 122055.8594233192
111519.2576604554 119965.4218804255
110404.7747403304 122216.6623112340
111996.8931976518 122538.2680870638
112315.3168891161 120126.2247683404
111519.2576604554 119322.2103287660
115977.1893409554 122216.6623112340
118524.5788726696 124307.0998541277
110404.7747403304 120447.8305441702
110245.5628945982 119965.4218804255

110245.5628945982 120287.0276562553
111519.2576604554 119322.2103287660
112633.7405805804 119804.6189925106
113270.5879635089 122538.2680870638
112952.1642720446 123503.0854145532
111996.8931976518 120769.4363200000
111837.6813519196 119804.6189925106
112315.3168891161 120608.6334320851
111996.8931976518 122377.4651991489
111996.8931976518 120126.2247683404

111200.8339689911 118678.9987771064
111996.8931976518 119483.0132166808
112474.5287348482 121091.0420958298
111678.4695061875 117553.3785617021
114703.4945750982 121412.6478716596
112156.1050433839 122538.2680870638
117728.5196440089 123663.8883024681
112315.3168891161 123020.6767508085
111041.6221232589 122859.8738628936
113429.7998092411 122699.0709749787

112952.1642720446 123503.0854145532
113270.5879635089 122538.2680870638
111519.2576604554 119322.2103287660
111996.8931976518 121091.0420958298
112156.1050433839 123503.0854145532
112474.5287348482 119483.0132166808
114862.7064208303 121412.6478716596
112315.3168891161 120287.0276562553
110404.7747403304 120608.6334320851
111837.6813519196 122538.2680870638

112792.9524263125 122538.2680870638
113429.7998092411 122377.4651991489
115181.1301122946 122377.4651991489
115181.1301122946 121895.0565354042
110245.5628945982 119965.4218804255
111678.4695061875 119643.8161045957
112315.3168891161 119483.0132166808
112474.5287348482 123181.4796387234
111678.4695061875 117392.5756737872
112474.5287348482 123503.0854145532

112156.1050433839 120126.2247683404
115658.7656494911 122538.2680870638
117410.0959525447 123663.8883024681
112156.1050433839 120608.6334320851
112315.3168891161 120126.2247683404
114703.4945750982 121412.6478716596
115658.7656494911 122055.8594233192
110245.5628945982 120769.4363200000
112156.1050433839 120447.8305441702
110563.9865860625 120447.8305441702

