129786.7282814833 128151.6609483333
128512.7490113500 128792.7500950000
129627.4808727167 129754.3838150000
128671.9964201167 128792.7500950000
128990.4912376500 127831.1163750000

129627.4808727167 129433.8392416667
129627.4808727167 129594.1115283333
128671.9964201167 128792.7500950000
126920.2749236833 129754.3838150000
129468.2334639500 129914.6561016667

129627.4808727167 129754.3838150000
129627.4808727167 129594.1115283333
130582.9653253167 128472.2055216667
128194.2541938167 128151.6609483333
129468.2334639500 129594.1115283333

131060.7075516167 127510.5718016667
128353.5016025833 128792.7500950000
129468.2334639500 129754.3838150000
130582.9653253167 127190.0272283333
129627.4808727167 129433.8392416667

129468.2334639500 129594.1115283333
130582.9653253167 127350.2995150000
128512.7490113500 128953.0223816667
128831.2438288833 128953.0223816667
129627.4808727167 129754.3838150000

129786.7282814833 129594.1115283333
128353.5016025833 128632.4778083334
130582.9653253167 128472.2055216667
129468.2334639500 129594.1115283333
129627.4808727167 129594.1115283333

