118172.8898053518 127721.7140723750
118648.8092912407 126926.2200683309
124994.4024364259 125494.3308610515
118331.5296339815 124698.8368570074
120711.1270634259 127721.7140723750
118014.2499767222 126767.1212675221
119442.0084343889 127403.5164707574
121980.2456924630 127721.7140723750
118490.1694626111 125017.0344586250
119283.3686057593 125335.2320602426
119283.3686057593 123266.9476497279
122138.8855210926 121675.9596416397
123090.7244928704 121357.7620400221
120076.5677489074 121357.7620400221
122614.8050069815 123744.2440521544
121662.9660352037 123744.2440521544
124201.2032932778 124698.8368570074
120076.5677489074 122471.4536456838
122773.4448356111 124062.4416537721
118648.8092912407 124062.4416537721
120393.8474061667 126289.8248650956
119124.7287771296 121357.7620400221
119600.6482630185 127721.7140723750
118331.5296339815 122789.6512473015
118648.8092912407 131221.8876901691

122138.8855210926 127244.4176699485
117696.9703194630 127403.5164707574
119600.6482630185 126289.8248650956
119442.0084343889 121516.8608408309
118331.5296339815 122948.7500481103
121504.3262065741 128039.9116739927
120235.2075775370 121675.9596416397
118648.8092912407 127562.6152715662
125153.0422650556 125335.2320602426
118966.0889485000 127244.4176699485
118807.4491198704 128517.2080764191
120869.7668920556 121835.0584424485
117538.3304908333 127244.4176699485
117538.3304908333 125971.6272634779
120076.5677489074 127244.4176699485
118807.4491198704 126767.1212675221
120076.5677489074 122153.2560440662
124518.4829505370 125335.2320602426
125311.6820936852 125176.1332594338
121504.3262065741 126926.2200683309
118648.8092912407 124380.6392553897
122297.5253497222 123744.2440521544
119442.0084343889 121357.7620400221
119759.2880916481 127085.3188691397
121504.3262065741 121835.0584424485

119283.3686057593 127085.3188691397
117379.6906622037 126926.2200683309
122614.8050069815 121675.9596416397
122773.4448356111 127085.3188691397
118172.8898053518 124380.6392553897
122614.8050069815 126767.1212675221
120711.1270634259 124698.8368570074
117062.4110049445 124380.6392553897
121028.4067206852 121357.7620400221
119600.6482630185 129789.9984828897
120076.5677489074 122312.3548448750
119283.3686057593 121357.7620400221
120076.5677489074 122630.5524464927
121345.6863779444 128199.0104748015
118966.0889485000 126926.2200683309
119442.0084343889 122312.3548448750
120393.8474061667 125812.5284626691
119917.9279202778 128039.9116739927
118807.4491198704 127085.3188691397
121187.0465493148 125653.4296618603
118966.0889485000 127562.6152715662
120552.4872347963 128039.9116739927
117538.3304908333 125812.5284626691
120711.1270634259 121198.6632392132
117855.6101480926 127244.4176699485

120076.5677489074 128039.9116739927
120393.8474061667 127562.6152715662
120235.2075775370 127244.4176699485
120552.4872347963 128994.5044788456
118172.8898053518 125653.4296618603
121980.2456924630 127721.7140723750
119600.6482630185 122471.4536456838
118172.8898053518 122630.5524464927
117855.6101480926 127403.5164707574
121980.2456924630 127403.5164707574
121504.3262065741 127562.6152715662
120869.7668920556 121675.9596416397
118648.8092912407 122630.5524464927
117855.6101480926 124380.6392553897
118331.5296339815 128358.1092756103
119600.6482630185 123107.8488489191
121345.6863779444 127562.6152715662
119283.3686057593 127562.6152715662
118490.1694626111 125812.5284626691
123090.7244928704 121198.6632392132
118172.8898053518 127403.5164707574
120235.2075775370 123426.0464505368
119759.2880916481 128199.0104748015
118014.2499767222 128199.0104748015
121821.6058638333 127562.6152715662

119600.6482630185 124221.5404545809
118648.8092912407 124698.8368570074
118648.8092912407 122153.2560440662
120869.7668920556 127403.5164707574
121662.9660352037 127085.3188691397
118807.4491198704 126608.0224667132
121504.3262065741 127562.6152715662
119124.7287771296 127244.4176699485
118648.8092912407 123266.9476497279
117538.3304908333 127403.5164707574
117221.0508335741 125971.6272634779
119917.9279202778 121198.6632392132
119917.9279202778 122312.3548448750
119124.7287771296 126926.2200683309
120076.5677489074 121675.9596416397
119283.3686057593 125653.4296618603
121345.6863779444 128358.1092756103
118014.2499767222 123266.9476497279
118807.4491198704 127721.7140723750
120552.4872347963 127562.6152715662
118807.4491198704 122630.5524464927
118966.0889485000 122471.4536456838
122932.0846642407 126926.2200683309
124042.5634646481 124062.4416537721
118014.2499767222 128039.9116739927

118331.5296339815 127085.3188691397
117538.3304908333 127562.6152715662
119124.7287771296 121675.9596416397
120235.2075775370 126130.7260642868
121662.9660352037 127562.6152715662
120235.2075775370 128676.3068772279
119283.3686057593 121835.0584424485
120076.5677489074 128517.2080764191
121980.2456924630 127562.6152715662
118648.8092912407 121994.1572432573
124677.1227791667 125812.5284626691
120393.8474061667 122312.3548448750
120076.5677489074 126926.2200683309
120711.1270634259 121357.7620400221
118172.8898053518 128517.2080764191
117696.9703194630 126608.0224667132
119917.9279202778 123426.0464505368
119442.0084343889 126926.2200683309
121662.9660352037 121675.9596416397
118172.8898053518 122471.4536456838
122138.8855210926 127085.3188691397
119600.6482630185 125017.0344586250
117379.6906622037 124857.9356578162
122614.8050069815 127403.5164707574
120869.7668920556 127403.5164707574

117379.6906622037 123903.3428529633
120235.2075775370 128199.0104748015
118966.0889485000 121516.8608408309
121980.2456924630 128039.9116739927
118807.4491198704 122312.3548448750
122456.1651783518 126608.0224667132
120869.7668920556 121198.6632392132
119442.0084343889 127880.8128731838
119283.3686057593 122153.2560440662
119442.0084343889 123585.1452513456
120869.7668920556 128835.4056780368
118172.8898053518 128994.5044788456
118648.8092912407 121835.0584424485
118648.8092912407 126448.9236659044
120711.1270634259 127085.3188691397
120076.5677489074 126767.1212675221
117855.6101480926 125017.0344586250
119124.7287771296 125176.1332594338
118172.8898053518 125494.3308610515
119283.3686057593 126926.2200683309
121028.4067206852 127880.8128731838
121187.0465493148 121357.7620400221
118331.5296339815 127085.3188691397
118331.5296339815 124857.9356578162
120711.1270634259 123903.3428529633

119442.0084343889 122471.4536456838
122297.5253497222 127562.6152715662
118648.8092912407 122153.2560440662
121187.0465493148 127880.8128731838
120552.4872347963 125494.3308610515
120869.7668920556 124062.4416537721
118490.1694626111 128039.9116739927
121187.0465493148 127244.4176699485
118490.1694626111 123744.2440521544
122138.8855210926 121835.0584424485
120235.2075775370 122948.7500481103
118807.4491198704 123107.8488489191
118172.8898053518 128676.3068772279
119917.9279202778 129949.0972836985
118648.8092912407 124698.8368570074
117538.3304908333 126767.1212675221
119759.2880916481 123744.2440521544
118172.8898053518 130426.3936861250
119759.2880916481 121198.6632392132
121028.4067206852 122153.2560440662
119759.2880916481 121835.0584424485
119759.2880916481 126767.1212675221
120076.5677489074 126926.2200683309
119124.7287771296 130267.2948853162
120869.7668920556 127880.8128731838

121028.4067206852 127403.5164707574
121345.6863779444 126767.1212675221
120235.2075775370 126608.0224667132
118966.0889485000 122630.5524464927
117696.9703194630 125017.0344586250
117379.6906622037 124062.4416537721
120552.4872347963 126926.2200683309
117221.0508335741 126130.7260642868
119759.2880916481 126130.7260642868
117855.6101480926 128994.5044788456
121345.6863779444 121198.6632392132
118172.8898053518 123426.0464505368
118966.0889485000 121835.0584424485
121662.9660352037 121835.0584424485
118966.0889485000 125017.0344586250
119600.6482630185 129789.9984828897
119124.7287771296 121198.6632392132
122138.8855210926 122312.3548448750
119283.3686057593 125812.5284626691
119124.7287771296 126289.8248650956
122138.8855210926 127880.8128731838
118966.0889485000 124698.8368570074
119600.6482630185 123426.0464505368
118648.8092912407 130267.2948853162
118966.0889485000 129471.8008812721

119283.3686057593 122471.4536456838
122138.8855210926 127403.5164707574
117696.9703194630 124062.4416537721
122614.8050069815 125653.4296618603
117696.9703194630 125653.4296618603
120552.4872347963 126448.9236659044
122932.0846642407 127244.4176699485
118966.0889485000 121994.1572432573
117855.6101480926 127880.8128731838
119283.3686057593 121516.8608408309
119283.3686057593 125971.6272634779
121028.4067206852 127244.4176699485
120869.7668920556 128199.0104748015
118490.1694626111 123107.8488489191
118014.2499767222 129153.6032796544
118014.2499767222 127085.3188691397
117696.9703194630 126289.8248650956
118648.8092912407 127085.3188691397
119917.9279202778 123585.1452513456
121504.3262065741 122312.3548448750
120076.5677489074 126608.0224667132
118014.2499767222 125017.0344586250
119600.6482630185 127721.7140723750
121028.4067206852 128358.1092756103
121345.6863779444 124062.4416537721

124201.2032932778 126130.7260642868
121504.3262065741 127244.4176699485
122138.8855210926 121198.6632392132
118648.8092912407 125017.0344586250
119124.7287771296 127403.5164707574
117062.4110049445 125176.1332594338
121980.2456924630 128039.9116739927
121980.2456924630 127403.5164707574
119917.9279202778 122948.7500481103
117855.6101480926 125176.1332594338
118014.2499767222 126289.8248650956
118490.1694626111 129153.6032796544
120393.8474061667 121675.9596416397
119124.7287771296 121516.8608408309
118966.0889485000 128199.0104748015
118331.5296339815 127562.6152715662
120869.7668920556 127244.4176699485
120235.2075775370 128835.4056780368
117379.6906622037 126289.8248650956
119917.9279202778 128358.1092756103
119124.7287771296 121198.6632392132
117855.6101480926 129153.6032796544
120869.7668920556 128358.1092756103
123725.2838073889 125812.5284626691
119759.2880916481 129789.9984828897

118490.1694626111 130585.4924869338
119442.0084343889 122153.2560440662
120235.2075775370 121198.6632392132
120711.1270634259 128994.5044788456
119600.6482630185 127085.3188691397
121662.9660352037 123903.3428529633
118648.8092912407 124221.5404545809
122297.5253497222 121675.9596416397
120393.8474061667 126926.2200683309
120393.8474061667 122153.2560440662
118331.5296339815 125971.6272634779
123408.0041501296 125653.4296618603
119600.6482630185 126608.0224667132
118966.0889485000 121516.8608408309
118966.0889485000 122789.6512473015
117696.9703194630 126767.1212675221
123249.3643215000 123744.2440521544
117696.9703194630 127085.3188691397
118966.0889485000 129471.8008812721
118490.1694626111 122789.6512473015
121821.6058638333 121357.7620400221
125153.0422650556 125017.0344586250
118331.5296339815 128676.3068772279
121504.3262065741 127562.6152715662
122297.5253497222 122312.3548448750

118490.1694626111 123107.8488489191
118648.8092912407 125335.2320602426
120235.2075775370 122948.7500481103
118172.8898053518 128676.3068772279
118807.4491198704 124221.5404545809
120869.7668920556 127721.7140723750
118331.5296339815 127085.3188691397
117538.3304908333 126608.0224667132
120869.7668920556 121516.8608408309
119442.0084343889 122153.2560440662
119124.7287771296 122630.5524464927
121187.0465493148 127562.6152715662
118014.2499767222 127880.8128731838
118014.2499767222 125494.3308610515
122456.1651783518 127085.3188691397
121662.9660352037 121516.8608408309
120235.2075775370 121516.8608408309
119283.3686057593 127562.6152715662
118014.2499767222 123426.0464505368
119600.6482630185 127244.4176699485
117855.6101480926 125494.3308610515
118807.4491198704 123585.1452513456
122297.5253497222 121357.7620400221
119283.3686057593 126130.7260642868
121345.6863779444 121835.0584424485

117538.3304908333 123426.0464505368
118966.0889485000 128039.9116739927
119442.0084343889 122789.6512473015
119124.7287771296 125017.0344586250
120393.8474061667 123585.1452513456
120552.4872347963 122312.3548448750
118331.5296339815 122471.4536456838
119124.7287771296 121198.6632392132
124677.1227791667 125494.3308610515
118648.8092912407 122948.7500481103
119917.9279202778 128358.1092756103
119124.7287771296 127085.3188691397
118966.0889485000 121675.9596416397
119442.0084343889 121357.7620400221
118331.5296339815 126926.2200683309
119917.9279202778 128039.9116739927
118490.1694626111 127880.8128731838
119124.7287771296 129949.0972836985
117696.9703194630 127244.4176699485
119917.9279202778 127085.3188691397
123090.7244928704 126767.1212675221
121028.4067206852 128835.4056780368
122297.5253497222 127562.6152715662
118331.5296339815 125971.6272634779
120552.4872347963 128039.9116739927

117696.9703194630 127721.7140723750
124518.4829505370 125335.2320602426
118014.2499767222 128039.9116739927
118807.4491198704 130108.1960845073
121504.3262065741 121357.7620400221
119124.7287771296 127880.8128731838
119759.2880916481 121198.6632392132
120711.1270634259 128994.5044788456
120393.8474061667 121675.9596416397
118014.2499767222 124539.7380561985
118490.1694626111 124698.8368570074
117538.3304908333 126608.0224667132
120076.5677489074 122153.2560440662
119917.9279202778 124857.9356578162
119124.7287771296 127562.6152715662
119124.7287771296 126289.8248650956
125153.0422650556 125017.0344586250
118966.0889485000 122153.2560440662
121980.2456924630 127562.6152715662
121821.6058638333 128199.0104748015
120076.5677489074 121357.7620400221
121821.6058638333 123744.2440521544
119283.3686057593 124698.8368570074
117696.9703194630 123426.0464505368
119600.6482630185 128199.0104748015

122297.5253497222 121516.8608408309
117221.0508335741 124380.6392553897
117379.6906622037 123744.2440521544
120076.5677489074 121198.6632392132
119442.0084343889 122153.2560440662
121187.0465493148 121198.6632392132
119124.7287771296 127562.6152715662
120393.8474061667 121198.6632392132
120552.4872347963 125812.5284626691
120235.2075775370 127403.5164707574
119759.2880916481 122630.5524464927
121980.2456924630 127721.7140723750
119124.7287771296 122153.2560440662
119759.2880916481 123107.8488489191
118648.8092912407 128199.0104748015
118014.2499767222 128039.9116739927
119917.9279202778 124380.6392553897
117538.3304908333 124221.5404545809
122138.8855210926 121039.5644384044
119759.2880916481 121835.0584424485
120393.8474061667 127562.6152715662
120235.2075775370 126289.8248650956
119442.0084343889 121994.1572432573
120076.5677489074 125653.4296618603
119759.2880916481 127880.8128731838

118172.8898053518 127085.3188691397
121345.6863779444 127403.5164707574
121662.9660352037 128199.0104748015
120711.1270634259 121835.0584424485
121345.6863779444 121835.0584424485
119600.6482630185 127721.7140723750
118966.0889485000 127085.3188691397
118490.1694626111 127403.5164707574
118014.2499767222 126608.0224667132
118172.8898053518 123266.9476497279
120076.5677489074 121198.6632392132
119600.6482630185 123903.3428529633
120869.7668920556 125812.5284626691
119442.0084343889 121994.1572432573
121187.0465493148 121516.8608408309
121662.9660352037 122789.6512473015
119283.3686057593 125653.4296618603
120869.7668920556 128199.0104748015
120711.1270634259 126289.8248650956
118966.0889485000 126767.1212675221
118966.0889485000 126130.7260642868
117062.4110049445 125017.0344586250
118648.8092912407 127721.7140723750
118648.8092912407 127244.4176699485
119283.3686057593 124857.9356578162

118966.0889485000 127244.4176699485
120711.1270634259 127721.7140723750
120235.2075775370 128835.4056780368
118966.0889485000 124221.5404545809
121028.4067206852 127085.3188691397
117855.6101480926 124062.4416537721
120235.2075775370 128994.5044788456
119442.0084343889 121675.9596416397
124042.5634646481 125971.6272634779
119283.3686057593 122789.6512473015
118331.5296339815 126448.9236659044
122773.4448356111 126130.7260642868
117221.0508335741 124539.7380561985
121821.6058638333 127721.7140723750
119283.3686057593 121357.7620400221
117538.3304908333 127403.5164707574
118331.5296339815 128358.1092756103
121980.2456924630 122312.3548448750
120235.2075775370 126130.7260642868
121187.0465493148 122153.2560440662
120711.1270634259 126767.1212675221
120076.5677489074 121835.0584424485
119124.7287771296 121835.0584424485
121504.3262065741 121675.9596416397
119442.0084343889 122312.3548448750

118490.1694626111 123903.3428529633
119917.9279202778 121198.6632392132
117062.4110049445 125335.2320602426
120393.8474061667 127403.5164707574
122138.8855210926 124698.8368570074
118172.8898053518 127562.6152715662
125153.0422650556 124380.6392553897
120869.7668920556 128199.0104748015
118490.1694626111 129949.0972836985
120711.1270634259 128994.5044788456
118331.5296339815 125971.6272634779
119283.3686057593 128994.5044788456
120393.8474061667 127085.3188691397
121187.0465493148 122153.2560440662
120076.5677489074 122153.2560440662
118648.8092912407 128358.1092756103
119759.2880916481 128358.1092756103
118648.8092912407 124857.9356578162
121187.0465493148 121835.0584424485
120869.7668920556 121357.7620400221
120393.8474061667 125335.2320602426
119917.9279202778 125971.6272634779
121980.2456924630 122312.3548448750
120552.4872347963 124857.9356578162
118331.5296339815 128199.0104748015

122297.5253497222 126767.1212675221
124677.1227791667 124698.8368570074
124677.1227791667 125653.4296618603
117696.9703194630 124062.4416537721
117855.6101480926 126926.2200683309
117379.6906622037 126130.7260642868
121187.0465493148 123744.2440521544
118490.1694626111 124857.9356578162
121187.0465493148 126289.8248650956
118172.8898053518 122789.6512473015
120711.1270634259 125812.5284626691
122614.8050069815 127403.5164707574
119124.7287771296 129471.8008812721
119283.3686057593 125335.2320602426
117538.3304908333 126448.9236659044
121821.6058638333 121516.8608408309
118490.1694626111 127721.7140723750
120711.1270634259 128039.9116739927
118648.8092912407 122948.7500481103
117538.3304908333 126767.1212675221
120235.2075775370 121198.6632392132
119124.7287771296 123744.2440521544
121187.0465493148 126767.1212675221
119124.7287771296 121198.6632392132
121345.6863779444 125812.5284626691

124994.4024364259 123585.1452513456
120235.2075775370 128039.9116739927
121345.6863779444 121994.1572432573
119283.3686057593 128039.9116739927
117221.0508335741 125335.2320602426
118490.1694626111 122948.7500481103
124677.1227791667 125017.0344586250
117855.6101480926 127403.5164707574
124201.2032932778 123744.2440521544
118966.0889485000 128517.2080764191
118807.4491198704 121994.1572432573
118966.0889485000 125335.2320602426
119442.0084343889 125971.6272634779
124518.4829505370 125653.4296618603
120869.7668920556 126608.0224667132
119442.0084343889 121994.1572432573
119283.3686057593 121835.0584424485
119917.9279202778 121198.6632392132
120076.5677489074 121516.8608408309
121345.6863779444 122312.3548448750
119917.9279202778 127085.3188691397
121345.6863779444 127880.8128731838
120393.8474061667 125971.6272634779
122138.8855210926 127403.5164707574
119442.0084343889 123107.8488489191

123883.9236360185 125971.6272634779
121187.0465493148 124221.5404545809
118014.2499767222 126608.0224667132
119759.2880916481 121198.6632392132
118966.0889485000 128517.2080764191
121345.6863779444 125335.2320602426
122297.5253497222 122312.3548448750
118648.8092912407 123107.8488489191
120076.5677489074 127880.8128731838
123725.2838073889 123585.1452513456
119124.7287771296 123585.1452513456
123883.9236360185 124857.9356578162
118331.5296339815 123585.1452513456
118331.5296339815 125653.4296618603
123249.3643215000 124380.6392553897
119124.7287771296 127721.7140723750
119283.3686057593 130585.4924869338
119124.7287771296 128039.9116739927
122932.0846642407 124857.9356578162
118966.0889485000 122630.5524464927
119442.0084343889 125812.5284626691
118966.0889485000 122153.2560440662
118648.8092912407 129949.0972836985
123883.9236360185 126289.8248650956
119600.6482630185 129789.9984828897

117855.6101480926 128039.9116739927
119124.7287771296 130426.3936861250
119442.0084343889 121198.6632392132
119759.2880916481 125812.5284626691
117538.3304908333 124539.7380561985
119283.3686057593 122471.4536456838
118966.0889485000 125812.5284626691
121345.6863779444 121835.0584424485
120552.4872347963 127562.6152715662
118172.8898053518 125017.0344586250
124042.5634646481 126289.8248650956
120393.8474061667 127244.4176699485
119759.2880916481 121516.8608408309
118172.8898053518 129153.6032796544
119124.7287771296 126608.0224667132
121187.0465493148 124062.4416537721
120235.2075775370 124062.4416537721
119600.6482630185 124062.4416537721
118807.4491198704 129312.7020804632
124677.1227791667 124698.8368570074
118490.1694626111 123585.1452513456
121662.9660352037 128039.9116739927
122614.8050069815 124857.9356578162
123249.3643215000 121198.6632392132
120076.5677489074 127721.7140723750

