57955532.6572202221 2302.0210309029
57773993.7079822570 2276.4165420532
59552586.9946391732 2553.1276969910
60280095.2440430075 2656.4212951660
58643303.4196656495 2468.1957416534
57539152.8808901608 2275.3961224556
57212460.8154427931 1985.0142221451
62852272.5379441530 2658.5406761169
57992399.0238736644 2393.0647048950
59129485.0434198305 2489.6659679413
59538174.7796173617 2538.8132038116
57475661.9983528927 2082.4062113762
60131844.4936428890 2621.3297824860
56879529.4686470851 1775.9306225777
58582122.5775812492 2466.2499704361
57215438.3886635378 2067.7891101837
