60074629.3898790404 2608.0292739868
57087989.9860339388 2154.0596909523
58185800.9606511742 2430.4430732727
56648460.8329854533 1876.4895466566
57050710.4021904543 2077.6497030258
56849928.7053892165 2023.5090074539
57647456.2530931383 2287.8580932617
58970781.9663868099 2509.2884702682
59404361.7676546052 2540.7089862823
58687305.0788477585 2505.8107590675
58549883.6151256859 2480.3598270416
59763462.8819871023 2583.2626342773
56703445.3304441571 1899.4926290512
57794312.1451277137 2397.4283561707
58185465.1686878130 2406.7333316803
56009827.8983590007 1858.0205488801
57136198.0073549896 2248.1779515743
57309649.2235700861 2255.2137746811
59552586.9946391732 2553.1276969910
60280095.2440430075 2656.4212951660
57539152.8808901608 2275.3961224556
62852272.5379441530 2658.5406761169
60131844.4936428890 2621.3297824860
