56703445.3304441571 1899.4926290512
57794312.1451277137 2397.4283561707
58185465.1686878130 2406.7333316803
56009827.8983590007 1858.0205488801
57136198.0073549896 2248.1779515743
57309649.2235700861 2255.2137746811
59068801.5582671165 2501.3599801064
57773993.7079822570 2276.4165420532
59552586.9946391732 2553.1276969910
60280095.2440430075 2656.4212951660
58643303.4196656495 2468.1957416534
57539152.8808901608 2275.3961224556
62852272.5379441530 2658.5406761169
59538174.7796173617 2538.8132038116
60131844.4936428890 2621.3297824860
58582122.5775812492 2466.2499704361
