62981264.1508586407 2649.3219223022
57576140.5862541497 2103.1042718887
57992399.0238736644 2393.0647048950
59129485.0434198305 2489.6659679413
57567272.6102958843 2094.8416776657
59538174.7796173617 2538.8132038116
57475661.9983528927 2082.4062113762
60131844.4936428890 2621.3297824860
56879529.4686470851 1775.9306225777
57874473.2900909930 2184.8159465790
58582122.5775812492 2466.2499704361
59793169.8432429135 2550.1632938385
57581823.5244875029 2168.6214361191
57215438.3886635378 2067.7891101837
