129468.2334639500 129754.3838150000
129468.2334639500 129914.6561016667
129627.4808727167 129594.1115283333
129945.9756902500 128151.6609483333
128194.2541938167 128151.6609483333

129786.7282814833 128151.6609483333
127398.0171499833 129433.8392416667
129945.9756902500 127831.1163750000
129627.4808727167 129594.1115283333
129468.2334639500 129594.1115283333

128194.2541938167 128151.6609483333
129468.2334639500 129594.1115283333
129945.9756902500 127991.3886616667
129627.4808727167 129273.5669550000
128512.7490113500 128792.7500950000

129468.2334639500 129433.8392416667
127398.0171499833 129594.1115283333
129468.2334639500 129594.1115283333
128671.9964201167 128953.0223816667
130582.9653253167 127350.2995150000

129468.2334639500 129754.3838150000
129786.7282814833 129433.8392416667
127875.7593762833 128953.0223816667
129627.4808727167 129594.1115283333
128671.9964201167 128953.0223816667

128194.2541938167 128311.9332350000
129468.2334639500 129594.1115283333
130264.4705077833 128151.6609483333
129786.7282814833 129594.1115283333
127557.2645587500 129273.5669550000

