112156.1050433839 120447.8305441702
113429.7998092411 123020.6767508085
112474.5287348482 121091.0420958298
111041.6221232589 119161.4074408510
114703.4945750982 121734.2536474894
112315.3168891161 122216.6623112340
111519.2576604554 120126.2247683404
116136.4011866875 122377.4651991489
112633.7405805804 120769.4363200000
111678.4695061875 119643.8161045957

112474.5287348482 120608.6334320851
111519.2576604554 120447.8305441702
113907.4353464375 122699.0709749787
115658.7656494911 122216.6623112340
110404.7747403304 119322.2103287660
115340.3419580268 122055.8594233192
111678.4695061875 119804.6189925106
114703.4945750982 121412.6478716596
112474.5287348482 121091.0420958298
118206.1551812054 123985.4940782979

112952.1642720446 123181.4796387234
110723.1984317946 120126.2247683404
114862.7064208303 122055.8594233192
113748.2235007054 122699.0709749787
112315.3168891161 120930.2392079149
112315.3168891161 120608.6334320851
110086.3510488661 119483.0132166808
112474.5287348482 123342.2825266383
112315.3168891161 120769.4363200000
111996.8931976518 120287.0276562553

115340.3419580268 122055.8594233192
111678.4695061875 120608.6334320851
111360.0458147232 122859.8738628936
112474.5287348482 123181.4796387234
112315.3168891161 120287.0276562553
111678.4695061875 122216.6623112340
115658.7656494911 122538.2680870638
111996.8931976518 119965.4218804255
118365.3670269375 124146.2969662128
112474.5287348482 121091.0420958298

111837.6813519196 120447.8305441702
114225.8590379018 123824.6911903830
111996.8931976518 120126.2247683404
111678.4695061875 119322.2103287660
111996.8931976518 123342.2825266383
113748.2235007054 122699.0709749787
112315.3168891161 120608.6334320851
118206.1551812054 123985.4940782979
112474.5287348482 121091.0420958298
111996.8931976518 119643.8161045957

110245.5628945982 120769.4363200000
110404.7747403304 120287.0276562553
110245.5628945982 120447.8305441702
112156.1050433839 119965.4218804255
112633.7405805804 120608.6334320851
113270.5879635089 123342.2825266383
115181.1301122946 121734.2536474894
112315.3168891161 120930.2392079149
111996.8931976518 120287.0276562553
111678.4695061875 119643.8161045957

112315.3168891161 123020.6767508085
112315.3168891161 120608.6334320851
112474.5287348482 121091.0420958298
112792.9524263125 123342.2825266383
111996.8931976518 119804.6189925106
114066.6471921696 123824.6911903830
115977.1893409554 122859.8738628936
115181.1301122946 121734.2536474894
110723.1984317946 119804.6189925106
115658.7656494911 122055.8594233192

113589.0116549732 123020.6767508085
112952.1642720446 120930.2392079149
110723.1984317946 119483.0132166808
115499.5538037589 121895.0565354042
118206.1551812054 123985.4940782979
113907.4353464375 122699.0709749787
112156.1050433839 120608.6334320851
115499.5538037589 122216.6623112340
110882.4102775268 119161.4074408510
113589.0116549732 123181.4796387234

112633.7405805804 123181.4796387234
114225.8590379018 123503.0854145532
112474.5287348482 120447.8305441702
112156.1050433839 119483.0132166808
111837.6813519196 123503.0854145532
115021.9182665625 121895.0565354042
115658.7656494911 122377.4651991489
112315.3168891161 119965.4218804255
112633.7405805804 120769.4363200000
112474.5287348482 121091.0420958298

