131148.3962877195 121538.7463850660
133899.6156105732 115824.0111759340
130501.0505646951 121697.4890297642
132928.5970260366 118840.1214251981
130339.2141339390 118998.8640698962
129691.8684109146 119633.8346486887
134708.7977643537 119316.3493592924
130501.0505646951 122014.9743191604
133252.2698875488 119316.3493592924
134546.9613335976 116617.7243994245
131633.9055799878 118522.6361358019
133737.7791798171 116458.9817547264
134385.1249028415 114712.8126630472
134708.7977643537 114554.0700183491
133575.9427490610 117093.9523335189

130015.5412724268 121697.4890297642
130986.5598569634 121062.5184509717
129368.1955494024 116617.7243994245
131310.2327184756 118363.8934911038
130339.2141339390 122332.4596085566
130824.7234262073 119633.8346486887
132443.0877337683 116935.2096888208
130986.5598569634 121380.0037403679
133899.6156105732 116141.4964653302
134546.9613335976 114554.0700183491
134385.1249028415 119792.5772933868
131633.9055799878 115506.5258865377
129368.1955494024 116141.4964653302
130662.8869954512 115347.7832418396
132281.2513030122 117728.9229123113

133575.9427490610 115665.2685312359
130339.2141339390 119792.5772933868
131148.3962877195 120110.0625827830
129691.8684109146 118205.1508464057
133737.7791798171 117887.6655570094
133575.9427490610 116776.4670441226
130339.2141339390 122014.9743191604
129206.3591186464 118205.1508464057
133414.1063183049 117093.9523335189
130986.5598569634 119316.3493592924
132766.7605952805 118998.8640698962
134546.9613335976 118840.1214251981
131957.5784415000 117887.6655570094
129044.5226878902 115665.2685312359
130662.8869954512 119157.6067145943

133575.9427490610 116935.2096888208
132281.2513030122 118363.8934911038
130015.5412724268 122332.4596085566
129853.7048416707 116935.2096888208
130986.5598569634 115347.7832418396
129853.7048416707 116458.9817547264
130986.5598569634 121380.0037403679
129691.8684109146 118363.8934911038
133414.1063183049 115982.7538206321
131633.9055799878 118205.1508464057
129368.1955494024 118522.6361358019
133414.1063183049 115347.7832418396
132928.5970260366 119157.6067145943
131633.9055799878 116458.9817547264
129691.8684109146 115824.0111759340

129691.8684109146 120110.0625827830
134708.7977643537 120745.0331615755
134870.6341951098 115665.2685312359
133737.7791798171 116141.4964653302
135194.3070566220 120427.5478721792
129853.7048416707 120586.2905168774
129530.0319801585 118998.8640698962
131957.5784415000 116458.9817547264
129530.0319801585 118363.8934911038
134708.7977643537 118998.8640698962
131957.5784415000 117570.1802676132
130662.8869954512 121697.4890297642
133575.9427490610 117887.6655570094
130339.2141339390 122332.4596085566
133575.9427490610 115665.2685312359

131795.7420107439 115506.5258865377
129691.8684109146 117570.1802676132
133737.7791798171 116300.2391100283
131148.3962877195 119792.5772933868
132281.2513030122 118681.3787805000
133737.7791798171 115347.7832418396
129691.8684109146 118522.6361358019
130177.3777031829 122173.7169638585
131795.7420107439 116617.7243994245
132443.0877337683 116458.9817547264
130177.3777031829 122491.2022532547
129691.8684109146 119633.8346486887
133252.2698875488 115506.5258865377
130662.8869954512 121697.4890297642
130177.3777031829 120586.2905168774

134385.1249028415 119157.6067145943
134061.4520413293 118522.6361358019
129530.0319801585 118046.4082017076
134385.1249028415 117093.9523335189
130339.2141339390 121538.7463850660
133252.2698875488 119475.0920039906
130177.3777031829 117252.6949782170
129368.1955494024 118363.8934911038
133899.6156105732 116300.2391100283
134385.1249028415 115665.2685312359
134708.7977643537 117887.6655570094
131148.3962877195 120110.0625827830
134546.9613335976 114554.0700183491
130177.3777031829 121062.5184509717
133899.6156105732 115824.0111759340

133252.2698875488 115824.0111759340
130339.2141339390 121856.2316744623
134385.1249028415 118840.1214251981
132766.7605952805 118681.3787805000
132766.7605952805 116141.4964653302
134708.7977643537 119633.8346486887
133737.7791798171 117411.4376229151
133737.7791798171 116141.4964653302
132443.0877337683 117570.1802676132
130015.5412724268 122014.9743191604
129530.0319801585 117093.9523335189
132928.5970260366 118998.8640698962
129206.3591186464 118363.8934911038
133575.9427490610 117411.4376229151
133090.4334567927 117093.9523335189

132443.0877337683 118205.1508464057
135032.4706258659 119316.3493592924
131148.3962877195 120110.0625827830
130824.7234262073 118205.1508464057
135194.3070566220 121221.2610956698
129853.7048416707 120586.2905168774
129691.8684109146 118046.4082017076
130015.5412724268 116617.7243994245
133899.6156105732 117570.1802676132
133252.2698875488 115982.7538206321
130662.8869954512 122014.9743191604
129691.8684109146 116776.4670441226
128720.8498263780 115665.2685312359
132604.9241645244 116141.4964653302
130824.7234262073 121697.4890297642

132119.4148722561 116458.9817547264
130015.5412724268 116617.7243994245
133414.1063183049 115824.0111759340
131795.7420107439 116617.7243994245
130662.8869954512 121697.4890297642
135032.4706258659 121062.5184509717
133575.9427490610 116776.4670441226
134708.7977643537 115665.2685312359
130339.2141339390 121856.2316744623
132443.0877337683 117411.4376229151
129691.8684109146 118363.8934911038
130339.2141339390 118205.1508464057
134708.7977643537 119633.8346486887
131633.9055799878 118363.8934911038
132119.4148722561 117411.4376229151

132119.4148722561 117411.4376229151
134546.9613335976 115189.0405971415
130015.5412724268 116617.7243994245
133252.2698875488 115189.0405971415
133414.1063183049 115824.0111759340
132766.7605952805 118998.8640698962
129691.8684109146 119951.3199380849
130662.8869954512 119157.6067145943
130662.8869954512 115347.7832418396
130824.7234262073 119633.8346486887
131633.9055799878 116300.2391100283
132443.0877337683 115824.0111759340
130339.2141339390 115982.7538206321
134223.2884720854 119475.0920039906
130824.7234262073 118363.8934911038

131633.9055799878 115824.0111759340
132928.5970260366 119316.3493592924
134385.1249028415 115982.7538206321
130986.5598569634 121380.0037403679
133575.9427490610 115189.0405971415
134546.9613335976 118840.1214251981
129368.1955494024 118205.1508464057
131148.3962877195 120268.8052274811
130339.2141339390 121856.2316744623
134870.6341951098 120903.7758062736
133737.7791798171 118046.4082017076
133414.1063183049 115665.2685312359
134546.9613335976 114554.0700183491
129691.8684109146 119951.3199380849
134223.2884720854 119475.0920039906

134546.9613335976 119633.8346486887
130339.2141339390 117887.6655570094
130824.7234262073 119951.3199380849
131148.3962877195 118046.4082017076
133090.4334567927 117252.6949782170
134061.4520413293 114871.5553077453
130339.2141339390 122014.9743191604
130501.0505646951 116141.4964653302
133090.4334567927 114871.5553077453
133252.2698875488 116776.4670441226
130824.7234262073 120903.7758062736
129530.0319801585 117728.9229123113
130501.0505646951 116458.9817547264
130662.8869954512 118840.1214251981
135032.4706258659 119475.0920039906

