34648877.7877663970 990888.4960937500
34127319.2664208785 981245.0156250000
34606213.6240459606 984510.3750000000
34748097.7335847989 990971.2070312500
34551517.3046780080 984338.8125000000
35571524.6034281403 1006941.4804687500
34751772.4760528430 999552.3593750000
35325221.7650740147 1006085.1992187500
34128216.0375873297 982966.7226562500
37236790.1663483977 1010816.3320312500
34944487.4692180604 1001647.2148437500
35745744.0974043384 1009957.7500000000
35320780.4210203961 1002673.2226562500
34115002.9137049988 974517.5117187500
34603630.1607590094 984425.0820312500
36842545.0729052424 1010760.3437500000
