59966706.2825125009 48373.4803771973
57458387.1225157827 43317.2881011963
60838299.3900309950 48644.0432128906
59399044.4600623399 47635.3740234375
60444731.0672145635 48552.0811767578
56606314.2551165521 35854.6889343262
59236547.8347970471 47400.9445800781
58820010.2153050005 46553.1030120850
56541808.6878738627 35697.3146057129
57037618.0062353760 37154.6311645508
57341247.6979989633 43158.8699188232
59814648.6150116324 48360.0153808594
57800741.4148090035 45297.7055664062
57638703.1903505623 44174.7092285156
58356265.8516131118 46131.3952636719
61161832.4998426437 51088.6634521484
57227862.8916890621 42584.7227172852
57207563.6500223577 38637.8350982666
