60444731.0672145635 48552.0811767578
56606314.2551165521 35854.6889343262
59236547.8347970471 47400.9445800781
58820010.2153050005 46553.1030120850
57478421.6301032826 43256.4199142456
56541808.6878738627 35697.3146057129
57037618.0062353760 37154.6311645508
57341247.6979989633 43158.8699188232
59814648.6150116324 48360.0153808594
57800741.4148090035 45297.7055664062
57638703.1903505623 44174.7092285156
58356265.8516131118 46131.3952636719
59751793.2467800602 47602.1969451904
61161832.4998426437 51088.6634521484
57227862.8916890621 42584.7227172852
57207563.6500223577 38637.8350982666
59547726.1869532540 47449.8354492188
59721751.8157011345 47561.4629516602
