61981289.7609035745 48644.5382690430
58255024.2307568938 42531.9313278198
59547726.1869532540 47449.8354492188
56718673.8686318099 35448.6816482544
59045404.8644954264 46276.5215759277
57326781.2358591557 37137.1717376709
58700562.8662565574 44423.4319992065
58672104.8847246170 43770.1306457520
60552112.2525784522 48522.8582153320
57457650.7041603997 41639.6125335693
58781880.6930256411 44816.5324096680
58135327.5300472751 42461.5222167969
62477071.2108426318 48681.1356506348
63648157.7744522169 48940.0260009766
58439333.8804004490 43748.9566650391
58397836.5110279247 42606.2647705078
59721751.8157011345 47561.4629516602
57930176.0992916077 41798.4358215332
