121662.9660352037 127562.6152715662
122297.5253497222 127721.7140723750
119124.7287771296 122948.7500481103
119600.6482630185 121198.6632392132
118014.2499767222 129312.7020804632
118966.0889485000 126767.1212675221
118648.8092912407 125335.2320602426
121028.4067206852 128358.1092756103
124042.5634646481 125812.5284626691
124201.2032932778 125494.3308610515
119442.0084343889 121994.1572432573
118648.8092912407 131380.9864909780
121662.9660352037 122471.4536456838
120552.4872347963 121675.9596416397
123566.6439787593 121039.5644384044
124201.2032932778 123744.2440521544
118014.2499767222 127880.8128731838
118648.8092912407 128517.2080764191
118807.4491198704 125971.6272634779
119124.7287771296 124380.6392553897
123566.6439787593 125335.2320602426
119124.7287771296 127721.7140723750
121504.3262065741 128517.2080764191
121504.3262065741 125653.4296618603
121028.4067206852 127403.5164707574

118331.5296339815 128994.5044788456
122773.4448356111 121357.7620400221
118172.8898053518 125335.2320602426
119283.3686057593 122630.5524464927
120711.1270634259 122471.4536456838
123883.9236360185 126448.9236659044
120711.1270634259 127880.8128731838
119442.0084343889 125176.1332594338
119917.9279202778 121516.8608408309
120711.1270634259 126926.2200683309
122297.5253497222 127403.5164707574
121662.9660352037 121516.8608408309
121821.6058638333 127880.8128731838
122456.1651783518 121994.1572432573
120076.5677489074 126926.2200683309
119442.0084343889 128199.0104748015
120393.8474061667 126926.2200683309
118807.4491198704 126767.1212675221
119124.7287771296 128039.9116739927
119442.0084343889 128358.1092756103
119600.6482630185 121357.7620400221
120393.8474061667 128039.9116739927
119917.9279202778 128835.4056780368
120552.4872347963 127403.5164707574
119600.6482630185 121994.1572432573

118172.8898053518 124539.7380561985
120393.8474061667 125176.1332594338
118331.5296339815 130903.6900885515
117855.6101480926 127085.3188691397
120869.7668920556 128676.3068772279
118490.1694626111 128517.2080764191
118807.4491198704 125335.2320602426
119442.0084343889 124221.5404545809
118648.8092912407 131062.7888893603
118014.2499767222 124062.4416537721
119442.0084343889 126926.2200683309
121187.0465493148 128039.9116739927
125153.0422650556 124857.9356578162
119917.9279202778 122312.3548448750
118014.2499767222 124698.8368570074
120552.4872347963 121516.8608408309
118966.0889485000 125653.4296618603
120235.2075775370 125812.5284626691
119124.7287771296 121994.1572432573
122614.8050069815 121198.6632392132
119283.3686057593 121516.8608408309
123883.9236360185 124380.6392553897
121504.3262065741 127562.6152715662
117538.3304908333 127403.5164707574
123249.3643215000 121357.7620400221

118172.8898053518 129471.8008812721
118966.0889485000 122948.7500481103
121980.2456924630 127880.8128731838
120076.5677489074 121357.7620400221
121187.0465493148 127403.5164707574
118966.0889485000 123266.9476497279
121345.6863779444 121357.7620400221
121187.0465493148 128039.9116739927
124042.5634646481 125653.4296618603
121821.6058638333 127880.8128731838
118807.4491198704 122630.5524464927
119283.3686057593 122153.2560440662
120393.8474061667 125017.0344586250
121345.6863779444 121994.1572432573
121504.3262065741 121994.1572432573
119759.2880916481 122312.3548448750
120076.5677489074 126767.1212675221
119600.6482630185 125971.6272634779
118966.0889485000 123744.2440521544
125153.0422650556 124539.7380561985
120869.7668920556 127880.8128731838
117855.6101480926 124857.9356578162
119124.7287771296 126608.0224667132
119283.3686057593 128358.1092756103
118331.5296339815 126289.8248650956

120076.5677489074 127562.6152715662
121187.0465493148 121516.8608408309
118807.4491198704 128517.2080764191
119442.0084343889 121198.6632392132
118807.4491198704 123266.9476497279
119124.7287771296 121516.8608408309
117379.6906622037 126926.2200683309
118014.2499767222 125494.3308610515
121980.2456924630 127085.3188691397
124201.2032932778 124062.4416537721
124835.7626077963 124857.9356578162
118331.5296339815 123426.0464505368
121345.6863779444 122153.2560440662
120869.7668920556 121198.6632392132
122773.4448356111 121516.8608408309
118807.4491198704 128358.1092756103
117062.4110049445 124857.9356578162
118331.5296339815 122312.3548448750
118014.2499767222 123266.9476497279
117062.4110049445 124221.5404545809
120393.8474061667 127880.8128731838
122297.5253497222 127562.6152715662
118807.4491198704 127880.8128731838
118966.0889485000 124380.6392553897
118966.0889485000 127244.4176699485

122614.8050069815 125971.6272634779
118331.5296339815 122312.3548448750
119759.2880916481 121835.0584424485
118172.8898053518 125176.1332594338
121504.3262065741 127721.7140723750
117855.6101480926 127244.4176699485
119283.3686057593 126926.2200683309
119124.7287771296 128199.0104748015
119124.7287771296 125971.6272634779
124201.2032932778 125494.3308610515
122456.1651783518 121516.8608408309
121504.3262065741 128199.0104748015
124994.4024364259 123744.2440521544
118807.4491198704 127880.8128731838
123090.7244928704 121675.9596416397
121821.6058638333 121516.8608408309
121662.9660352037 125176.1332594338
118331.5296339815 125812.5284626691
120235.2075775370 125176.1332594338
119442.0084343889 125494.3308610515
118172.8898053518 124698.8368570074
117379.6906622037 125971.6272634779
120076.5677489074 127244.4176699485
124835.7626077963 125494.3308610515
119759.2880916481 125812.5284626691

119283.3686057593 127085.3188691397
125153.0422650556 125176.1332594338
120235.2075775370 127721.7140723750
124677.1227791667 125971.6272634779
120711.1270634259 128517.2080764191
119442.0084343889 122948.7500481103
121504.3262065741 126608.0224667132
121028.4067206852 127244.4176699485
119917.9279202778 121835.0584424485
120076.5677489074 121835.0584424485
120711.1270634259 128835.4056780368
118648.8092912407 124857.9356578162
119600.6482630185 121835.0584424485
119442.0084343889 123266.9476497279
124677.1227791667 125653.4296618603
118807.4491198704 122789.6512473015
121821.6058638333 121198.6632392132
119917.9279202778 127085.3188691397
121504.3262065741 122312.3548448750
119600.6482630185 122789.6512473015
117696.9703194630 123744.2440521544
120552.4872347963 121994.1572432573
121821.6058638333 121994.1572432573
121028.4067206852 121357.7620400221
122614.8050069815 121039.5644384044

120552.4872347963 124698.8368570074
119917.9279202778 127244.4176699485
124994.4024364259 123903.3428529633
122614.8050069815 121835.0584424485
119442.0084343889 125971.6272634779
119283.3686057593 121675.9596416397
121504.3262065741 128199.0104748015
119600.6482630185 126926.2200683309
120235.2075775370 126926.2200683309
118331.5296339815 122948.7500481103
120076.5677489074 128517.2080764191
120552.4872347963 122312.3548448750
118331.5296339815 129153.6032796544
120869.7668920556 121198.6632392132
118014.2499767222 128994.5044788456
120076.5677489074 124221.5404545809
122138.8855210926 121357.7620400221
118172.8898053518 125653.4296618603
119283.3686057593 121357.7620400221
117696.9703194630 125335.2320602426
120393.8474061667 127403.5164707574
118648.8092912407 130903.6900885515
119759.2880916481 122312.3548448750
122932.0846642407 124380.6392553897
120076.5677489074 127880.8128731838

118648.8092912407 122153.2560440662
119600.6482630185 127244.4176699485
118490.1694626111 125494.3308610515
121187.0465493148 126926.2200683309
121662.9660352037 128358.1092756103
122297.5253497222 124539.7380561985
119124.7287771296 122312.3548448750
120869.7668920556 128517.2080764191
119759.2880916481 125653.4296618603
118490.1694626111 122312.3548448750
117538.3304908333 127562.6152715662
118648.8092912407 124380.6392553897
121187.0465493148 128676.3068772279
119917.9279202778 124380.6392553897
118966.0889485000 121994.1572432573
120393.8474061667 123744.2440521544
121662.9660352037 127403.5164707574
122297.5253497222 122153.2560440662
119124.7287771296 128517.2080764191
119442.0084343889 128994.5044788456
119283.3686057593 121516.8608408309
117538.3304908333 124539.7380561985
117696.9703194630 123585.1452513456
121980.2456924630 121675.9596416397
120076.5677489074 125176.1332594338

124359.8431219074 125494.3308610515
118966.0889485000 122312.3548448750
117538.3304908333 123744.2440521544
119124.7287771296 122789.6512473015
121980.2456924630 127880.8128731838
122773.4448356111 121357.7620400221
118966.0889485000 121835.0584424485
120235.2075775370 126448.9236659044
118331.5296339815 125812.5284626691
117221.0508335741 124857.9356578162
121187.0465493148 128039.9116739927
120711.1270634259 128835.4056780368
121345.6863779444 121357.7620400221
122932.0846642407 121675.9596416397
117379.6906622037 125653.4296618603
120235.2075775370 121994.1572432573
117538.3304908333 127562.6152715662
118966.0889485000 126926.2200683309
117379.6906622037 123744.2440521544
117696.9703194630 127085.3188691397
121345.6863779444 128039.9116739927
119442.0084343889 122471.4536456838
118648.8092912407 121835.0584424485
120076.5677489074 127403.5164707574
119124.7287771296 122312.3548448750

121821.6058638333 127721.7140723750
119917.9279202778 122153.2560440662
120076.5677489074 122153.2560440662
118966.0889485000 127244.4176699485
119124.7287771296 126289.8248650956
119600.6482630185 125176.1332594338
118648.8092912407 128039.9116739927
124359.8431219074 125335.2320602426
121187.0465493148 127244.4176699485
121345.6863779444 121835.0584424485
119600.6482630185 121675.9596416397
117221.0508335741 125176.1332594338
119759.2880916481 121994.1572432573
118648.8092912407 121835.0584424485
120235.2075775370 127403.5164707574
118807.4491198704 127880.8128731838
121504.3262065741 126608.0224667132
119759.2880916481 129312.7020804632
119124.7287771296 127562.6152715662
117221.0508335741 124380.6392553897
122138.8855210926 121994.1572432573
121187.0465493148 127562.6152715662
117855.6101480926 125653.4296618603
118966.0889485000 125017.0344586250
121028.4067206852 126448.9236659044

119283.3686057593 125494.3308610515
120235.2075775370 123585.1452513456
120393.8474061667 125335.2320602426
119917.9279202778 122471.4536456838
119124.7287771296 122153.2560440662
121028.4067206852 121516.8608408309
120235.2075775370 126448.9236659044
118014.2499767222 127562.6152715662
117538.3304908333 125971.6272634779
118807.4491198704 121835.0584424485
118966.0889485000 127721.7140723750
118014.2499767222 123903.3428529633
121821.6058638333 121994.1572432573
117855.6101480926 124380.6392553897
120393.8474061667 121357.7620400221
119917.9279202778 121994.1572432573
118490.1694626111 128358.1092756103
120869.7668920556 121994.1572432573
120869.7668920556 126608.0224667132
120711.1270634259 128199.0104748015
124518.4829505370 125971.6272634779
118648.8092912407 129630.8996820809
118966.0889485000 125971.6272634779
122456.1651783518 126289.8248650956
120393.8474061667 127880.8128731838

118966.0889485000 125335.2320602426
119283.3686057593 127244.4176699485
120869.7668920556 122312.3548448750
121028.4067206852 128358.1092756103
119124.7287771296 122471.4536456838
118172.8898053518 124539.7380561985
121187.0465493148 127562.6152715662
118490.1694626111 123903.3428529633
117221.0508335741 123903.3428529633
121187.0465493148 128676.3068772279
117696.9703194630 124062.4416537721
122614.8050069815 121835.0584424485
118331.5296339815 128835.4056780368
118331.5296339815 127562.6152715662
119442.0084343889 121516.8608408309
118648.8092912407 128199.0104748015
118648.8092912407 126448.9236659044
122773.4448356111 126926.2200683309
121662.9660352037 121835.0584424485
125153.0422650556 125017.0344586250
119600.6482630185 124221.5404545809
118648.8092912407 127880.8128731838
119124.7287771296 126608.0224667132
118807.4491198704 126767.1212675221
119124.7287771296 124539.7380561985

118172.8898053518 128039.9116739927
121821.6058638333 121516.8608408309
119600.6482630185 128517.2080764191
120711.1270634259 125653.4296618603
119442.0084343889 129153.6032796544
123090.7244928704 121675.9596416397
124994.4024364259 125335.2320602426
117696.9703194630 127085.3188691397
118807.4491198704 125812.5284626691
118014.2499767222 128676.3068772279
119917.9279202778 127244.4176699485
120076.5677489074 123585.1452513456
121345.6863779444 125812.5284626691
117221.0508335741 126130.7260642868
118014.2499767222 125017.0344586250
119283.3686057593 122789.6512473015
118966.0889485000 125176.1332594338
117855.6101480926 124062.4416537721
119600.6482630185 121835.0584424485
120393.8474061667 121198.6632392132
120393.8474061667 121675.9596416397
123725.2838073889 125653.4296618603
119124.7287771296 121516.8608408309
118014.2499767222 127721.7140723750
121187.0465493148 128199.0104748015

119917.9279202778 121516.8608408309
120869.7668920556 126767.1212675221
119442.0084343889 121198.6632392132
123566.6439787593 125812.5284626691
121187.0465493148 125335.2320602426
121345.6863779444 127562.6152715662
120076.5677489074 127721.7140723750
124359.8431219074 124221.5404545809
120393.8474061667 123744.2440521544
118648.8092912407 126289.8248650956
120235.2075775370 129471.8008812721
119759.2880916481 122153.2560440662
118490.1694626111 127562.6152715662
125153.0422650556 124380.6392553897
124359.8431219074 125812.5284626691
119600.6482630185 123903.3428529633
119759.2880916481 128994.5044788456
124201.2032932778 123744.2440521544
118014.2499767222 129630.8996820809
123408.0041501296 121039.5644384044
119283.3686057593 126767.1212675221
119917.9279202778 129312.7020804632
122297.5253497222 121198.6632392132
118648.8092912407 125494.3308610515
117538.3304908333 124698.8368570074

120235.2075775370 122471.4536456838
117062.4110049445 124857.9356578162
119442.0084343889 127244.4176699485
120393.8474061667 128994.5044788456
121662.9660352037 128039.9116739927
121345.6863779444 121516.8608408309
119917.9279202778 127721.7140723750
121028.4067206852 127403.5164707574
118014.2499767222 128199.0104748015
120076.5677489074 127562.6152715662
121662.9660352037 127721.7140723750
118807.4491198704 126289.8248650956
119759.2880916481 121994.1572432573
118966.0889485000 127880.8128731838
121504.3262065741 123744.2440521544
124835.7626077963 125653.4296618603
118966.0889485000 123266.9476497279
120869.7668920556 125494.3308610515
118966.0889485000 128517.2080764191
117221.0508335741 125812.5284626691
120711.1270634259 121675.9596416397
119283.3686057593 121357.7620400221
122138.8855210926 121835.0584424485
118014.2499767222 126289.8248650956
118490.1694626111 128835.4056780368

