59148806.1059150621 47384.5845336914
56727223.7861019075 38259.1170959473
59665141.4559977651 48886.2411193848
57030599.9276453331 40407.3357086182
57458387.1225157827 43317.2881011963
59399044.4600623399 47635.3740234375
56606314.2551165521 35854.6889343262
59236547.8347970471 47400.9445800781
58820010.2153050005 46553.1030120850
56541808.6878738627 35697.3146057129
57341247.6979989633 43158.8699188232
57800741.4148090035 45297.7055664062
57638703.1903505623 44174.7092285156
58356265.8516131118 46131.3952636719
61161832.4998426437 51088.6634521484
57227862.8916890621 42584.7227172852
