57081700.7394909933 36556.1431579590
58286219.4102294520 44189.4275207520
58356265.8516131118 46131.3952636719
59464713.0819767267 46362.9422607422
58108119.8367380351 43223.3532104492
59751793.2467800602 47602.1969451904
61161832.4998426437 51088.6634521484
57227862.8916890621 42584.7227172852
58231922.2940964773 43347.1251449585
58310905.0995799229 44453.6355743408
57207563.6500223577 38637.8350982666
59519371.7986011952 46717.0077514648
59547726.1869532540 47449.8354492188
56718673.8686318099 35448.6816482544
59045404.8644954264 46276.5215759277
60552112.2525784522 48522.8582153320
59721751.8157011345 47561.4629516602
