60158905.0643051714 48167.3460693359
57800741.4148090035 45297.7055664062
57638703.1903505623 44174.7092285156
56591911.4673163071 30069.7592248917
57081700.7394909933 36556.1431579590
58356265.8516131118 46131.3952636719
59464713.0819767267 46362.9422607422
59751793.2467800602 47602.1969451904
61161832.4998426437 51088.6634521484
57227862.8916890621 42584.7227172852
57207563.6500223577 38637.8350982666
59519371.7986011952 46717.0077514648
59547726.1869532540 47449.8354492188
56718673.8686318099 35448.6816482544
59045404.8644954264 46276.5215759277
60552112.2525784522 48522.8582153320
59721751.8157011345 47561.4629516602
