33878743.3357697576 1205192.3242187500
35331578.5274593756 1254307.0703125000
35809985.4865656421 1255852.2656250000
36926769.7729971707 1258350.6093750000
34055558.8948379233 1243535.7890625000
34854088.7639104575 1249887.3437500000
36024448.3540211543 1256917.8437500000
33885944.1269252226 1229928.4492187500
36418001.0792416334 1257482.7500000000
35177033.9048362449 1252180.8593750000
35896963.5940016061 1256841.5234375000
35731621.2749363780 1255268.8750000000
35245529.4470259771 1253925.3593750000
35752505.8280933499 1255808.4062500000
34654174.4591498598 1248271.2578125000
