36024448.3540211543 1256917.8437500000
33885944.1269252226 1229928.4492187500
34645866.3100109622 1242020.1640625000
34858119.3488908932 1248603.4687500000
35606063.9196989611 1254112.6875000000
36418001.0792416334 1257482.7500000000
34248359.5834417865 1235946.0234375000
34190900.5416557491 1234807.9101562500
34198471.8894353956 1235133.8398437500
35177033.9048362449 1252180.8593750000
34271998.2850695252 1241239.9375000000
35896963.5940016061 1256841.5234375000
35731621.2749363780 1255268.8750000000
35245529.4470259771 1253925.3593750000
37518586.3415705338 1258350.6093750000
35024362.6329357252 1249542.6640625000
35752505.8280933499 1255808.4062500000
34654174.4591498598 1248271.2578125000
