132928.5970260366 115506.5258865377
129691.8684109146 115665.2685312359
134385.1249028415 114554.0700183491
130339.2141339390 121062.5184509717
132119.4148722561 117570.1802676132
131148.3962877195 115982.7538206321
131795.7420107439 118681.3787805000
131472.0691492317 115189.0405971415
129853.7048416707 121856.2316744623
129368.1955494024 116458.9817547264
133899.6156105732 114712.8126630472
129691.8684109146 120268.8052274811
130986.5598569634 118681.3787805000
129853.7048416707 121221.2610956698
133414.1063183049 116935.2096888208

131472.0691492317 115189.0405971415
130015.5412724268 116458.9817547264
130339.2141339390 115824.0111759340
134546.9613335976 119633.8346486887
133575.9427490610 115824.0111759340
131795.7420107439 118522.6361358019
132928.5970260366 115824.0111759340
132928.5970260366 119157.6067145943
134223.2884720854 118998.8640698962
129368.1955494024 116458.9817547264
134708.7977643537 118681.3787805000
133252.2698875488 115347.7832418396
134870.6341951098 117570.1802676132
134061.4520413293 117411.4376229151
129530.0319801585 120110.0625827830

129368.1955494024 118681.3787805000
133575.9427490610 117728.9229123113
130824.7234262073 121697.4890297642
131148.3962877195 121538.7463850660
130986.5598569634 118998.8640698962
131795.7420107439 117411.4376229151
132766.7605952805 115982.7538206321
129044.5226878902 115824.0111759340
132766.7605952805 119316.3493592924
134385.1249028415 115824.0111759340
130177.3777031829 122491.2022532547
131148.3962877195 120268.8052274811
134546.9613335976 117728.9229123113
135032.4706258659 121062.5184509717
129691.8684109146 116935.2096888208

129368.1955494024 115665.2685312359
133252.2698875488 116776.4670441226
129530.0319801585 119951.3199380849
129206.3591186464 116458.9817547264
134870.6341951098 118046.4082017076
133737.7791798171 120110.0625827830
133575.9427490610 114871.5553077453
130662.8869954512 119316.3493592924
134708.7977643537 114554.0700183491
134870.6341951098 116617.7243994245
132119.4148722561 117887.6655570094
130501.0505646951 121697.4890297642
134385.1249028415 119633.8346486887
133575.9427490610 115506.5258865377
132281.2513030122 117411.4376229151

130986.5598569634 120110.0625827830
132443.0877337683 116300.2391100283
130339.2141339390 116141.4964653302
134546.9613335976 119475.0920039906
133737.7791798171 117252.6949782170
129530.0319801585 118363.8934911038
129044.5226878902 116458.9817547264
129853.7048416707 119633.8346486887
134708.7977643537 119633.8346486887
129206.3591186464 118205.1508464057
129368.1955494024 118681.3787805000
134870.6341951098 118840.1214251981
134223.2884720854 119792.5772933868
129530.0319801585 115506.5258865377
134708.7977643537 119792.5772933868

129206.3591186464 117411.4376229151
133414.1063183049 115824.0111759340
134385.1249028415 114554.0700183491
132766.7605952805 119316.3493592924
130824.7234262073 118840.1214251981
134870.6341951098 119633.8346486887
133575.9427490610 117093.9523335189
130986.5598569634 119951.3199380849
130986.5598569634 121380.0037403679
133090.4334567927 119157.6067145943
132281.2513030122 117887.6655570094
129853.7048416707 121856.2316744623
129530.0319801585 119951.3199380849
134061.4520413293 118205.1508464057
134708.7977643537 117411.4376229151

129853.7048416707 121538.7463850660
130177.3777031829 122491.2022532547
130501.0505646951 121221.2610956698
133737.7791798171 117728.9229123113
135032.4706258659 120903.7758062736
132119.4148722561 115030.2979524434
130015.5412724268 116776.4670441226
134223.2884720854 119475.0920039906
134546.9613335976 115824.0111759340
130177.3777031829 117887.6655570094
131310.2327184756 115506.5258865377
132281.2513030122 117570.1802676132
129206.3591186464 118046.4082017076
130824.7234262073 117887.6655570094
130177.3777031829 122014.9743191604

129530.0319801585 116617.7243994245
129044.5226878902 115665.2685312359
130824.7234262073 118205.1508464057
130986.5598569634 121380.0037403679
130177.3777031829 122014.9743191604
132928.5970260366 119475.0920039906
129691.8684109146 115506.5258865377
129530.0319801585 115824.0111759340
134546.9613335976 116776.4670441226
134546.9613335976 119316.3493592924
133737.7791798171 116617.7243994245
134708.7977643537 118840.1214251981
133737.7791798171 117411.4376229151
135194.3070566220 121062.5184509717
132766.7605952805 118998.8640698962

130501.0505646951 116935.2096888208
133899.6156105732 115824.0111759340
131795.7420107439 117252.6949782170
134223.2884720854 119792.5772933868
134708.7977643537 115506.5258865377
133899.6156105732 116617.7243994245
131148.3962877195 120903.7758062736
130824.7234262073 119316.3493592924
130824.7234262073 115347.7832418396
129853.7048416707 119316.3493592924
133899.6156105732 116300.2391100283
134546.9613335976 118205.1508464057
129206.3591186464 117887.6655570094
134546.9613335976 119475.0920039906
130177.3777031829 122014.9743191604

131957.5784415000 117093.9523335189
130986.5598569634 118681.3787805000
134385.1249028415 114554.0700183491
134708.7977643537 119792.5772933868
130339.2141339390 121856.2316744623
133575.9427490610 117093.9523335189
131957.5784415000 115665.2685312359
130339.2141339390 122173.7169638585
135194.3070566220 120903.7758062736
133899.6156105732 119475.0920039906
132928.5970260366 119157.6067145943
130986.5598569634 119316.3493592924
132604.9241645244 119157.6067145943
129691.8684109146 118998.8640698962
131957.5784415000 118522.6361358019

129691.8684109146 119475.0920039906
134708.7977643537 115030.2979524434
129691.8684109146 120903.7758062736
133737.7791798171 116300.2391100283
133737.7791798171 115824.0111759340
133737.7791798171 115347.7832418396
130015.5412724268 121380.0037403679
133899.6156105732 117252.6949782170
132443.0877337683 116935.2096888208
130015.5412724268 116776.4670441226
133737.7791798171 118046.4082017076
131472.0691492317 115347.7832418396
130339.2141339390 122332.4596085566
130015.5412724268 122491.2022532547
129853.7048416707 118363.8934911038

130015.5412724268 118363.8934911038
134223.2884720854 114871.5553077453
133737.7791798171 116458.9817547264
131148.3962877195 121538.7463850660
130662.8869954512 118205.1508464057
129368.1955494024 118363.8934911038
134385.1249028415 119951.3199380849
128882.6862571341 115665.2685312359
129368.1955494024 116617.7243994245
130339.2141339390 119792.5772933868
132928.5970260366 115347.7832418396
129853.7048416707 115506.5258865377
133575.9427490610 118205.1508464057
129691.8684109146 118998.8640698962
133090.4334567927 116458.9817547264

129530.0319801585 120110.0625827830
129368.1955494024 118681.3787805000
131472.0691492317 117093.9523335189
134223.2884720854 115824.0111759340
129853.7048416707 121856.2316744623
130177.3777031829 121538.7463850660
129530.0319801585 118363.8934911038
129530.0319801585 117887.6655570094
129368.1955494024 116141.4964653302
129853.7048416707 116776.4670441226
134061.4520413293 119316.3493592924
133737.7791798171 116300.2391100283
135032.4706258659 120586.2905168774
134546.9613335976 119951.3199380849
133414.1063183049 115665.2685312359

135032.4706258659 119475.0920039906
134385.1249028415 117093.9523335189
130986.5598569634 121380.0037403679
133575.9427490610 114712.8126630472
133575.9427490610 116935.2096888208
133090.4334567927 115189.0405971415
130824.7234262073 118681.3787805000
133252.2698875488 117887.6655570094
129530.0319801585 118998.8640698962
134708.7977643537 114871.5553077453
133414.1063183049 115824.0111759340
132604.9241645244 119157.6067145943
131957.5784415000 115665.2685312359
132928.5970260366 118840.1214251981
129368.1955494024 118205.1508464057

