36805157.4317173064 1256966.8281250000
34271998.2850695252 1241239.9375000000
34242914.0837953091 1234997.6914062500
35704536.5085810497 1254100.3437500000
35896963.5940016061 1256841.5234375000
34230588.7763037086 1233067.2031250000
35731621.2749363780 1255268.8750000000
35245529.4470259771 1253925.3593750000
33941097.2908646688 1227999.1484375000
36553141.7514064983 1256866.8125000000
37518586.3415705338 1258350.6093750000
35024362.6329357252 1249542.6640625000
35752505.8280933499 1255808.4062500000
34654174.4591498598 1248271.2578125000
