36406247.9964843690 1258350.6093750000
34459555.3446762934 1245442.1953125000
34639985.2876613960 1252127.5781250000
35170656.0596024320 1253797.7500000000
33878743.3357697576 1205192.3242187500
35331578.5274593756 1254307.0703125000
35809985.4865656421 1255852.2656250000
34055558.8948379233 1243535.7890625000
36024448.3540211543 1256917.8437500000
33885944.1269252226 1229928.4492187500
35896963.5940016061 1256841.5234375000
35731621.2749363780 1255268.8750000000
35245529.4470259771 1253925.3593750000
35752505.8280933499 1255808.4062500000
