47845613.1726466268 146230.6015625000
47827345.9509500712 144781.0283203125
47483476.5229330957 144285.9215087891
48163941.2757346481 150366.3046875000
48814825.0819359496 157066.8522949219
48808254.2183600366 152881.2579345703
48825793.1125604659 161692.9685058594
48226588.0292312577 152828.6420288086
49847356.1708301604 162669.1650390625
47422314.1736291423 142107.8256835938
47156973.6147609726 128804.0859680176
47032185.5521407276 121866.2301025391
47284786.2073699534 138183.3372802734
47275417.8303503245 134950.0661621094
50600054.7384363413 166984.2104492188
50084426.3237300441 162771.1098632812
46763836.2737276405 112238.2690658569
46964676.2285549194 119030.6995849609
48402110.2943988144 152864.0880126953
47070042.8021770418 124706.0808105469
