47334390.9632509798 141671.1089477539
51242233.4392781928 167408.8745117188
47594538.3760043532 147262.8679199219
48806217.5447151288 161885.8515625000
49077692.3711290658 163588.1938476562
49976792.5712433085 165662.4965820312
48973295.8004385903 162247.1584472656
47353092.2903885990 143723.8836059570
47750677.2768371627 152459.1485595703
46947016.8803318292 140162.9126586914
47447818.8195806667 144335.0521240234
47882459.1709257662 152548.6658935547
49522292.4573995993 165318.5463867188
46071399.1598977074 109653.5002603531
47675551.3126230687 147310.0207824707
48079944.2542925552 161230.9108886719
46910172.4842741191 139248.3883056641
46356895.7405129969 136770.5824584961
50600054.7384363413 166984.2104492188
