48059063.9112777039 151831.1350097656
46071399.1598977074 109653.5002603531
47988902.7023892775 148700.8567504883
49496593.6557776108 162624.3066406250
47675551.3126230687 147310.0207824707
48079944.2542925552 161230.9108886719
46910172.4842741191 139248.3883056641
46356895.7405129969 136770.5824584961
47483476.5229330957 144285.9215087891
48825793.1125604659 161692.9685058594
49847356.1708301604 162669.1650390625
47422314.1736291423 142107.8256835938
50600054.7384363413 166984.2104492188
50084426.3237300441 162771.1098632812
