47353092.2903885990 143723.8836059570
47750677.2768371627 152459.1485595703
46947016.8803318292 140162.9126586914
47447818.8195806667 144335.0521240234
47882459.1709257662 152548.6658935547
49148909.0406484529 161918.6013183594
50168470.9759836644 165453.9919433594
49522292.4573995993 165318.5463867188
46071399.1598977074 109653.5002603531
49496593.6557776108 162624.3066406250
47675551.3126230687 147310.0207824707
48079944.2542925552 161230.9108886719
46910172.4842741191 139248.3883056641
46356895.7405129969 136770.5824584961
48825793.1125604659 161692.9685058594
50600054.7384363413 166984.2104492188
