47882459.1709257662 152548.6658935547
49148909.0406484529 161918.6013183594
47803718.7667473555 148465.7389526367
50168470.9759836644 165453.9919433594
49522292.4573995993 165318.5463867188
46071399.1598977074 109653.5002603531
49496593.6557776108 162624.3066406250
47675551.3126230687 147310.0207824707
48079944.2542925552 161230.9108886719
46910172.4842741191 139248.3883056641
46356895.7405129969 136770.5824584961
47483476.5229330957 144285.9215087891
48825793.1125604659 161692.9685058594
47422314.1736291423 142107.8256835938
50600054.7384363413 166984.2104492188
