123077.0802506491 114245.0851233100
121486.0996288947 114568.2088137719
127054.5318050351 116345.3891113118
119736.0209449649 114729.7706590028
126895.4337428596 116345.3891113118
126736.3356806842 113437.2758971555
124827.1589345789 114729.7706590028
126099.9434319825 112791.0285162318
126577.2376185088 116345.3891113118
124827.1589345789 113598.8377423864
126259.0414941579 115214.4561946955
124986.2569967544 115860.7035756191
121645.1976910702 113760.3995876173
124827.1589345789 112952.5903614627
120372.4131936667 117153.1983374664
121963.3938154210 114729.7706590028
121645.1976910702 112952.5903614627
120372.4131936667 117637.8838731591
120849.7073801930 116830.0746470046
124031.6686237018 115537.5798851573

123554.3744371754 114083.5232780791
127213.6298672105 116345.3891113118
126099.9434319825 114568.2088137719
120849.7073801930 116830.0746470046
124986.2569967544 115052.8943494646
126736.3356806842 115052.8943494646
120213.3151314912 113598.8377423864
125940.8453698070 115537.5798851573
121645.1976910702 113275.7140519246
125622.6492454561 114568.2088137719
126895.4337428596 115537.5798851573
120531.5112558421 116183.8272660810
127054.5318050351 116022.2654208500
124190.7666858772 115052.8943494646
119736.0209449649 112144.7811353082
123077.0802506491 113275.7140519246
120849.7073801930 117961.0075636210
127690.9240537368 116022.2654208500
123554.3744371754 114891.3325042337
119736.0209449649 113437.2758971555

122122.4918775965 114891.3325042337
124986.2569967544 115699.1417303882
127054.5318050351 116345.3891113118
122281.5899397719 114245.0851233100
121645.1976910702 113114.1522066937
119099.6286962632 114083.5232780791
123872.5705615263 114568.2088137719
126259.0414941579 112952.5903614627
119736.0209449649 115376.0180399264
120372.4131936667 114891.3325042337
119576.9228827895 114729.7706590028
121804.2957532456 113437.2758971555
121167.9035045439 114568.2088137719
120054.2170693158 112467.9048257700
121645.1976910702 114729.7706590028
124827.1589345789 113760.3995876173
126736.3356806842 116183.8272660810
126418.1395563333 115376.0180399264
124827.1589345789 115214.4561946955
124349.8647480526 115376.0180399264

120054.2170693158 112629.4666710009
120690.6093180175 117961.0075636210
121804.2957532456 113114.1522066937
126418.1395563333 114891.3325042337
124986.2569967544 114083.5232780791
125781.7473076316 114406.6469685409
120531.5112558421 117314.7601826973
127054.5318050351 116506.9509565428
122599.7860641228 114568.2088137719
126577.2376185088 116022.2654208500
121327.0015667193 113437.2758971555
127531.8259915614 116506.9509565428
121008.8054423684 112629.4666710009
121645.1976910702 114406.6469685409
120372.4131936667 116022.2654208500
119099.6286962632 113437.2758971555
124508.9628102281 113275.7140519246
120213.3151314912 113114.1522066937
119895.1190071403 116022.2654208500
127054.5318050351 114568.2088137719

127531.8259915614 116506.9509565428
126259.0414941579 112791.0285162318
119258.7267584386 112952.5903614627
119576.9228827895 115376.0180399264
126736.3356806842 113598.8377423864
124190.7666858772 113437.2758971555
119895.1190071403 115699.1417303882
126259.0414941579 113598.8377423864
120531.5112558421 116183.8272660810
121804.2957532456 113598.8377423864
119417.8248206140 113760.3995876173
120531.5112558421 112467.9048257700
121804.2957532456 115052.8943494646
123236.1783128245 114083.5232780791
121167.9035045439 112791.0285162318
126577.2376185088 115699.1417303882
126418.1395563333 114729.7706590028
120054.2170693158 116183.8272660810
127213.6298672105 116345.3891113118
124827.1589345789 114083.5232780791

118940.5306340877 113760.3995876173
125304.4531211053 112791.0285162318
126418.1395563333 116506.9509565428
121008.8054423684 112629.4666710009
119895.1190071403 116345.3891113118
120213.3151314912 113437.2758971555
121008.8054423684 113760.3995876173
123395.2763750000 115052.8943494646
124668.0608724035 114891.3325042337
127372.7279293860 116506.9509565428
127690.9240537368 116830.0746470046
122122.4918775965 114891.3325042337
120213.3151314912 116830.0746470046
122122.4918775965 113275.7140519246
119576.9228827895 115376.0180399264
120372.4131936667 112306.3429805391
126577.2376185088 113437.2758971555
123395.2763750000 114083.5232780791
125463.5511832807 116022.2654208500
127054.5318050351 114729.7706590028

125622.6492454561 116183.8272660810
126895.4337428596 115214.4561946955
122122.4918775965 114891.3325042337
127372.7279293860 116830.0746470046
124827.1589345789 112952.5903614627
119895.1190071403 112791.0285162318
124508.9628102281 114891.3325042337
124031.6686237018 115214.4561946955
122122.4918775965 113921.9614328482
124508.9628102281 113760.3995876173
121327.0015667193 114729.7706590028
127054.5318050351 115860.7035756191
121327.0015667193 113114.1522066937
123872.5705615263 114083.5232780791
125781.7473076316 114568.2088137719
119895.1190071403 113598.8377423864
127054.5318050351 116506.9509565428
126895.4337428596 114083.5232780791
126259.0414941579 114406.6469685409
122758.8841262982 115052.8943494646

121327.0015667193 113921.9614328482
119895.1190071403 115214.4561946955
126895.4337428596 115376.0180399264
127054.5318050351 116506.9509565428
127372.7279293860 116668.5128017737
119736.0209449649 111660.0955996155
120690.6093180175 117799.4457183901
126736.3356806842 116345.3891113118
120690.6093180175 115699.1417303882
126736.3356806842 114891.3325042337
124986.2569967544 115214.4561946955
120372.4131936667 114406.6469685409
124986.2569967544 115699.1417303882
125145.3550589298 113760.3995876173
121486.0996288947 113114.1522066937
123872.5705615263 115214.4561946955
124668.0608724035 115537.5798851573
127372.7279293860 116506.9509565428
124349.8647480526 115052.8943494646
120531.5112558421 115376.0180399264

119736.0209449649 111660.0955996155
127054.5318050351 116506.9509565428
120690.6093180175 115699.1417303882
119895.1190071403 115214.4561946955
123872.5705615263 115214.4561946955
124986.2569967544 114729.7706590028
126577.2376185088 114568.2088137719
126895.4337428596 116022.2654208500
121327.0015667193 113921.9614328482
124349.8647480526 115052.8943494646
125145.3550589298 113760.3995876173
120690.6093180175 117799.4457183901
121804.2957532456 114891.3325042337
123554.3744371754 113760.3995876173
127372.7279293860 116506.9509565428
126736.3356806842 116345.3891113118
119736.0209449649 113760.3995876173
122122.4918775965 113275.7140519246
124668.0608724035 115537.5798851573
124986.2569967544 115699.1417303882

121804.2957532456 114245.0851233100
121804.2957532456 114891.3325042337
121008.8054423684 113760.3995876173
127372.7279293860 116022.2654208500
126895.4337428596 115376.0180399264
124349.8647480526 113437.2758971555
121167.9035045439 114568.2088137719
125304.4531211053 115537.5798851573
126736.3356806842 113598.8377423864
122758.8841262982 113598.8377423864
126259.0414941579 113437.2758971555
126418.1395563333 114729.7706590028
120372.4131936667 117314.7601826973
121645.1976910702 114245.0851233100
121327.0015667193 113760.3995876173
119258.7267584386 113437.2758971555
126736.3356806842 116506.9509565428
127372.7279293860 116830.0746470046
124827.1589345789 113760.3995876173
126577.2376185088 114245.0851233100

124349.8647480526 113437.2758971555
121645.1976910702 114245.0851233100
124986.2569967544 114245.0851233100
127372.7279293860 116830.0746470046
122758.8841262982 113598.8377423864
121804.2957532456 114891.3325042337
121167.9035045439 114568.2088137719
126418.1395563333 114729.7706590028
126736.3356806842 116506.9509565428
120849.7073801930 117799.4457183901
125304.4531211053 115537.5798851573
126895.4337428596 115376.0180399264
124827.1589345789 113921.9614328482
127054.5318050351 114568.2088137719
121327.0015667193 113760.3995876173
125304.4531211053 112952.5903614627
126736.3356806842 113598.8377423864
120372.4131936667 116668.5128017737
124827.1589345789 113760.3995876173
120690.6093180175 117153.1983374664

125145.3550589298 115699.1417303882
122440.6880019474 114245.0851233100
121804.2957532456 114083.5232780791
124349.8647480526 114083.5232780791
123395.2763750000 115537.5798851573
121327.0015667193 114891.3325042337
126418.1395563333 113598.8377423864
121486.0996288947 112952.5903614627
122758.8841262982 114083.5232780791
124668.0608724035 115860.7035756191
119417.8248206140 112467.9048257700
119736.0209449649 114891.3325042337
127054.5318050351 116183.8272660810
120849.7073801930 118284.1312540828
127531.8259915614 115860.7035756191
124031.6686237018 113598.8377423864
124349.8647480526 115537.5798851573
121804.2957532456 114729.7706590028
126895.4337428596 114891.3325042337
126418.1395563333 114891.3325042337

125145.3550589298 114406.6469685409
127213.6298672105 115376.0180399264
124349.8647480526 114568.2088137719
126736.3356806842 115214.4561946955
126259.0414941579 114245.0851233100
124668.0608724035 113437.2758971555
124508.9628102281 113114.1522066937
127372.7279293860 116183.8272660810
126895.4337428596 113921.9614328482
119417.8248206140 113760.3995876173
123077.0802506491 114083.5232780791
119417.8248206140 112791.0285162318
120531.5112558421 117476.3220279282
121008.8054423684 113437.2758971555
121963.3938154210 114729.7706590028
122917.9821884737 113760.3995876173
120213.3151314912 116022.2654208500
120849.7073801930 112952.5903614627
119576.9228827895 111983.2192900773
127690.9240537368 116830.0746470046

125145.3550589298 116022.2654208500
120213.3151314912 111983.2192900773
120849.7073801930 116991.6364922355
124986.2569967544 113275.7140519246
121804.2957532456 114891.3325042337
121804.2957532456 114729.7706590028
120690.6093180175 112952.5903614627
125781.7473076316 114083.5232780791
121327.0015667193 114891.3325042337
124986.2569967544 114406.6469685409
121963.3938154210 114083.5232780791
124349.8647480526 114406.6469685409
120690.6093180175 116668.5128017737
121963.3938154210 114729.7706590028
125145.3550589298 115052.8943494646
124190.7666858772 115537.5798851573
121804.2957532456 114406.6469685409
121167.9035045439 114406.6469685409
126577.2376185088 113437.2758971555
121645.1976910702 114568.2088137719

121963.3938154210 114568.2088137719
126577.2376185088 115052.8943494646
120849.7073801930 112629.4666710009
125304.4531211053 113921.9614328482
127213.6298672105 115537.5798851573
121645.1976910702 114406.6469685409
121804.2957532456 113921.9614328482
126099.9434319825 114891.3325042337
124349.8647480526 115376.0180399264
124031.6686237018 113437.2758971555
124827.1589345789 113275.7140519246
122281.5899397719 114568.2088137719
126895.4337428596 116668.5128017737
121167.9035045439 114568.2088137719
120849.7073801930 113921.9614328482
119417.8248206140 113921.9614328482
127054.5318050351 115052.8943494646
119576.9228827895 112791.0285162318
126895.4337428596 114083.5232780791
121327.0015667193 114891.3325042337

127850.0221159123 116183.8272660810
127054.5318050351 116668.5128017737
125145.3550589298 114568.2088137719
122440.6880019474 113760.3995876173
125940.8453698070 116345.3891113118
120213.3151314912 114568.2088137719
124986.2569967544 113275.7140519246
119895.1190071403 115699.1417303882
121167.9035045439 114083.5232780791
126895.4337428596 116345.3891113118
125781.7473076316 113760.3995876173
121327.0015667193 114406.6469685409
126259.0414941579 116345.3891113118
126259.0414941579 113598.8377423864
124508.9628102281 112952.5903614627
124827.1589345789 114083.5232780791
121645.1976910702 114406.6469685409
126736.3356806842 113598.8377423864
119099.6286962632 113921.9614328482
126577.2376185088 114729.7706590028

121486.0996288947 114406.6469685409
121963.3938154210 113760.3995876173
122440.6880019474 114568.2088137719
121963.3938154210 114729.7706590028
124986.2569967544 113114.1522066937
126736.3356806842 113437.2758971555
123236.1783128245 115376.0180399264
126736.3356806842 114891.3325042337
127531.8259915614 116506.9509565428
118940.5306340877 113921.9614328482
121804.2957532456 113921.9614328482
126259.0414941579 113921.9614328482
119736.0209449649 114406.6469685409
126577.2376185088 116506.9509565428
120054.2170693158 116022.2654208500
124986.2569967544 114729.7706590028
126895.4337428596 114083.5232780791
122122.4918775965 114083.5232780791
124349.8647480526 114891.3325042337
126577.2376185088 115214.4561946955

124190.7666858772 115537.5798851573
119099.6286962632 114245.0851233100
121804.2957532456 113275.7140519246
121327.0015667193 114729.7706590028
122122.4918775965 113598.8377423864
127372.7279293860 116345.3891113118
127213.6298672105 116022.2654208500
124349.8647480526 115860.7035756191
121486.0996288947 113114.1522066937
125463.5511832807 115860.7035756191
121486.0996288947 113275.7140519246
126418.1395563333 116345.3891113118
124349.8647480526 115214.4561946955
121804.2957532456 114406.6469685409
122122.4918775965 114729.7706590028
120849.7073801930 117637.8838731591
121963.3938154210 113598.8377423864
124668.0608724035 115860.7035756191
120849.7073801930 114406.6469685409
120372.4131936667 113760.3995876173

120372.4131936667 114729.7706590028
122758.8841262982 113437.2758971555
126736.3356806842 115860.7035756191
119576.9228827895 112791.0285162318
127372.7279293860 115699.1417303882
125622.6492454561 115699.1417303882
120531.5112558421 113275.7140519246
127372.7279293860 116830.0746470046
119736.0209449649 111821.6574448464
120213.3151314912 116183.8272660810
122758.8841262982 114245.0851233100
124349.8647480526 115860.7035756191
124508.9628102281 114083.5232780791
126577.2376185088 115376.0180399264
124827.1589345789 112952.5903614627
125622.6492454561 114891.3325042337
123077.0802506491 114729.7706590028
125781.7473076316 113437.2758971555
124349.8647480526 115214.4561946955
119258.7267584386 114245.0851233100

