129149.7386464167 127991.3886616667
130423.7179165500 127350.2995150000
129468.2334639500 129594.1115283333
129627.4808727167 129433.8392416667
129468.2334639500 129754.3838150000

129468.2334639500 129594.1115283333
127557.2645587500 129273.5669550000
129945.9756902500 127991.3886616667
129627.4808727167 129594.1115283333
130105.2230990167 129594.1115283333

128512.7490113500 128632.4778083334
129945.9756902500 127991.3886616667
129468.2334639500 129594.1115283333
127716.5119675167 129113.2946683333
129627.4808727167 129594.1115283333

129786.7282814833 127991.3886616667
129627.4808727167 129594.1115283333
130423.7179165500 127190.0272283333
126761.0275149167 129914.6561016667
129468.2334639500 129914.6561016667

129945.9756902500 127991.3886616667
127716.5119675167 129113.2946683333
129627.4808727167 129754.3838150000
128353.5016025833 128792.7500950000
130582.9653253167 127350.2995150000

129627.4808727167 129754.3838150000
130582.9653253167 127510.5718016667
127398.0171499833 129594.1115283333
129786.7282814833 129433.8392416667
129308.9860551833 129754.3838150000

