36375509.2559151351 428010.7714843750
34338917.9373703226 405545.3242187500
37413643.6903366894 429097.9121093750
36862601.3241871893 428455.5800781250
35317757.2193363756 423948.1054687500
34871460.5612070262 419985.7500000000
34284338.8004159629 400691.9765625000
35676742.8585950509 426205.7656250000
37512269.3972727582 429282.9414062500
34108177.2356988490 389891.3808593750
35366238.1669429094 424270.0957031250
34646594.3014398739 407786.1503906250
34773014.0971542969 418510.7050781250
34698631.5789254308 415615.5175781250
35050871.2926243022 423089.0937500000
34656107.1114932448 408829.8710937500
36197356.6804484278 426627.0390625000
