34233692.2252723947 415476.0312500000
34979809.6262294129 420110.5976562500
37995219.1363387331 430610.5761718750
35542521.0805843174 426789.3652343750
33839205.6237280145 383448.4531250000
36063593.9867662042 429007.8984375000
35538676.4504456073 425562.9785156250
34699227.5704185665 418197.5703125000
34506316.8587201834 417223.9140625000
35834268.6489251703 427797.2265625000
34048783.7423733771 383904.7207031250
34135499.3828291297 402660.2167968750
36171225.5893462524 429823.7792968750
35347841.8550517336 424554.2011718750
34269348.9250768423 417061.0566406250
34784924.9130617678 418553.9003906250
35317757.2193363756 423948.1054687500
34871460.5612070262 419985.7500000000
34108177.2356988490 389891.3808593750
34773014.0971542969 418510.7050781250
35050871.2926243022 423089.0937500000
