34506316.8587201834 417223.9140625000
34760230.9978459477 418081.6621093750
35834268.6489251703 427797.2265625000
34048783.7423733771 383904.7207031250
34135499.3828291297 402660.2167968750
36171225.5893462524 429823.7792968750
35347841.8550517336 424554.2011718750
34269348.9250768423 417061.0566406250
34784924.9130617678 418553.9003906250
35317757.2193363756 423948.1054687500
34871460.5612070262 419985.7500000000
35676742.8585950509 426205.7656250000
34108177.2356988490 389891.3808593750
34773014.0971542969 418510.7050781250
35050871.2926243022 423089.0937500000
