135032.4706258659 120586.2905168774
130501.0505646951 122173.7169638585
131957.5784415000 117570.1802676132
133575.9427490610 117093.9523335189
129368.1955494024 117887.6655570094
134385.1249028415 119475.0920039906
132928.5970260366 118840.1214251981
132443.0877337683 115982.7538206321
132766.7605952805 119316.3493592924
134708.7977643537 116935.2096888208
130662.8869954512 118205.1508464057
130662.8869954512 119475.0920039906
134385.1249028415 118363.8934911038
131310.2327184756 118363.8934911038
130339.2141339390 116617.7243994245

132119.4148722561 115982.7538206321
130177.3777031829 120745.0331615755
131795.7420107439 117411.4376229151
129853.7048416707 119157.6067145943
134061.4520413293 119951.3199380849
132604.9241645244 118363.8934911038
128720.8498263780 115665.2685312359
135032.4706258659 120745.0331615755
133737.7791798171 117411.4376229151
134385.1249028415 118522.6361358019
129530.0319801585 115506.5258865377
130662.8869954512 117728.9229123113
130986.5598569634 121062.5184509717
129206.3591186464 116141.4964653302
132928.5970260366 119157.6067145943

128882.6862571341 116300.2391100283
133252.2698875488 116617.7243994245
134546.9613335976 119633.8346486887
130177.3777031829 116458.9817547264
130824.7234262073 119157.6067145943
132119.4148722561 115347.7832418396
135032.4706258659 120110.0625827830
130501.0505646951 117252.6949782170
133899.6156105732 116300.2391100283
132928.5970260366 118522.6361358019
131148.3962877195 121062.5184509717
129368.1955494024 116458.9817547264
131472.0691492317 117093.9523335189
131795.7420107439 116141.4964653302
134223.2884720854 118046.4082017076

134061.4520413293 119792.5772933868
133414.1063183049 115665.2685312359
134061.4520413293 115665.2685312359
129530.0319801585 119157.6067145943
135032.4706258659 120745.0331615755
129206.3591186464 118363.8934911038
134708.7977643537 117093.9523335189
132281.2513030122 118205.1508464057
134385.1249028415 115506.5258865377
130015.5412724268 122173.7169638585
133737.7791798171 118046.4082017076
130339.2141339390 122332.4596085566
132766.7605952805 115824.0111759340
131633.9055799878 118363.8934911038
130824.7234262073 118205.1508464057

133575.9427490610 115506.5258865377
130501.0505646951 118522.6361358019
133252.2698875488 119316.3493592924
130501.0505646951 122014.9743191604
129206.3591186464 115824.0111759340
131633.9055799878 118522.6361358019
130015.5412724268 122332.4596085566
130824.7234262073 118363.8934911038
130339.2141339390 118046.4082017076
133414.1063183049 119157.6067145943
133899.6156105732 117728.9229123113
129691.8684109146 118205.1508464057
129691.8684109146 116776.4670441226
129853.7048416707 121538.7463850660
129691.8684109146 118363.8934911038

129691.8684109146 115665.2685312359
129206.3591186464 115824.0111759340
131795.7420107439 115982.7538206321
134708.7977643537 119475.0920039906
131148.3962877195 121380.0037403679
129368.1955494024 118681.3787805000
133090.4334567927 115824.0111759340
130015.5412724268 116300.2391100283
132766.7605952805 119157.6067145943
130177.3777031829 116141.4964653302
130662.8869954512 122173.7169638585
133737.7791798171 116141.4964653302
132766.7605952805 118998.8640698962
129368.1955494024 116776.4670441226
132604.9241645244 118998.8640698962

134385.1249028415 117570.1802676132
134061.4520413293 115665.2685312359
132443.0877337683 119157.6067145943
134385.1249028415 114712.8126630472
133414.1063183049 116935.2096888208
132928.5970260366 118046.4082017076
133899.6156105732 118840.1214251981
130501.0505646951 122173.7169638585
129368.1955494024 118840.1214251981
133252.2698875488 119157.6067145943
133737.7791798171 116458.9817547264
129044.5226878902 115824.0111759340
131957.5784415000 117411.4376229151
134708.7977643537 117252.6949782170
135032.4706258659 119792.5772933868

134385.1249028415 116776.4670441226
131633.9055799878 115506.5258865377
129853.7048416707 119792.5772933868
134870.6341951098 119633.8346486887
129368.1955494024 118840.1214251981
132443.0877337683 118681.3787805000
134061.4520413293 117252.6949782170
130824.7234262073 119316.3493592924
133899.6156105732 115982.7538206321
133575.9427490610 116935.2096888208
130339.2141339390 121856.2316744623
130015.5412724268 116617.7243994245
130015.5412724268 121856.2316744623
130824.7234262073 121538.7463850660
132119.4148722561 117570.1802676132

134061.4520413293 119792.5772933868
132604.9241645244 116300.2391100283
129530.0319801585 115665.2685312359
129691.8684109146 115506.5258865377
132766.7605952805 119157.6067145943
133252.2698875488 118998.8640698962
131795.7420107439 116458.9817547264
134223.2884720854 117411.4376229151
130015.5412724268 117887.6655570094
133414.1063183049 116935.2096888208
129853.7048416707 116935.2096888208
132119.4148722561 117411.4376229151
129853.7048416707 116776.4670441226
133737.7791798171 115506.5258865377
133575.9427490610 116935.2096888208

134870.6341951098 116776.4670441226
133575.9427490610 119157.6067145943
130015.5412724268 119157.6067145943
130339.2141339390 116300.2391100283
130986.5598569634 121697.4890297642
133090.4334567927 115665.2685312359
129206.3591186464 117728.9229123113
129691.8684109146 118998.8640698962
131957.5784415000 115665.2685312359
131633.9055799878 118363.8934911038
132443.0877337683 118046.4082017076
130662.8869954512 119951.3199380849
134223.2884720854 115506.5258865377
130339.2141339390 122014.9743191604
135194.3070566220 120903.7758062736

131795.7420107439 117570.1802676132
134061.4520413293 117570.1802676132
135032.4706258659 117887.6655570094
133575.9427490610 117093.9523335189
130015.5412724268 119951.3199380849
133252.2698875488 119633.8346486887
130501.0505646951 116300.2391100283
130339.2141339390 119792.5772933868
130986.5598569634 118522.6361358019
132443.0877337683 116141.4964653302
132766.7605952805 118363.8934911038
129368.1955494024 119157.6067145943
131310.2327184756 118363.8934911038
130501.0505646951 122014.9743191604
134061.4520413293 117728.9229123113

134061.4520413293 116935.2096888208
130986.5598569634 118522.6361358019
131633.9055799878 117728.9229123113
132928.5970260366 119157.6067145943
134385.1249028415 117411.4376229151
133090.4334567927 118998.8640698962
134546.9613335976 119792.5772933868
132281.2513030122 117570.1802676132
133737.7791798171 115824.0111759340
134385.1249028415 117252.6949782170
133575.9427490610 116776.4670441226
129368.1955494024 118363.8934911038
133899.6156105732 116141.4964653302
132119.4148722561 117570.1802676132
130339.2141339390 115982.7538206321

132766.7605952805 116141.4964653302
132766.7605952805 119157.6067145943
129530.0319801585 119951.3199380849
133090.4334567927 115189.0405971415
129691.8684109146 116617.7243994245
130986.5598569634 116300.2391100283
133414.1063183049 117887.6655570094
134061.4520413293 117570.1802676132
133575.9427490610 115982.7538206321
130662.8869954512 119792.5772933868
130662.8869954512 122173.7169638585
130177.3777031829 122332.4596085566
134546.9613335976 119951.3199380849
130662.8869954512 116458.9817547264
135194.3070566220 120745.0331615755

