50468034.4579292387 478.6234655380
49015212.8155863732 459.4091615677
47443443.9409138933 418.5858020782
46567840.9678978994 294.8482013345
48786336.9433556944 457.8657460213
48307565.2993208990 449.6686341763
47544563.1247046590 423.1952400208
47994507.3199159205 442.8822765350
49493167.7417574078 472.7125830650
47340494.8396586478 407.1295158863
47894159.2645447925 437.5140703917
48596565.2939574718 451.8158719540
46652936.6319394037 401.1643176079
48221438.5923644304 447.4055128098
47594318.1663733721 430.9351272583
46613169.0396419913 326.9268736839
