47497581.3659803569 411.3686130047
47994507.3199159205 442.8822765350
49493167.7417574078 472.7125830650
49243757.8255564272 455.1978559494
49120797.8965804204 452.3797677755
47340494.8396586478 407.1295158863
47894159.2645447925 437.5140703917
47552384.5828518644 422.5822596550
48543884.3070323393 447.9470357895
48596565.2939574718 451.8158719540
46652936.6319394037 401.1643176079
49424691.4814522639 458.3536424637
47507231.6135134548 411.6804223061
49379478.1125593111 458.0241498947
48221438.5923644304 447.4055128098
47594318.1663733721 430.9351272583
46613169.0396419913 326.9268736839
