125145.3550589298 114729.7706590028
127372.7279293860 116830.0746470046
120690.6093180175 114891.3325042337
124508.9628102281 115376.0180399264
126895.4337428596 116183.8272660810
120372.4131936667 116830.0746470046
126577.2376185088 113598.8377423864
120213.3151314912 115699.1417303882
124668.0608724035 114406.6469685409
124508.9628102281 115052.8943494646
120531.5112558421 114245.0851233100
120531.5112558421 117799.4457183901
126418.1395563333 114083.5232780791
124349.8647480526 115376.0180399264
120849.7073801930 112629.4666710009
126577.2376185088 115214.4561946955
119576.9228827895 111983.2192900773
120531.5112558421 116345.3891113118
125781.7473076316 114568.2088137719
126577.2376185088 113275.7140519246

120213.3151314912 117153.1983374664
126736.3356806842 116022.2654208500
121167.9035045439 113921.9614328482
121486.0996288947 114406.6469685409
120849.7073801930 117799.4457183901
121804.2957532456 115052.8943494646
124668.0608724035 113275.7140519246
120054.2170693158 116668.5128017737
120849.7073801930 115214.4561946955
124349.8647480526 115376.0180399264
119576.9228827895 112467.9048257700
120690.6093180175 116345.3891113118
124508.9628102281 113760.3995876173
125304.4531211053 114406.6469685409
120372.4131936667 116022.2654208500
120531.5112558421 113275.7140519246
120213.3151314912 116991.6364922355
120372.4131936667 114568.2088137719
121804.2957532456 114891.3325042337
120531.5112558421 112629.4666710009

121804.2957532456 113598.8377423864
125145.3550589298 115699.1417303882
124827.1589345789 115052.8943494646
121327.0015667193 114891.3325042337
126577.2376185088 113760.3995876173
123713.4724993509 115376.0180399264
127372.7279293860 116668.5128017737
124668.0608724035 114083.5232780791
121008.8054423684 113114.1522066937
121008.8054423684 114406.6469685409
121963.3938154210 114891.3325042337
125463.5511832807 113114.1522066937
124190.7666858772 115376.0180399264
120372.4131936667 115376.0180399264
124668.0608724035 114245.0851233100
121327.0015667193 113921.9614328482
125145.3550589298 113921.9614328482
126736.3356806842 115699.1417303882
124986.2569967544 114891.3325042337
121804.2957532456 114568.2088137719

126895.4337428596 116183.8272660810
123554.3744371754 115052.8943494646
121486.0996288947 114406.6469685409
120690.6093180175 118122.5694088519
121804.2957532456 114083.5232780791
124190.7666858772 115537.5798851573
126418.1395563333 112791.0285162318
120372.4131936667 116506.9509565428
126577.2376185088 115699.1417303882
120531.5112558421 112791.0285162318
127213.6298672105 116668.5128017737
120213.3151314912 111983.2192900773
120531.5112558421 112629.4666710009
124827.1589345789 113760.3995876173
123872.5705615263 113114.1522066937
126895.4337428596 113921.9614328482
121008.8054423684 113437.2758971555
122440.6880019474 113760.3995876173
119736.0209449649 114406.6469685409
120054.2170693158 116183.8272660810

126895.4337428596 115860.7035756191
126418.1395563333 116183.8272660810
126895.4337428596 116022.2654208500
121963.3938154210 114083.5232780791
121645.1976910702 114406.6469685409
125145.3550589298 115376.0180399264
126577.2376185088 113598.8377423864
126736.3356806842 114568.2088137719
124349.8647480526 115376.0180399264
124668.0608724035 114568.2088137719
124986.2569967544 113921.9614328482
120054.2170693158 115214.4561946955
125463.5511832807 113114.1522066937
124827.1589345789 114406.6469685409
119576.9228827895 113275.7140519246
122122.4918775965 114729.7706590028
121486.0996288947 112952.5903614627
120372.4131936667 116183.8272660810
121645.1976910702 113921.9614328482
122122.4918775965 114891.3325042337

125304.4531211053 114245.0851233100
120531.5112558421 117637.8838731591
122122.4918775965 113598.8377423864
121008.8054423684 114729.7706590028
124986.2569967544 113114.1522066937
124827.1589345789 115537.5798851573
125304.4531211053 114406.6469685409
124508.9628102281 115537.5798851573
127372.7279293860 116830.0746470046
121486.0996288947 113114.1522066937
122281.5899397719 113921.9614328482
127372.7279293860 116183.8272660810
124827.1589345789 115699.1417303882
120690.6093180175 115214.4561946955
119736.0209449649 115860.7035756191
122440.6880019474 113598.8377423864
127054.5318050351 114568.2088137719
124508.9628102281 115860.7035756191
119576.9228827895 112144.7811353082
120372.4131936667 115537.5798851573

121645.1976910702 114406.6469685409
121963.3938154210 113275.7140519246
127531.8259915614 116345.3891113118
121645.1976910702 114568.2088137719
121963.3938154210 113921.9614328482
120372.4131936667 117314.7601826973
120213.3151314912 116022.2654208500
120849.7073801930 116991.6364922355
124668.0608724035 113114.1522066937
124827.1589345789 115860.7035756191
123713.4724993509 113275.7140519246
121327.0015667193 114083.5232780791
121486.0996288947 113275.7140519246
127372.7279293860 116830.0746470046
120531.5112558421 116506.9509565428
121963.3938154210 114568.2088137719
123713.4724993509 115052.8943494646
124031.6686237018 115376.0180399264
120213.3151314912 115699.1417303882
120372.4131936667 112306.3429805391

120372.4131936667 117314.7601826973
127213.6298672105 114729.7706590028
124986.2569967544 114568.2088137719
124827.1589345789 115699.1417303882
121963.3938154210 114245.0851233100
120213.3151314912 116991.6364922355
125145.3550589298 116022.2654208500
119417.8248206140 112467.9048257700
126736.3356806842 116345.3891113118
120372.4131936667 116668.5128017737
124827.1589345789 113114.1522066937
121486.0996288947 113114.1522066937
121008.8054423684 113437.2758971555
122281.5899397719 114891.3325042337
120372.4131936667 112952.5903614627
126259.0414941579 114083.5232780791
125622.6492454561 113437.2758971555
119258.7267584386 114083.5232780791
119417.8248206140 114568.2088137719
126418.1395563333 115376.0180399264

120690.6093180175 115214.4561946955
121167.9035045439 112629.4666710009
121486.0996288947 114406.6469685409
125304.4531211053 112791.0285162318
125781.7473076316 113921.9614328482
120690.6093180175 117153.1983374664
127213.6298672105 116506.9509565428
125463.5511832807 115052.8943494646
127054.5318050351 116022.2654208500
118940.5306340877 114083.5232780791
119895.1190071403 112144.7811353082
121963.3938154210 113921.9614328482
122599.7860641228 114729.7706590028
126895.4337428596 116345.3891113118
120849.7073801930 115537.5798851573
124031.6686237018 114729.7706590028
121804.2957532456 113760.3995876173
121645.1976910702 113437.2758971555
124349.8647480526 113114.1522066937
119895.1190071403 111983.2192900773

120531.5112558421 116506.9509565428
126418.1395563333 113921.9614328482
120849.7073801930 117637.8838731591
125304.4531211053 114729.7706590028
121167.9035045439 113437.2758971555
126259.0414941579 115699.1417303882
120372.4131936667 116991.6364922355
126259.0414941579 114406.6469685409
119736.0209449649 111821.6574448464
121008.8054423684 113760.3995876173
120849.7073801930 118768.8167897755
121645.1976910702 114891.3325042337
121327.0015667193 112791.0285162318
124668.0608724035 115214.4561946955
120372.4131936667 113114.1522066937
124827.1589345789 112952.5903614627
120372.4131936667 117153.1983374664
127213.6298672105 114729.7706590028
123236.1783128245 113921.9614328482
121008.8054423684 114245.0851233100

127054.5318050351 115537.5798851573
126418.1395563333 114083.5232780791
120690.6093180175 117637.8838731591
126736.3356806842 114729.7706590028
127531.8259915614 116830.0746470046
120213.3151314912 116830.0746470046
120690.6093180175 112467.9048257700
125940.8453698070 115860.7035756191
127850.0221159123 116022.2654208500
121645.1976910702 114891.3325042337
121804.2957532456 113275.7140519246
127213.6298672105 116183.8272660810
121486.0996288947 113437.2758971555
120849.7073801930 114245.0851233100
121327.0015667193 113760.3995876173
119895.1190071403 116183.8272660810
126418.1395563333 116183.8272660810
124827.1589345789 115214.4561946955
121645.1976910702 114729.7706590028
124986.2569967544 113598.8377423864

119576.9228827895 115052.8943494646
123872.5705615263 114083.5232780791
120531.5112558421 112629.4666710009
125940.8453698070 112952.5903614627
123713.4724993509 114406.6469685409
120849.7073801930 118607.2549445446
122122.4918775965 113275.7140519246
126577.2376185088 114406.6469685409
127054.5318050351 115376.0180399264
120372.4131936667 117153.1983374664
120849.7073801930 116506.9509565428
120690.6093180175 112306.3429805391
122281.5899397719 113598.8377423864
119417.8248206140 113598.8377423864
121008.8054423684 114729.7706590028
124190.7666858772 115699.1417303882
119576.9228827895 112952.5903614627
119576.9228827895 113921.9614328482
120531.5112558421 117799.4457183901
119895.1190071403 116022.2654208500

120849.7073801930 118607.2549445446
127372.7279293860 116830.0746470046
124508.9628102281 113437.2758971555
120531.5112558421 115376.0180399264
120690.6093180175 118122.5694088519
126418.1395563333 115537.5798851573
121167.9035045439 112791.0285162318
126099.9434319825 112791.0285162318
119895.1190071403 116022.2654208500
126259.0414941579 116345.3891113118
126418.1395563333 115860.7035756191
120849.7073801930 112467.9048257700
124031.6686237018 115699.1417303882
120213.3151314912 111983.2192900773
124349.8647480526 115052.8943494646
120849.7073801930 118445.6930993137
124668.0608724035 114083.5232780791
120531.5112558421 114083.5232780791
124827.1589345789 115537.5798851573
121327.0015667193 113760.3995876173

123713.4724993509 113437.2758971555
119258.7267584386 113760.3995876173
127372.7279293860 116830.0746470046
121645.1976910702 112952.5903614627
122122.4918775965 114406.6469685409
119736.0209449649 111983.2192900773
126577.2376185088 116183.8272660810
120849.7073801930 118284.1312540828
120849.7073801930 117314.7601826973
120849.7073801930 112629.4666710009
126099.9434319825 114891.3325042337
120690.6093180175 116830.0746470046
127213.6298672105 116183.8272660810
121167.9035045439 114729.7706590028
124986.2569967544 113921.9614328482
125145.3550589298 115214.4561946955
119576.9228827895 114245.0851233100
120849.7073801930 112467.9048257700
121804.2957532456 113114.1522066937
124349.8647480526 115860.7035756191

120849.7073801930 118768.8167897755
121327.0015667193 114083.5232780791
125781.7473076316 113921.9614328482
127690.9240537368 116345.3891113118
120690.6093180175 116345.3891113118
124668.0608724035 114891.3325042337
120690.6093180175 116991.6364922355
119895.1190071403 114891.3325042337
120690.6093180175 112467.9048257700
119895.1190071403 111821.6574448464
120054.2170693158 112144.7811353082
120849.7073801930 118122.5694088519
127531.8259915614 115376.0180399264
124986.2569967544 113437.2758971555
126577.2376185088 114406.6469685409
124349.8647480526 114406.6469685409
124668.0608724035 112952.5903614627
125304.4531211053 113760.3995876173
124031.6686237018 115699.1417303882
120054.2170693158 115860.7035756191

126099.9434319825 113598.8377423864
125463.5511832807 113114.1522066937
120054.2170693158 113114.1522066937
121167.9035045439 114083.5232780791
119576.9228827895 111983.2192900773
121008.8054423684 114406.6469685409
125622.6492454561 115860.7035756191
120849.7073801930 118768.8167897755
126259.0414941579 113275.7140519246
127531.8259915614 116183.8272660810
120690.6093180175 117961.0075636210
119258.7267584386 113598.8377423864
127054.5318050351 114891.3325042337
126895.4337428596 115860.7035756191
124668.0608724035 115537.5798851573
121963.3938154210 115052.8943494646
120690.6093180175 117314.7601826973
120531.5112558421 117637.8838731591
127690.9240537368 116345.3891113118
121327.0015667193 114729.7706590028

124827.1589345789 114245.0851233100
120690.6093180175 115214.4561946955
120849.7073801930 117799.4457183901
127690.9240537368 116830.0746470046
126736.3356806842 114245.0851233100
120054.2170693158 116183.8272660810
124668.0608724035 115699.1417303882
125304.4531211053 113275.7140519246
125940.8453698070 113275.7140519246
121327.0015667193 114083.5232780791
124508.9628102281 115860.7035756191
121645.1976910702 114406.6469685409
124827.1589345789 114891.3325042337
121804.2957532456 114891.3325042337
124827.1589345789 115537.5798851573
126736.3356806842 114891.3325042337
126577.2376185088 113760.3995876173
120054.2170693158 112791.0285162318
120849.7073801930 116506.9509565428
120531.5112558421 117476.3220279282

120054.2170693158 116345.3891113118
127054.5318050351 116345.3891113118
122281.5899397719 114083.5232780791
120690.6093180175 116830.0746470046
120690.6093180175 117799.4457183901
124349.8647480526 115376.0180399264
119417.8248206140 113921.9614328482
125781.7473076316 115052.8943494646
119099.6286962632 113437.2758971555
126577.2376185088 113760.3995876173
119736.0209449649 112144.7811353082
121645.1976910702 113114.1522066937
120690.6093180175 117153.1983374664
124668.0608724035 114729.7706590028
121008.8054423684 113114.1522066937
119417.8248206140 112791.0285162318
121486.0996288947 112952.5903614627
119576.9228827895 114568.2088137719
127213.6298672105 115860.7035756191
124986.2569967544 114406.6469685409

120531.5112558421 115537.5798851573
121327.0015667193 113760.3995876173
126577.2376185088 113760.3995876173
120213.3151314912 116345.3891113118
120849.7073801930 115214.4561946955
120531.5112558421 114406.6469685409
124986.2569967544 115860.7035756191
120213.3151314912 116830.0746470046
121008.8054423684 113114.1522066937
120213.3151314912 116022.2654208500
121804.2957532456 115052.8943494646
125463.5511832807 115052.8943494646
120690.6093180175 117637.8838731591
124668.0608724035 114568.2088137719
127531.8259915614 116830.0746470046
124349.8647480526 115376.0180399264
119895.1190071403 112629.4666710009
126577.2376185088 114568.2088137719
121486.0996288947 112952.5903614627
124508.9628102281 114083.5232780791

