47894159.2645447925 437.5140703917
47552384.5828518644 422.5822596550
48543884.3070323393 447.9470357895
48200325.3281511068 437.7017524242
48596565.2939574718 451.8158719540
46652936.6319394037 401.1643176079
49337298.1737870350 454.5104581118
49424691.4814522639 458.3536424637
47507231.6135134548 411.6804223061
49379478.1125593111 458.0241498947
47425291.1398475766 406.7237904072
49493521.1199522465 463.2068529129
48221438.5923644304 447.4055128098
51714266.5380520076 463.5853908062
47594318.1663733721 430.9351272583
46613169.0396419913 326.9268736839
47357362.3008254394 401.8990421295
