47129837.8942829072 413.6131126881
47064853.6530375630 409.4454965591
48646475.9247427359 451.8923454285
46538104.0183586553 348.9137530327
47808571.9496068805 443.3068845272
48961800.1071769744 464.2849283218
47254274.7256818637 426.9901614189
50468034.4579292387 478.6234655380
48786336.9433556944 457.8657460213
48307565.2993208990 449.6686341763
49493167.7417574078 472.7125830650
48596565.2939574718 451.8158719540
46652936.6319394037 401.1643176079
48221438.5923644304 447.4055128098
47594318.1663733721 430.9351272583
