112474.5287348482 121091.0420958298
110245.5628945982 120608.6334320851
112474.5287348482 119804.6189925106
111041.6221232589 120447.8305441702
115499.5538037589 121895.0565354042
111996.8931976518 121091.0420958298
111837.6813519196 120608.6334320851
114544.2827293661 121412.6478716596
113907.4353464375 123020.6767508085
112315.3168891161 120287.0276562553

114385.0708836339 123181.4796387234
115340.3419580268 121734.2536474894
112156.1050433839 120126.2247683404
110723.1984317946 119643.8161045957
110404.7747403304 120930.2392079149
111678.4695061875 119804.6189925106
114544.2827293661 121895.0565354042
115340.3419580268 122377.4651991489
110882.4102775268 120447.8305441702
113270.5879635089 122859.8738628936

112315.3168891161 120126.2247683404
112315.3168891161 120769.4363200000
112633.7405805804 123503.0854145532
112474.5287348482 121091.0420958298
115658.7656494911 122216.6623112340
111041.6221232589 119804.6189925106
112315.3168891161 119643.8161045957
112952.1642720446 123181.4796387234
110563.9865860625 119483.0132166808
110245.5628945982 120608.6334320851

112315.3168891161 120769.4363200000
111678.4695061875 120608.6334320851
115499.5538037589 121895.0565354042
115181.1301122946 122055.8594233192
112156.1050433839 122055.8594233192
112156.1050433839 120608.6334320851
112633.7405805804 123503.0854145532
111837.6813519196 119643.8161045957
112633.7405805804 120608.6334320851
112315.3168891161 120930.2392079149

115977.1893409554 122859.8738628936
111837.6813519196 119322.2103287660
115977.1893409554 122216.6623112340
114225.8590379018 121734.2536474894
110404.7747403304 120126.2247683404
112633.7405805804 123020.6767508085
114862.7064208303 121573.4507595745
110404.7747403304 120930.2392079149
118524.5788726696 124307.0998541277
111519.2576604554 119643.8161045957

112315.3168891161 122699.0709749787
111996.8931976518 119643.8161045957
115658.7656494911 122538.2680870638
112633.7405805804 120769.4363200000
117250.8841068125 123342.2825266383
112156.1050433839 123020.6767508085
113111.3761177768 123181.4796387234
112315.3168891161 120769.4363200000
110882.4102775268 119965.4218804255
112792.9524263125 120287.0276562553

114225.8590379018 121734.2536474894
110086.3510488661 119965.4218804255
112315.3168891161 120930.2392079149
111041.6221232589 119322.2103287660
115658.7656494911 122055.8594233192
111360.0458147232 120769.4363200000
115181.1301122946 121734.2536474894
112633.7405805804 120769.4363200000
110404.7747403304 122377.4651991489
112474.5287348482 123503.0854145532

118524.5788726696 124307.0998541277
110723.1984317946 119643.8161045957
112156.1050433839 120608.6334320851
115499.5538037589 122055.8594233192
112633.7405805804 120447.8305441702
110723.1984317946 119000.6045529362
114385.0708836339 121734.2536474894
110882.4102775268 120769.4363200000
113429.7998092411 120769.4363200000
110404.7747403304 120608.6334320851

111200.8339689911 119643.8161045957
114703.4945750982 121573.4507595745
112474.5287348482 121091.0420958298
115658.7656494911 122377.4651991489
112952.1642720446 123020.6767508085
117887.7314897411 123824.6911903830
110882.4102775268 119643.8161045957
112156.1050433839 122699.0709749787
112315.3168891161 120769.4363200000
112792.9524263125 120769.4363200000

111837.6813519196 120287.0276562553
112474.5287348482 120769.4363200000
110563.9865860625 121734.2536474894
116454.8248781518 122699.0709749787
117728.5196440089 123663.8883024681
110723.1984317946 119804.6189925106
114862.7064208303 121412.6478716596
115340.3419580268 121734.2536474894
117091.6722610804 123181.4796387234
111837.6813519196 120930.2392079149

114862.7064208303 121412.6478716596
111837.6813519196 122699.0709749787
112952.1642720446 120930.2392079149
110245.5628945982 120126.2247683404
110404.7747403304 121412.6478716596
111996.8931976518 120126.2247683404
118524.5788726696 124307.0998541277
112633.7405805804 123181.4796387234
110563.9865860625 119804.6189925106
115340.3419580268 121734.2536474894

