60465682.9800905213 192966.4074707031
58727563.1813501045 182880.4826660156
57735916.9337101728 179774.2452392578
57386430.2812217474 170320.9040527344
58642864.5650489181 181249.9633789062
59759565.3002618998 189817.8212890625
59896724.6441847682 190461.7641601562
56382944.6882941127 143155.9887237549
58850208.5186458230 182933.8636474609
57304625.0577012375 160924.3817138672
56668755.6703356057 148178.2919921875
61069523.3749838471 197498.5595703125
57439202.7566993237 170343.3477783203
59136925.6861963868 188095.3160095215
56370906.6694256067 125063.0984191895
57020644.2558054775 154175.8850097656
57335282.1757686064 165484.8752441406
58408439.8125694543 180440.6787109375
64629978.1440921500 200135.1992187500
58541964.1752136573 180947.4819335938
60223028.2918373048 191842.2526855469
60755288.6535397172 193014.3348388672
56597374.8933783397 145439.3378906250
57284858.9585303366 156198.1383056641
