57476331.5704296753 158793.8123779297
58408439.8125694543 180440.6787109375
59012824.3881964162 182388.9144287109
64629978.1440921500 200135.1992187500
59471247.8398845866 186466.7257080078
57604564.0336740240 166107.8195190430
58541964.1752136573 180947.4819335938
60223028.2918373048 191842.2526855469
60755288.6535397172 193014.3348388672
62622503.6314022020 195516.8533935547
58048634.1320372522 174423.7354736328
57578923.9656947926 163516.1871948242
56597374.8933783397 145439.3378906250
61382807.4302853048 195080.1486816406
57284858.9585303366 156198.1383056641
59894090.3420975730 189547.5500488281
