61117408.5936192274 193482.3674316406
57816213.2970710620 167038.0545654297
59251122.6123185232 184865.3634033203
56370906.6694256067 125063.0984191895
57020644.2558054775 154175.8850097656
57898993.0578151494 176337.2839355469
61531057.5670787692 195225.1945800781
58091887.5711193532 179735.7584228516
57335282.1757686064 165484.8752441406
58408439.8125694543 180440.6787109375
59012824.3881964162 182388.9144287109
64629978.1440921500 200135.1992187500
59471247.8398845866 186466.7257080078
57604564.0336740240 166107.8195190430
58541964.1752136573 180947.4819335938
60223028.2918373048 191842.2526855469
60755288.6535397172 193014.3348388672
62622503.6314022020 195516.8533935547
56597374.8933783397 145439.3378906250
61382807.4302853048 195080.1486816406
57284858.9585303366 156198.1383056641
59894090.3420975730 189547.5500488281
