58850208.5186458230 182933.8636474609
57304625.0577012375 160924.3817138672
60153567.1734023914 189660.0615234375
56668755.6703356057 148178.2919921875
61069523.3749838471 197498.5595703125
57439202.7566993237 170343.3477783203
59136925.6861963868 188095.3160095215
56370906.6694256067 125063.0984191895
57020644.2558054775 154175.8850097656
57898993.0578151494 176337.2839355469
58091887.5711193532 179735.7584228516
57335282.1757686064 165484.8752441406
58408439.8125694543 180440.6787109375
64629978.1440921500 200135.1992187500
58541964.1752136573 180947.4819335938
60223028.2918373048 191842.2526855469
60755288.6535397172 193014.3348388672
56597374.8933783397 145439.3378906250
57284858.9585303366 156198.1383056641
59894090.3420975730 189547.5500488281
