118331.5296339815 127721.7140723750
118172.8898053518 122471.4536456838
118014.2499767222 122948.7500481103
119283.3686057593 121994.1572432573
119124.7287771296 121835.0584424485
118807.4491198704 125176.1332594338
122773.4448356111 121675.9596416397
118331.5296339815 128358.1092756103
121345.6863779444 128358.1092756103
118172.8898053518 128199.0104748015
119124.7287771296 121357.7620400221
119283.3686057593 126289.8248650956
119124.7287771296 127721.7140723750
122138.8855210926 127721.7140723750
121662.9660352037 127403.5164707574
119600.6482630185 123426.0464505368
118490.1694626111 124698.8368570074
121504.3262065741 122471.4536456838
120235.2075775370 128358.1092756103
120711.1270634259 126130.7260642868
118648.8092912407 122948.7500481103
125311.6820936852 125335.2320602426
118172.8898053518 123903.3428529633
118490.1694626111 124539.7380561985
122297.5253497222 121994.1572432573

118648.8092912407 122948.7500481103
120393.8474061667 121357.7620400221
119759.2880916481 126926.2200683309
118807.4491198704 125653.4296618603
118331.5296339815 128676.3068772279
123725.2838073889 126448.9236659044
119442.0084343889 126767.1212675221
119283.3686057593 123585.1452513456
118172.8898053518 127244.4176699485
118331.5296339815 122630.5524464927
121504.3262065741 121835.0584424485
117062.4110049445 124698.8368570074
120393.8474061667 121516.8608408309
120869.7668920556 128358.1092756103
121662.9660352037 125653.4296618603
120869.7668920556 122312.3548448750
124994.4024364259 123585.1452513456
121187.0465493148 127880.8128731838
120235.2075775370 125017.0344586250
121662.9660352037 124221.5404545809
124994.4024364259 125653.4296618603
119442.0084343889 121835.0584424485
119759.2880916481 125335.2320602426
120711.1270634259 122153.2560440662
120869.7668920556 126130.7260642868

118490.1694626111 127721.7140723750
119917.9279202778 124221.5404545809
119442.0084343889 126130.7260642868
119600.6482630185 126767.1212675221
121821.6058638333 121835.0584424485
118648.8092912407 123426.0464505368
118966.0889485000 129789.9984828897
119759.2880916481 122789.6512473015
120235.2075775370 127562.6152715662
119442.0084343889 123744.2440521544
121980.2456924630 127244.4176699485
119442.0084343889 121675.9596416397
123249.3643215000 124221.5404545809
119759.2880916481 121675.9596416397
121028.4067206852 121198.6632392132
123883.9236360185 125653.4296618603
124835.7626077963 124857.9356578162
118490.1694626111 122948.7500481103
124835.7626077963 125335.2320602426
119124.7287771296 128676.3068772279
118172.8898053518 128358.1092756103
119600.6482630185 129312.7020804632
124518.4829505370 125971.6272634779
118966.0889485000 122471.4536456838
120235.2075775370 122153.2560440662

118172.8898053518 128199.0104748015
120076.5677489074 126130.7260642868
121028.4067206852 121516.8608408309
124359.8431219074 124857.9356578162
118648.8092912407 125017.0344586250
119917.9279202778 123744.2440521544
118490.1694626111 125494.3308610515
121187.0465493148 125812.5284626691
120552.4872347963 121994.1572432573
118014.2499767222 124698.8368570074
120393.8474061667 123426.0464505368
119917.9279202778 122630.5524464927
118648.8092912407 122948.7500481103
118648.8092912407 130744.5912877427
121821.6058638333 122312.3548448750
121662.9660352037 126608.0224667132
119759.2880916481 124221.5404545809
120869.7668920556 127721.7140723750
123408.0041501296 123903.3428529633
120711.1270634259 128517.2080764191
122456.1651783518 126289.8248650956
117855.6101480926 127880.8128731838
120393.8474061667 126926.2200683309
120076.5677489074 127244.4176699485
119124.7287771296 129949.0972836985

119283.3686057593 123903.3428529633
118490.1694626111 125335.2320602426
119283.3686057593 128835.4056780368
117696.9703194630 124539.7380561985
119759.2880916481 122789.6512473015
125153.0422650556 125176.1332594338
120076.5677489074 121675.9596416397
118172.8898053518 124857.9356578162
123725.2838073889 123903.3428529633
121662.9660352037 124857.9356578162
124201.2032932778 126289.8248650956
119124.7287771296 123585.1452513456
121662.9660352037 127244.4176699485
119124.7287771296 126926.2200683309
119124.7287771296 127562.6152715662
125153.0422650556 125335.2320602426
118648.8092912407 127244.4176699485
121662.9660352037 121198.6632392132
118807.4491198704 126448.9236659044
118807.4491198704 129630.8996820809
118014.2499767222 123107.8488489191
120393.8474061667 128039.9116739927
119759.2880916481 122630.5524464927
120869.7668920556 127244.4176699485
124677.1227791667 125971.6272634779

119283.3686057593 125176.1332594338
120235.2075775370 127721.7140723750
120711.1270634259 125812.5284626691
125311.6820936852 125494.3308610515
121662.9660352037 121198.6632392132
118014.2499767222 124698.8368570074
121187.0465493148 121994.1572432573
119124.7287771296 121835.0584424485
120076.5677489074 122789.6512473015
118331.5296339815 127880.8128731838
119917.9279202778 122153.2560440662
122773.4448356111 126926.2200683309
118014.2499767222 126130.7260642868
118966.0889485000 127562.6152715662
118966.0889485000 127880.8128731838
119442.0084343889 127085.3188691397
119917.9279202778 121994.1572432573
120393.8474061667 122153.2560440662
119759.2880916481 129153.6032796544
122138.8855210926 121516.8608408309
119442.0084343889 121516.8608408309
120235.2075775370 122948.7500481103
125153.0422650556 124380.6392553897
121187.0465493148 128199.0104748015
118172.8898053518 128676.3068772279

118807.4491198704 126767.1212675221
118648.8092912407 129949.0972836985
120076.5677489074 128835.4056780368
119442.0084343889 122471.4536456838
122932.0846642407 123585.1452513456
117538.3304908333 124221.5404545809
122614.8050069815 126767.1212675221
124677.1227791667 124539.7380561985
120869.7668920556 124539.7380561985
118807.4491198704 130744.5912877427
122138.8855210926 121039.5644384044
117855.6101480926 124857.9356578162
119442.0084343889 129471.8008812721
119600.6482630185 123107.8488489191
121028.4067206852 127562.6152715662
118172.8898053518 125971.6272634779
121504.3262065741 128039.9116739927
118172.8898053518 130267.2948853162
121821.6058638333 124062.4416537721
121821.6058638333 121357.7620400221
118807.4491198704 121994.1572432573
121187.0465493148 125494.3308610515
117855.6101480926 123585.1452513456
122932.0846642407 127244.4176699485
118331.5296339815 131540.0852917868

123090.7244928704 125812.5284626691
123090.7244928704 125176.1332594338
117855.6101480926 129153.6032796544
121662.9660352037 121835.0584424485
118648.8092912407 126289.8248650956
118014.2499767222 125494.3308610515
119759.2880916481 126608.0224667132
117855.6101480926 128358.1092756103
119600.6482630185 123585.1452513456
119600.6482630185 122630.5524464927
122456.1651783518 127562.6152715662
121821.6058638333 122312.3548448750
117696.9703194630 127880.8128731838
117538.3304908333 127562.6152715662
118331.5296339815 129471.8008812721
117221.0508335741 124062.4416537721
120869.7668920556 122153.2560440662
118331.5296339815 127085.3188691397
118331.5296339815 122312.3548448750
119124.7287771296 122948.7500481103
121028.4067206852 124380.6392553897
121187.0465493148 127880.8128731838
118807.4491198704 131221.8876901691
118490.1694626111 124539.7380561985
121980.2456924630 121516.8608408309

120552.4872347963 124857.9356578162
124835.7626077963 124857.9356578162
119917.9279202778 122312.3548448750
121028.4067206852 127721.7140723750
117855.6101480926 127880.8128731838
119442.0084343889 123903.3428529633
119442.0084343889 125653.4296618603
119442.0084343889 121198.6632392132
120869.7668920556 127085.3188691397
117855.6101480926 128994.5044788456
119442.0084343889 122948.7500481103
119124.7287771296 129153.6032796544
123566.6439787593 124380.6392553897
121028.4067206852 127562.6152715662
117538.3304908333 123426.0464505368
120076.5677489074 128358.1092756103
118966.0889485000 122630.5524464927
121980.2456924630 125971.6272634779
118648.8092912407 129949.0972836985
118648.8092912407 127403.5164707574
124518.4829505370 124062.4416537721
122297.5253497222 121516.8608408309
123090.7244928704 126767.1212675221
118331.5296339815 125335.2320602426
124677.1227791667 125653.4296618603

119124.7287771296 123426.0464505368
118172.8898053518 128358.1092756103
119759.2880916481 125971.6272634779
122297.5253497222 127403.5164707574
118014.2499767222 126926.2200683309
120552.4872347963 121835.0584424485
120076.5677489074 121994.1572432573
118966.0889485000 128039.9116739927
117538.3304908333 124698.8368570074
118807.4491198704 125176.1332594338
121662.9660352037 122471.4536456838
118014.2499767222 123107.8488489191
122138.8855210926 121039.5644384044
120869.7668920556 126767.1212675221
117538.3304908333 127562.6152715662
119124.7287771296 121516.8608408309
121504.3262065741 122948.7500481103
123566.6439787593 124698.8368570074
121821.6058638333 128039.9116739927
119124.7287771296 121835.0584424485
118331.5296339815 122312.3548448750
120235.2075775370 127244.4176699485
118966.0889485000 126608.0224667132
117221.0508335741 125653.4296618603
118490.1694626111 123903.3428529633

118172.8898053518 125653.4296618603
121345.6863779444 121675.9596416397
118966.0889485000 127403.5164707574
119124.7287771296 123426.0464505368
121345.6863779444 128517.2080764191
120711.1270634259 122471.4536456838
118966.0889485000 124221.5404545809
117696.9703194630 128039.9116739927
121187.0465493148 127244.4176699485
118648.8092912407 126608.0224667132
121821.6058638333 127880.8128731838
120076.5677489074 126767.1212675221
119759.2880916481 128199.0104748015
120711.1270634259 122312.3548448750
120711.1270634259 125494.3308610515
120235.2075775370 127880.8128731838
120235.2075775370 122948.7500481103
117062.4110049445 125335.2320602426
121980.2456924630 127403.5164707574
119283.3686057593 121198.6632392132
118014.2499767222 128358.1092756103
118807.4491198704 129153.6032796544
121980.2456924630 126926.2200683309
118648.8092912407 127085.3188691397
120711.1270634259 122153.2560440662

118331.5296339815 128358.1092756103
120552.4872347963 121357.7620400221
124994.4024364259 125335.2320602426
118648.8092912407 124698.8368570074
118331.5296339815 127403.5164707574
120076.5677489074 125653.4296618603
117221.0508335741 125812.5284626691
119442.0084343889 129630.8996820809
118648.8092912407 125335.2320602426
119917.9279202778 124698.8368570074
121028.4067206852 125971.6272634779
118648.8092912407 122471.4536456838
118966.0889485000 127721.7140723750
120711.1270634259 121675.9596416397
121187.0465493148 128199.0104748015
119283.3686057593 123266.9476497279
118172.8898053518 125017.0344586250
122456.1651783518 126289.8248650956
118490.1694626111 128039.9116739927
117855.6101480926 128676.3068772279
120711.1270634259 126608.0224667132
118172.8898053518 129312.7020804632
118331.5296339815 130585.4924869338
121821.6058638333 127244.4176699485
116903.7711763148 124221.5404545809

118648.8092912407 121994.1572432573
117379.6906622037 125812.5284626691
119917.9279202778 126767.1212675221
122138.8855210926 121198.6632392132
121980.2456924630 121675.9596416397
120869.7668920556 128199.0104748015
121662.9660352037 121198.6632392132
121662.9660352037 121516.8608408309
121345.6863779444 121516.8608408309
121345.6863779444 121675.9596416397
121662.9660352037 127562.6152715662
117696.9703194630 124062.4416537721
118172.8898053518 128676.3068772279
121980.2456924630 127562.6152715662
118966.0889485000 127880.8128731838
120076.5677489074 127244.4176699485
117696.9703194630 128358.1092756103
119124.7287771296 128358.1092756103
123566.6439787593 125653.4296618603
119600.6482630185 125335.2320602426
121345.6863779444 121357.7620400221
121504.3262065741 127562.6152715662
118490.1694626111 127403.5164707574
119442.0084343889 128835.4056780368
119600.6482630185 126289.8248650956

124835.7626077963 125812.5284626691
120076.5677489074 121835.0584424485
121504.3262065741 127403.5164707574
119442.0084343889 124221.5404545809
121980.2456924630 121198.6632392132
121504.3262065741 128517.2080764191
118014.2499767222 123744.2440521544
121821.6058638333 126926.2200683309
120552.4872347963 125653.4296618603
120711.1270634259 121198.6632392132
118490.1694626111 126608.0224667132
117696.9703194630 128358.1092756103
117379.6906622037 126608.0224667132
118490.1694626111 124062.4416537721
119124.7287771296 123266.9476497279
118966.0889485000 123426.0464505368
118172.8898053518 128517.2080764191
121980.2456924630 128039.9116739927
119600.6482630185 126448.9236659044
118648.8092912407 127721.7140723750
121504.3262065741 121198.6632392132
120869.7668920556 121357.7620400221
119283.3686057593 127085.3188691397
118172.8898053518 125176.1332594338
118966.0889485000 121516.8608408309

119124.7287771296 127721.7140723750
118172.8898053518 125494.3308610515
124518.4829505370 125335.2320602426
119600.6482630185 124380.6392553897
118014.2499767222 125017.0344586250
120076.5677489074 123585.1452513456
122614.8050069815 126130.7260642868
117855.6101480926 128835.4056780368
118172.8898053518 122471.4536456838
122932.0846642407 126926.2200683309
123090.7244928704 121039.5644384044
119917.9279202778 128039.9116739927
118807.4491198704 129949.0972836985
118331.5296339815 122789.6512473015
119283.3686057593 127244.4176699485
120869.7668920556 124062.4416537721
118014.2499767222 126926.2200683309
120076.5677489074 123744.2440521544
122138.8855210926 121675.9596416397
118331.5296339815 126608.0224667132
120711.1270634259 128835.4056780368
119917.9279202778 122153.2560440662
121662.9660352037 122789.6512473015
123725.2838073889 125812.5284626691
119283.3686057593 123266.9476497279

119759.2880916481 127721.7140723750
118490.1694626111 125653.4296618603
116903.7711763148 124221.5404545809
118490.1694626111 126926.2200683309
121980.2456924630 122153.2560440662
119917.9279202778 124062.4416537721
124042.5634646481 126130.7260642868
118172.8898053518 122630.5524464927
119124.7287771296 127403.5164707574
119283.3686057593 122630.5524464927
119124.7287771296 127244.4176699485
120869.7668920556 121516.8608408309
119917.9279202778 122471.4536456838
118014.2499767222 123585.1452513456
119600.6482630185 125017.0344586250
117696.9703194630 126130.7260642868
122773.4448356111 127244.4176699485
119759.2880916481 121357.7620400221
118331.5296339815 123903.3428529633
120076.5677489074 121675.9596416397
117221.0508335741 125335.2320602426
120235.2075775370 121198.6632392132
120076.5677489074 128358.1092756103
117696.9703194630 126608.0224667132
121504.3262065741 128199.0104748015

118014.2499767222 123744.2440521544
119759.2880916481 127721.7140723750
119283.3686057593 121198.6632392132
118331.5296339815 126289.8248650956
118014.2499767222 129949.0972836985
119759.2880916481 122471.4536456838
118014.2499767222 125971.6272634779
118490.1694626111 128199.0104748015
119124.7287771296 128676.3068772279
119442.0084343889 129471.8008812721
122297.5253497222 127721.7140723750
118490.1694626111 126130.7260642868
119917.9279202778 126767.1212675221
120076.5677489074 124539.7380561985
120076.5677489074 122948.7500481103
119283.3686057593 121516.8608408309
121187.0465493148 125494.3308610515
118966.0889485000 125653.4296618603
117062.4110049445 124062.4416537721
119124.7287771296 121994.1572432573
121504.3262065741 128039.9116739927
120869.7668920556 128994.5044788456
123883.9236360185 126130.7260642868
117855.6101480926 123426.0464505368
123090.7244928704 121357.7620400221

121980.2456924630 127403.5164707574
118331.5296339815 126767.1212675221
119917.9279202778 128676.3068772279
121345.6863779444 127880.8128731838
120869.7668920556 121516.8608408309
118966.0889485000 126448.9236659044
119442.0084343889 122630.5524464927
118807.4491198704 126608.0224667132
120393.8474061667 121675.9596416397
118648.8092912407 122630.5524464927
123249.3643215000 121039.5644384044
120711.1270634259 121675.9596416397
119283.3686057593 122312.3548448750
121504.3262065741 127721.7140723750
121821.6058638333 121198.6632392132
118014.2499767222 127721.7140723750
122456.1651783518 121357.7620400221
120552.4872347963 127880.8128731838
120711.1270634259 128039.9116739927
123725.2838073889 121039.5644384044
119759.2880916481 121994.1572432573
121028.4067206852 124857.9356578162
117855.6101480926 128039.9116739927
124518.4829505370 125971.6272634779
118172.8898053518 126767.1212675221

121980.2456924630 127721.7140723750
122773.4448356111 121516.8608408309
117855.6101480926 122948.7500481103
124518.4829505370 125335.2320602426
121980.2456924630 121198.6632392132
118966.0889485000 122312.3548448750
119442.0084343889 121994.1572432573
117221.0508335741 123903.3428529633
120869.7668920556 121357.7620400221
119759.2880916481 121357.7620400221
118014.2499767222 125812.5284626691
120869.7668920556 125653.4296618603
121821.6058638333 127880.8128731838
120869.7668920556 126289.8248650956
122297.5253497222 127244.4176699485
117855.6101480926 128994.5044788456
117855.6101480926 123744.2440521544
119917.9279202778 123426.0464505368
124677.1227791667 125971.6272634779
119442.0084343889 125494.3308610515
119759.2880916481 121516.8608408309
120393.8474061667 125017.0344586250
119283.3686057593 126767.1212675221
120869.7668920556 127562.6152715662
120711.1270634259 128039.9116739927

120552.4872347963 128199.0104748015
121821.6058638333 127244.4176699485
121504.3262065741 121516.8608408309
120552.4872347963 124221.5404545809
119917.9279202778 122153.2560440662
118490.1694626111 122630.5524464927
118172.8898053518 126767.1212675221
120552.4872347963 121516.8608408309
119442.0084343889 128676.3068772279
118331.5296339815 129949.0972836985
118014.2499767222 122948.7500481103
124994.4024364259 125017.0344586250
121980.2456924630 121835.0584424485
117538.3304908333 127721.7140723750
121821.6058638333 128199.0104748015
120869.7668920556 121198.6632392132
118648.8092912407 127562.6152715662
122138.8855210926 125653.4296618603
118648.8092912407 126448.9236659044
120393.8474061667 126289.8248650956
118807.4491198704 122312.3548448750
118807.4491198704 126130.7260642868
118807.4491198704 123426.0464505368
120552.4872347963 129153.6032796544
119124.7287771296 127085.3188691397

118807.4491198704 129630.8996820809
124835.7626077963 124539.7380561985
123408.0041501296 125812.5284626691
118807.4491198704 129471.8008812721
121821.6058638333 122153.2560440662
119600.6482630185 121994.1572432573
119759.2880916481 127562.6152715662
117855.6101480926 128039.9116739927
122297.5253497222 126448.9236659044
119283.3686057593 127244.4176699485
117696.9703194630 128358.1092756103
121187.0465493148 128358.1092756103
120869.7668920556 127085.3188691397
118331.5296339815 128676.3068772279
124835.7626077963 124698.8368570074
119283.3686057593 125176.1332594338
119917.9279202778 121675.9596416397
119283.3686057593 123585.1452513456
118490.1694626111 122630.5524464927
120711.1270634259 122471.4536456838
119600.6482630185 130108.1960845073
123725.2838073889 125335.2320602426
122297.5253497222 121357.7620400221
117538.3304908333 126289.8248650956
118331.5296339815 124062.4416537721

118648.8092912407 129471.8008812721
119124.7287771296 124380.6392553897
118490.1694626111 128994.5044788456
120393.8474061667 126767.1212675221
118648.8092912407 126608.0224667132
124359.8431219074 125335.2320602426
121980.2456924630 122471.4536456838
120711.1270634259 127403.5164707574
121345.6863779444 123903.3428529633
121821.6058638333 125971.6272634779
119442.0084343889 121198.6632392132
120076.5677489074 123426.0464505368
118807.4491198704 130744.5912877427
118014.2499767222 128199.0104748015
121662.9660352037 121835.0584424485
119917.9279202778 127880.8128731838
118966.0889485000 122948.7500481103
119759.2880916481 121516.8608408309
120869.7668920556 127085.3188691397
118331.5296339815 122312.3548448750
118014.2499767222 128358.1092756103
120711.1270634259 128039.9116739927
118490.1694626111 129949.0972836985
118172.8898053518 130267.2948853162
123725.2838073889 125971.6272634779

118331.5296339815 123903.3428529633
120076.5677489074 125653.4296618603
118648.8092912407 122312.3548448750
124835.7626077963 125812.5284626691
120235.2075775370 121516.8608408309
122773.4448356111 127244.4176699485
120869.7668920556 121357.7620400221
121345.6863779444 128358.1092756103
120711.1270634259 126608.0224667132
119600.6482630185 127721.7140723750
120869.7668920556 121516.8608408309
120393.8474061667 127403.5164707574
121345.6863779444 127403.5164707574
120552.4872347963 128199.0104748015
118807.4491198704 128039.9116739927
124518.4829505370 124062.4416537721
119124.7287771296 121835.0584424485
118172.8898053518 128199.0104748015
124359.8431219074 125017.0344586250
119283.3686057593 127085.3188691397
122138.8855210926 121198.6632392132
121821.6058638333 121994.1572432573
118331.5296339815 122471.4536456838
124201.2032932778 125494.3308610515
121187.0465493148 127721.7140723750

