62274732.9212938398 3299711.3359375000
58900176.1571197733 3284935.4218750000
58332150.0197768062 3273158.6562500000
57701252.5685061589 3268498.9687500000
56472299.4983218461 3217439.6640625000
57206391.8067841530 3253173.2343750000
62004686.7943276018 3295099.5156250000
58187450.4512055516 3272810.1484375000
58884344.1292879060 3280972.8750000000
57264949.0318185091 3254175.2343750000
59257424.1355162039 3287820.5703125000
57629016.1347556040 3260620.3828125000
57185971.1045271605 3250276.1718750000
60303189.5155678168 3293116.1250000000
57690306.1795399711 3262363.2031250000
61865351.1099252924 3293877.8359375000
56279926.8678210303 3215916.7500000000
56520348.4283944890 3235749.5546875000
60261163.7933872044 3292721.6328125000
61497415.7043956667 3293455.3281250000
58391350.0546270385 3277318.5546875000
59671784.8523202091 3289193.1796875000
57101089.9836230502 3246143.3828125000
57138034.1214556023 3246187.5468750000
57500654.4324311018 3257924.2812500000
59805313.8045637384 3290392.3281250000
56606870.1113569736 3243245.4296875000
57843936.6944130808 3272429.8906250000
