57101089.9836230502 3246143.3828125000
57138034.1214556023 3246187.5468750000
59623028.5492772460 3287088.0156250000
57500654.4324311018 3257924.2812500000
59423635.6489937454 3276380.3359375000
59445791.5596583113 3281773.5390625000
59805313.8045637384 3290392.3281250000
56606870.1113569736 3243245.4296875000
59383093.9465723708 3275871.5078125000
60734916.7194650620 3290777.0312500000
57843936.6944130808 3272429.8906250000
58641382.5276981741 3275353.3750000000
62527425.9720044583 3293102.7578125000
