60261163.7933872044 3292721.6328125000
61497415.7043956667 3293455.3281250000
58903227.4608512744 3277572.6562500000
58391350.0546270385 3277318.5546875000
59671784.8523202091 3289193.1796875000
59125160.2260816172 3278664.1718750000
62904972.7635148615 3294663.7812500000
57101089.9836230502 3246143.3828125000
57138034.1214556023 3246187.5468750000
59623028.5492772460 3287088.0156250000
57500654.4324311018 3257924.2812500000
59445791.5596583113 3281773.5390625000
59805313.8045637384 3290392.3281250000
56606870.1113569736 3243245.4296875000
57843936.6944130808 3272429.8906250000
