122138.8855210926 127562.6152715662
122614.8050069815 121039.5644384044
118966.0889485000 127721.7140723750
117538.3304908333 125812.5284626691
121980.2456924630 124698.8368570074
120393.8474061667 128994.5044788456
119442.0084343889 125335.2320602426
118490.1694626111 124380.6392553897
122773.4448356111 126448.9236659044
119283.3686057593 126608.0224667132
121187.0465493148 121516.8608408309
119759.2880916481 129312.7020804632
120393.8474061667 128358.1092756103
121980.2456924630 125653.4296618603
122456.1651783518 126130.7260642868
120869.7668920556 123744.2440521544
119442.0084343889 127244.4176699485
118331.5296339815 131221.8876901691
120076.5677489074 121835.0584424485
118172.8898053518 122789.6512473015
121662.9660352037 124062.4416537721
119917.9279202778 129789.9984828897
119283.3686057593 123107.8488489191
120076.5677489074 128039.9116739927
121187.0465493148 126767.1212675221

117696.9703194630 123266.9476497279
121504.3262065741 122312.3548448750
119124.7287771296 126767.1212675221
117379.6906622037 126448.9236659044
119442.0084343889 128517.2080764191
119442.0084343889 128199.0104748015
120552.4872347963 127721.7140723750
118807.4491198704 126289.8248650956
117538.3304908333 127085.3188691397
122932.0846642407 121039.5644384044
119124.7287771296 129949.0972836985
119442.0084343889 121994.1572432573
120235.2075775370 129471.8008812721
120235.2075775370 125494.3308610515
117538.3304908333 124062.4416537721
118172.8898053518 127403.5164707574
118966.0889485000 121675.9596416397
119600.6482630185 121198.6632392132
118331.5296339815 125176.1332594338
124042.5634646481 126448.9236659044
120393.8474061667 121675.9596416397
118648.8092912407 123426.0464505368
118966.0889485000 125971.6272634779
119759.2880916481 124539.7380561985
124994.4024364259 125653.4296618603

124042.5634646481 123585.1452513456
121821.6058638333 127403.5164707574
119283.3686057593 127880.8128731838
121504.3262065741 121994.1572432573
120076.5677489074 127403.5164707574
118807.4491198704 122471.4536456838
119442.0084343889 128676.3068772279
118648.8092912407 122948.7500481103
119600.6482630185 126448.9236659044
118966.0889485000 124539.7380561985
119917.9279202778 128199.0104748015
118807.4491198704 127562.6152715662
121504.3262065741 128358.1092756103
121028.4067206852 127085.3188691397
121504.3262065741 122789.6512473015
117855.6101480926 123426.0464505368
119442.0084343889 122153.2560440662
120711.1270634259 121675.9596416397
123566.6439787593 121198.6632392132
119283.3686057593 129153.6032796544
124359.8431219074 124539.7380561985
118331.5296339815 128676.3068772279
119917.9279202778 126767.1212675221
117379.6906622037 125971.6272634779
116903.7711763148 124539.7380561985

118331.5296339815 128517.2080764191
120393.8474061667 127721.7140723750
122456.1651783518 121994.1572432573
121028.4067206852 125812.5284626691
119283.3686057593 126130.7260642868
120393.8474061667 121357.7620400221
118648.8092912407 124380.6392553897
119917.9279202778 128039.9116739927
118014.2499767222 127085.3188691397
119124.7287771296 126767.1212675221
119759.2880916481 128994.5044788456
122614.8050069815 121516.8608408309
120711.1270634259 121835.0584424485
120552.4872347963 123426.0464505368
118648.8092912407 127403.5164707574
119283.3686057593 122312.3548448750
120076.5677489074 122948.7500481103
121187.0465493148 121516.8608408309
119442.0084343889 126448.9236659044
119759.2880916481 122948.7500481103
124994.4024364259 125494.3308610515
121662.9660352037 127721.7140723750
122932.0846642407 121039.5644384044
124677.1227791667 125812.5284626691
120393.8474061667 126130.7260642868

120869.7668920556 121357.7620400221
119283.3686057593 122471.4536456838
121980.2456924630 122153.2560440662
120235.2075775370 123107.8488489191
119600.6482630185 127085.3188691397
119283.3686057593 127880.8128731838
119283.3686057593 122789.6512473015
118014.2499767222 128517.2080764191
121504.3262065741 127721.7140723750
120076.5677489074 127085.3188691397
119600.6482630185 126289.8248650956
118807.4491198704 122471.4536456838
120393.8474061667 123266.9476497279
120869.7668920556 121675.9596416397
121504.3262065741 122948.7500481103
119600.6482630185 127244.4176699485
120711.1270634259 121994.1572432573
120552.4872347963 121198.6632392132
122773.4448356111 121835.0584424485
119124.7287771296 122153.2560440662
117221.0508335741 124857.9356578162
118490.1694626111 126608.0224667132
122773.4448356111 126926.2200683309
120552.4872347963 126926.2200683309
122297.5253497222 127562.6152715662

120076.5677489074 122471.4536456838
119124.7287771296 122153.2560440662
118014.2499767222 127880.8128731838
124835.7626077963 125494.3308610515
118648.8092912407 121835.0584424485
120711.1270634259 127562.6152715662
121662.9660352037 128199.0104748015
120393.8474061667 128676.3068772279
121821.6058638333 127244.4176699485
118490.1694626111 122630.5524464927
122138.8855210926 121516.8608408309
123566.6439787593 126130.7260642868
119124.7287771296 127562.6152715662
119917.9279202778 127244.4176699485
124042.5634646481 125017.0344586250
121345.6863779444 127721.7140723750
120552.4872347963 128039.9116739927
122456.1651783518 121039.5644384044
120869.7668920556 121835.0584424485
120235.2075775370 122948.7500481103
119600.6482630185 127880.8128731838
119759.2880916481 129312.7020804632
118331.5296339815 128039.9116739927
118648.8092912407 123426.0464505368
117221.0508335741 125335.2320602426

120235.2075775370 124857.9356578162
122456.1651783518 124539.7380561985
120869.7668920556 128676.3068772279
119759.2880916481 122153.2560440662
122456.1651783518 124062.4416537721
120552.4872347963 121835.0584424485
117855.6101480926 123903.3428529633
123883.9236360185 126289.8248650956
124835.7626077963 125812.5284626691
122456.1651783518 127562.6152715662
119283.3686057593 130426.3936861250
122297.5253497222 126767.1212675221
122773.4448356111 121516.8608408309
119124.7287771296 123107.8488489191
119759.2880916481 122789.6512473015
117855.6101480926 126767.1212675221
121187.0465493148 126448.9236659044
124835.7626077963 125494.3308610515
119124.7287771296 122471.4536456838
121187.0465493148 126130.7260642868
117538.3304908333 123426.0464505368
117696.9703194630 125335.2320602426
120869.7668920556 125176.1332594338
119600.6482630185 129789.9984828897
124201.2032932778 123585.1452513456

120393.8474061667 121675.9596416397
119600.6482630185 128517.2080764191
118331.5296339815 122312.3548448750
121821.6058638333 127244.4176699485
119124.7287771296 121994.1572432573
117855.6101480926 127562.6152715662
118014.2499767222 129312.7020804632
119759.2880916481 126448.9236659044
119124.7287771296 123426.0464505368
118172.8898053518 125812.5284626691
119600.6482630185 129153.6032796544
122297.5253497222 126767.1212675221
120076.5677489074 121198.6632392132
121345.6863779444 128039.9116739927
118490.1694626111 122630.5524464927
120869.7668920556 126130.7260642868
119442.0084343889 123744.2440521544
121028.4067206852 121198.6632392132
118490.1694626111 128517.2080764191
123725.2838073889 124539.7380561985
121187.0465493148 121675.9596416397
121187.0465493148 127721.7140723750
117221.0508335741 125335.2320602426
119917.9279202778 122630.5524464927
120076.5677489074 128199.0104748015

118807.4491198704 123266.9476497279
119442.0084343889 121357.7620400221
123090.7244928704 121039.5644384044
122614.8050069815 127403.5164707574
120076.5677489074 127562.6152715662
118966.0889485000 127562.6152715662
118807.4491198704 122471.4536456838
117062.4110049445 125017.0344586250
120552.4872347963 124062.4416537721
121345.6863779444 127880.8128731838
119442.0084343889 121835.0584424485
124994.4024364259 125335.2320602426
120393.8474061667 128676.3068772279
119600.6482630185 130108.1960845073
118648.8092912407 126767.1212675221
119917.9279202778 129630.8996820809
118490.1694626111 128358.1092756103
117696.9703194630 127721.7140723750
118490.1694626111 126289.8248650956
119600.6482630185 122153.2560440662
117379.6906622037 123903.3428529633
124677.1227791667 124062.4416537721
118331.5296339815 125653.4296618603
118648.8092912407 125017.0344586250
121980.2456924630 121516.8608408309

120711.1270634259 127244.4176699485
119442.0084343889 122948.7500481103
121662.9660352037 128039.9116739927
119442.0084343889 127403.5164707574
122297.5253497222 121675.9596416397
117221.0508335741 124062.4416537721
120711.1270634259 128676.3068772279
118331.5296339815 124857.9356578162
119759.2880916481 122471.4536456838
118807.4491198704 125971.6272634779
122932.0846642407 126926.2200683309
118331.5296339815 127403.5164707574
124518.4829505370 124698.8368570074
118966.0889485000 128039.9116739927
118966.0889485000 122153.2560440662
120869.7668920556 127880.8128731838
120076.5677489074 127562.6152715662
117696.9703194630 128517.2080764191
121662.9660352037 121198.6632392132
121028.4067206852 121198.6632392132
121187.0465493148 125971.6272634779
119124.7287771296 126448.9236659044
118172.8898053518 128835.4056780368
119917.9279202778 123426.0464505368
121504.3262065741 121516.8608408309

118966.0889485000 121675.9596416397
122138.8855210926 124698.8368570074
122614.8050069815 121994.1572432573
120711.1270634259 128199.0104748015
117855.6101480926 126448.9236659044
117855.6101480926 128835.4056780368
118490.1694626111 131062.7888893603
119283.3686057593 121357.7620400221
121821.6058638333 121198.6632392132
118966.0889485000 127244.4176699485
119442.0084343889 123744.2440521544
123566.6439787593 125971.6272634779
119442.0084343889 122153.2560440662
121028.4067206852 128517.2080764191
124677.1227791667 125017.0344586250
124994.4024364259 125653.4296618603
118172.8898053518 128358.1092756103
125311.6820936852 125176.1332594338
118648.8092912407 122948.7500481103
124994.4024364259 123744.2440521544
122614.8050069815 121675.9596416397
119917.9279202778 127562.6152715662
117379.6906622037 125971.6272634779
118490.1694626111 127880.8128731838
118966.0889485000 126767.1212675221

122138.8855210926 127244.4176699485
120393.8474061667 121994.1572432573
118648.8092912407 127562.6152715662
119759.2880916481 126767.1212675221
118648.8092912407 122630.5524464927
119124.7287771296 121198.6632392132
122138.8855210926 127880.8128731838
118807.4491198704 122312.3548448750
120076.5677489074 121198.6632392132
121028.4067206852 128835.4056780368
120076.5677489074 128358.1092756103
121028.4067206852 127085.3188691397
117696.9703194630 128517.2080764191
120235.2075775370 127244.4176699485
118172.8898053518 123266.9476497279
124518.4829505370 125335.2320602426
118490.1694626111 129153.6032796544
118014.2499767222 128039.9116739927
121028.4067206852 127880.8128731838
119442.0084343889 121675.9596416397
117696.9703194630 125653.4296618603
119442.0084343889 129949.0972836985
119283.3686057593 129471.8008812721
118807.4491198704 128676.3068772279
118172.8898053518 129153.6032796544

118014.2499767222 126608.0224667132
122138.8855210926 127562.6152715662
119124.7287771296 123107.8488489191
121980.2456924630 127085.3188691397
121504.3262065741 128199.0104748015
119600.6482630185 122630.5524464927
119283.3686057593 121835.0584424485
121980.2456924630 127562.6152715662
119124.7287771296 122153.2560440662
118490.1694626111 126289.8248650956
124359.8431219074 125971.6272634779
119600.6482630185 121675.9596416397
120393.8474061667 124857.9356578162
119600.6482630185 127880.8128731838
119283.3686057593 128676.3068772279
122297.5253497222 122153.2560440662
121028.4067206852 127085.3188691397
118807.4491198704 127562.6152715662
119124.7287771296 125653.4296618603
120076.5677489074 127244.4176699485
118966.0889485000 124698.8368570074
120235.2075775370 121994.1572432573
120711.1270634259 121357.7620400221
123725.2838073889 123585.1452513456
120076.5677489074 128358.1092756103

118490.1694626111 124698.8368570074
117696.9703194630 127085.3188691397
119124.7287771296 127403.5164707574
117855.6101480926 128039.9116739927
119917.9279202778 129153.6032796544
118014.2499767222 126130.7260642868
119283.3686057593 125653.4296618603
122297.5253497222 125017.0344586250
119759.2880916481 130108.1960845073
119917.9279202778 123426.0464505368
120235.2075775370 125335.2320602426
118807.4491198704 124221.5404545809
121980.2456924630 122153.2560440662
118331.5296339815 127721.7140723750
124835.7626077963 124539.7380561985
119917.9279202778 125971.6272634779
118172.8898053518 122789.6512473015
122773.4448356111 127085.3188691397
118014.2499767222 126608.0224667132
121980.2456924630 121357.7620400221
119442.0084343889 128676.3068772279
120552.4872347963 121675.9596416397
122138.8855210926 121675.9596416397
120235.2075775370 128358.1092756103
117696.9703194630 123903.3428529633

117379.6906622037 126608.0224667132
121028.4067206852 127403.5164707574
121662.9660352037 121198.6632392132
119759.2880916481 129312.7020804632
119442.0084343889 122153.2560440662
118014.2499767222 124857.9356578162
122614.8050069815 127403.5164707574
118966.0889485000 121835.0584424485
121504.3262065741 127880.8128731838
119124.7287771296 127085.3188691397
123883.9236360185 126448.9236659044
120076.5677489074 126926.2200683309
124201.2032932778 125176.1332594338
121980.2456924630 121516.8608408309
119600.6482630185 121516.8608408309
120235.2075775370 125494.3308610515
118490.1694626111 128517.2080764191
121821.6058638333 121835.0584424485
118490.1694626111 124380.6392553897
117221.0508335741 125017.0344586250
119600.6482630185 123107.8488489191
118331.5296339815 128358.1092756103
119600.6482630185 122789.6512473015
122138.8855210926 121516.8608408309
119600.6482630185 128994.5044788456

120869.7668920556 128994.5044788456
119283.3686057593 128676.3068772279
118966.0889485000 125335.2320602426
118648.8092912407 122789.6512473015
119442.0084343889 127562.6152715662
120869.7668920556 126608.0224667132
120869.7668920556 124221.5404545809
122297.5253497222 125176.1332594338
118490.1694626111 129949.0972836985
122138.8855210926 121516.8608408309
120869.7668920556 125812.5284626691
118014.2499767222 123426.0464505368
118966.0889485000 124539.7380561985
119917.9279202778 123744.2440521544
118172.8898053518 128199.0104748015
123090.7244928704 123903.3428529633
118648.8092912407 127721.7140723750
123408.0041501296 124857.9356578162
119283.3686057593 121835.0584424485
120235.2075775370 129630.8996820809
119124.7287771296 122153.2560440662
124201.2032932778 125494.3308610515
118331.5296339815 125812.5284626691
119442.0084343889 126130.7260642868
123566.6439787593 121198.6632392132

117855.6101480926 127085.3188691397
121662.9660352037 121835.0584424485
118490.1694626111 127085.3188691397
119442.0084343889 122948.7500481103
121662.9660352037 127721.7140723750
121662.9660352037 128358.1092756103
119442.0084343889 121835.0584424485
118331.5296339815 122948.7500481103
121980.2456924630 128039.9116739927
119917.9279202778 121516.8608408309
124042.5634646481 125812.5284626691
124201.2032932778 124539.7380561985
123090.7244928704 121675.9596416397
118966.0889485000 122630.5524464927
118014.2499767222 127085.3188691397
121662.9660352037 127244.4176699485
120552.4872347963 121516.8608408309
121662.9660352037 121516.8608408309
118648.8092912407 127403.5164707574
117538.3304908333 127562.6152715662
119759.2880916481 121516.8608408309
119124.7287771296 121357.7620400221
119442.0084343889 127880.8128731838
118331.5296339815 131540.0852917868
122297.5253497222 121198.6632392132

118807.4491198704 122630.5524464927
118807.4491198704 126926.2200683309
120869.7668920556 121675.9596416397
121662.9660352037 127721.7140723750
121028.4067206852 121198.6632392132
121187.0465493148 122153.2560440662
119600.6482630185 127244.4176699485
124994.4024364259 125017.0344586250
118331.5296339815 128517.2080764191
120393.8474061667 121357.7620400221
118807.4491198704 122789.6512473015
118490.1694626111 124221.5404545809
119283.3686057593 123426.0464505368
120711.1270634259 129153.6032796544
122614.8050069815 121357.7620400221
119917.9279202778 121994.1572432573
121662.9660352037 121357.7620400221
121504.3262065741 128358.1092756103
121187.0465493148 128676.3068772279
121980.2456924630 121198.6632392132
117696.9703194630 127085.3188691397
122614.8050069815 126289.8248650956
119600.6482630185 126448.9236659044
119442.0084343889 122312.3548448750
120076.5677489074 126767.1212675221

122138.8855210926 121516.8608408309
119600.6482630185 124380.6392553897
117855.6101480926 125812.5284626691
119442.0084343889 127244.4176699485
118807.4491198704 123426.0464505368
123883.9236360185 125017.0344586250
118807.4491198704 127880.8128731838
119283.3686057593 130108.1960845073
120711.1270634259 124857.9356578162
119442.0084343889 121198.6632392132
120393.8474061667 126767.1212675221
120869.7668920556 125176.1332594338
118014.2499767222 128835.4056780368
118490.1694626111 129153.6032796544
117379.6906622037 123903.3428529633
125311.6820936852 125494.3308610515
120235.2075775370 121835.0584424485
118807.4491198704 128358.1092756103
122138.8855210926 121039.5644384044
118807.4491198704 131221.8876901691
120393.8474061667 129153.6032796544
119759.2880916481 122312.3548448750
123883.9236360185 126289.8248650956
117062.4110049445 124539.7380561985
118966.0889485000 123107.8488489191

122773.4448356111 125971.6272634779
118966.0889485000 125176.1332594338
118172.8898053518 122471.4536456838
118807.4491198704 131221.8876901691
119442.0084343889 129789.9984828897
121662.9660352037 121994.1572432573
117538.3304908333 127244.4176699485
118172.8898053518 123426.0464505368
118648.8092912407 121994.1572432573
121504.3262065741 123744.2440521544
118807.4491198704 128199.0104748015
119283.3686057593 124698.8368570074
122138.8855210926 121357.7620400221
122297.5253497222 126448.9236659044
118172.8898053518 124221.5404545809
122932.0846642407 124221.5404545809
117379.6906622037 124698.8368570074
119600.6482630185 126130.7260642868
118966.0889485000 121675.9596416397
120711.1270634259 128517.2080764191
120393.8474061667 121198.6632392132
118966.0889485000 126926.2200683309
118331.5296339815 129312.7020804632
119600.6482630185 122948.7500481103
118648.8092912407 130108.1960845073

117221.0508335741 124539.7380561985
118490.1694626111 126448.9236659044
120235.2075775370 123426.0464505368
119442.0084343889 121198.6632392132
118331.5296339815 124221.5404545809
121821.6058638333 127880.8128731838
118966.0889485000 125176.1332594338
120711.1270634259 121198.6632392132
117221.0508335741 125812.5284626691
119283.3686057593 129153.6032796544
118014.2499767222 123903.3428529633
120552.4872347963 121516.8608408309
121028.4067206852 128039.9116739927
118331.5296339815 130744.5912877427
118490.1694626111 124857.9356578162
119917.9279202778 123744.2440521544
120393.8474061667 128358.1092756103
119442.0084343889 121516.8608408309
118648.8092912407 126130.7260642868
118807.4491198704 128676.3068772279
121028.4067206852 127403.5164707574
119124.7287771296 122153.2560440662
117855.6101480926 126926.2200683309
120393.8474061667 121994.1572432573
120552.4872347963 128835.4056780368

122614.8050069815 121516.8608408309
119283.3686057593 130426.3936861250
119600.6482630185 121198.6632392132
118331.5296339815 130108.1960845073
121504.3262065741 124698.8368570074
118648.8092912407 125812.5284626691
125153.0422650556 125176.1332594338
121821.6058638333 128039.9116739927
117696.9703194630 124380.6392553897
118490.1694626111 129630.8996820809
117221.0508335741 126130.7260642868
119442.0084343889 128358.1092756103
122138.8855210926 127721.7140723750
119442.0084343889 126448.9236659044
118490.1694626111 128835.4056780368
120393.8474061667 126767.1212675221
120076.5677489074 123426.0464505368
119759.2880916481 121675.9596416397
120393.8474061667 127403.5164707574
119759.2880916481 123744.2440521544
121345.6863779444 128517.2080764191
118966.0889485000 122948.7500481103
117696.9703194630 123426.0464505368
117696.9703194630 126926.2200683309
119442.0084343889 127562.6152715662

119917.9279202778 126608.0224667132
117855.6101480926 128994.5044788456
117062.4110049445 124380.6392553897
120235.2075775370 122471.4536456838
121345.6863779444 128199.0104748015
119442.0084343889 127244.4176699485
121980.2456924630 127721.7140723750
120552.4872347963 121835.0584424485
119283.3686057593 128358.1092756103
124994.4024364259 124539.7380561985
118014.2499767222 123266.9476497279
118966.0889485000 121675.9596416397
120711.1270634259 125176.1332594338
121187.0465493148 127403.5164707574
121821.6058638333 127562.6152715662
117696.9703194630 128039.9116739927
118966.0889485000 123744.2440521544
119600.6482630185 124539.7380561985
120393.8474061667 126289.8248650956
119283.3686057593 125812.5284626691
118648.8092912407 127085.3188691397
118648.8092912407 122471.4536456838
118807.4491198704 122312.3548448750
121187.0465493148 122153.2560440662
120076.5677489074 127085.3188691397

119759.2880916481 121516.8608408309
118490.1694626111 125971.6272634779
120076.5677489074 122312.3548448750
121662.9660352037 127562.6152715662
118014.2499767222 128994.5044788456
121662.9660352037 122630.5524464927
119283.3686057593 121675.9596416397
117696.9703194630 123903.3428529633
121980.2456924630 121516.8608408309
119917.9279202778 125812.5284626691
120235.2075775370 127403.5164707574
121028.4067206852 121357.7620400221
120711.1270634259 127880.8128731838
118331.5296339815 124062.4416537721
117379.6906622037 124221.5404545809
125153.0422650556 125176.1332594338
121662.9660352037 128199.0104748015
120869.7668920556 128835.4056780368
120235.2075775370 121994.1572432573
119600.6482630185 130267.2948853162
121187.0465493148 128676.3068772279
122932.0846642407 121198.6632392132
118014.2499767222 128358.1092756103
118490.1694626111 126448.9236659044
121504.3262065741 121198.6632392132

121028.4067206852 128358.1092756103
121980.2456924630 121675.9596416397
119759.2880916481 122789.6512473015
120393.8474061667 128676.3068772279
123249.3643215000 121039.5644384044
118172.8898053518 126289.8248650956
119600.6482630185 126767.1212675221
121504.3262065741 121357.7620400221
121187.0465493148 121994.1572432573
119600.6482630185 122789.6512473015
124994.4024364259 123903.3428529633
119124.7287771296 121994.1572432573
118807.4491198704 123266.9476497279
121662.9660352037 122153.2560440662
120235.2075775370 127721.7140723750
118490.1694626111 128676.3068772279
121980.2456924630 127403.5164707574
117538.3304908333 123744.2440521544
121821.6058638333 126448.9236659044
120869.7668920556 127403.5164707574
120711.1270634259 121675.9596416397
119283.3686057593 122471.4536456838
118490.1694626111 128199.0104748015
118648.8092912407 125335.2320602426
117696.9703194630 126130.7260642868

124042.5634646481 125335.2320602426
119759.2880916481 121357.7620400221
118014.2499767222 124698.8368570074
120552.4872347963 125812.5284626691
122614.8050069815 121675.9596416397
119917.9279202778 129630.8996820809
118331.5296339815 128676.3068772279
120235.2075775370 125176.1332594338
120711.1270634259 121994.1572432573
121504.3262065741 121198.6632392132
120552.4872347963 128994.5044788456
119917.9279202778 126608.0224667132
117538.3304908333 125176.1332594338
118014.2499767222 123744.2440521544
119759.2880916481 126289.8248650956
121980.2456924630 127721.7140723750
118807.4491198704 130426.3936861250
118966.0889485000 122312.3548448750
122138.8855210926 127403.5164707574
119600.6482630185 125494.3308610515
120552.4872347963 124221.5404545809
117538.3304908333 127562.6152715662
119759.2880916481 130108.1960845073
119124.7287771296 121994.1572432573
118331.5296339815 127244.4176699485

121028.4067206852 128039.9116739927
121980.2456924630 127721.7140723750
119600.6482630185 125335.2320602426
118648.8092912407 121994.1572432573
118807.4491198704 122789.6512473015
118807.4491198704 127403.5164707574
118648.8092912407 126767.1212675221
121504.3262065741 128199.0104748015
120552.4872347963 122471.4536456838
121187.0465493148 128517.2080764191
118172.8898053518 122789.6512473015
120711.1270634259 121516.8608408309
120393.8474061667 121675.9596416397
118490.1694626111 128358.1092756103
117538.3304908333 125812.5284626691
119283.3686057593 121516.8608408309
118966.0889485000 126130.7260642868
120869.7668920556 127880.8128731838
118807.4491198704 121994.1572432573
118014.2499767222 127562.6152715662
117538.3304908333 123426.0464505368
118490.1694626111 127085.3188691397
118490.1694626111 131062.7888893603
124835.7626077963 123585.1452513456
118966.0889485000 122312.3548448750

117221.0508335741 124380.6392553897
120076.5677489074 122471.4536456838
121187.0465493148 121835.0584424485
118648.8092912407 126289.8248650956
117696.9703194630 124698.8368570074
119600.6482630185 121516.8608408309
120235.2075775370 121516.8608408309
118014.2499767222 123107.8488489191
122456.1651783518 122153.2560440662
124994.4024364259 125017.0344586250
121980.2456924630 127880.8128731838
117696.9703194630 125017.0344586250
118490.1694626111 122789.6512473015
121504.3262065741 128199.0104748015
118807.4491198704 128358.1092756103
119759.2880916481 121835.0584424485
119759.2880916481 128199.0104748015
118331.5296339815 125494.3308610515
120235.2075775370 127880.8128731838
120393.8474061667 124221.5404545809
120235.2075775370 126608.0224667132
122138.8855210926 121198.6632392132
118014.2499767222 125812.5284626691
118014.2499767222 129630.8996820809
118172.8898053518 124380.6392553897

