133252.2698875488 119157.6067145943
130662.8869954512 118363.8934911038
130177.3777031829 122173.7169638585
130177.3777031829 119951.3199380849
133575.9427490610 115506.5258865377
134385.1249028415 114712.8126630472
129691.8684109146 116776.4670441226
133090.4334567927 116776.4670441226
130177.3777031829 115665.2685312359
133575.9427490610 116935.2096888208
131633.9055799878 115665.2685312359
134385.1249028415 119951.3199380849
129530.0319801585 116300.2391100283
130501.0505646951 117887.6655570094
131957.5784415000 117411.4376229151

132281.2513030122 116458.9817547264
129530.0319801585 119951.3199380849
134385.1249028415 114712.8126630472
133899.6156105732 117570.1802676132
130339.2141339390 122332.4596085566
130501.0505646951 121538.7463850660
132766.7605952805 119157.6067145943
132443.0877337683 117728.9229123113
130015.5412724268 116776.4670441226
130015.5412724268 116935.2096888208
130177.3777031829 119951.3199380849
130501.0505646951 122014.9743191604
132766.7605952805 116141.4964653302
133737.7791798171 116300.2391100283
129206.3591186464 116776.4670441226

133899.6156105732 117570.1802676132
130501.0505646951 121538.7463850660
133090.4334567927 116935.2096888208
129530.0319801585 119951.3199380849
133575.9427490610 115506.5258865377
132766.7605952805 119157.6067145943
132281.2513030122 116458.9817547264
130339.2141339390 122332.4596085566
134385.1249028415 114712.8126630472
134546.9613335976 119951.3199380849
131957.5784415000 115347.7832418396
130015.5412724268 116935.2096888208
130501.0505646951 122014.9743191604
132766.7605952805 116141.4964653302
133737.7791798171 116300.2391100283

129206.3591186464 118205.1508464057
134385.1249028415 119792.5772933868
133414.1063183049 119475.0920039906
133737.7791798171 116935.2096888208
132928.5970260366 119157.6067145943
130662.8869954512 118205.1508464057
131148.3962877195 120268.8052274811
133737.7791798171 119792.5772933868
134870.6341951098 116776.4670441226
134870.6341951098 119951.3199380849
133737.7791798171 117093.9523335189
129206.3591186464 115665.2685312359
133575.9427490610 115506.5258865377
129530.0319801585 118681.3787805000
133899.6156105732 117728.9229123113

129691.8684109146 119475.0920039906
134223.2884720854 120110.0625827830
134385.1249028415 114554.0700183491
134223.2884720854 118840.1214251981
129853.7048416707 116617.7243994245
133414.1063183049 118522.6361358019
130015.5412724268 116935.2096888208
130177.3777031829 119951.3199380849
133737.7791798171 117411.4376229151
129368.1955494024 118998.8640698962
128720.8498263780 115982.7538206321
132281.2513030122 116300.2391100283
134061.4520413293 115824.0111759340
132443.0877337683 116776.4670441226
135194.3070566220 120745.0331615755

133090.4334567927 119316.3493592924
134546.9613335976 119157.6067145943
129044.5226878902 115665.2685312359
129368.1955494024 118840.1214251981
130339.2141339390 117887.6655570094
133414.1063183049 116935.2096888208
132766.7605952805 118998.8640698962
130339.2141339390 122491.2022532547
129853.7048416707 121380.0037403679
130177.3777031829 121856.2316744623
129530.0319801585 117093.9523335189
131148.3962877195 119951.3199380849
129368.1955494024 118205.1508464057
133737.7791798171 114712.8126630472
134061.4520413293 116458.9817547264

134870.6341951098 115982.7538206321
134546.9613335976 114871.5553077453
130339.2141339390 122491.2022532547
134223.2884720854 119792.5772933868
132766.7605952805 119157.6067145943
133737.7791798171 117570.1802676132
132604.9241645244 116458.9817547264
129530.0319801585 119951.3199380849
130177.3777031829 116776.4670441226
131633.9055799878 115506.5258865377
130339.2141339390 122014.9743191604
135032.4706258659 121062.5184509717
133090.4334567927 119157.6067145943
133737.7791798171 115506.5258865377
130662.8869954512 120268.8052274811

133899.6156105732 117570.1802676132
131957.5784415000 117252.6949782170
131310.2327184756 116935.2096888208
130339.2141339390 121856.2316744623
134870.6341951098 117411.4376229151
130501.0505646951 122173.7169638585
132928.5970260366 118681.3787805000
134061.4520413293 114712.8126630472
130662.8869954512 116617.7243994245
134546.9613335976 117411.4376229151
130339.2141339390 122332.4596085566
132604.9241645244 118998.8640698962
131957.5784415000 118363.8934911038
134546.9613335976 119792.5772933868
132443.0877337683 118205.1508464057

131795.7420107439 115665.2685312359
133899.6156105732 119951.3199380849
135194.3070566220 121221.2610956698
133090.4334567927 118998.8640698962
133414.1063183049 118998.8640698962
133090.4334567927 118046.4082017076
129853.7048416707 116617.7243994245
131310.2327184756 118205.1508464057
133737.7791798171 115347.7832418396
129853.7048416707 115824.0111759340
130015.5412724268 118046.4082017076
133414.1063183049 115189.0405971415
130501.0505646951 118998.8640698962
135194.3070566220 120586.2905168774
130339.2141339390 116458.9817547264

134385.1249028415 118681.3787805000
129530.0319801585 120110.0625827830
135032.4706258659 121062.5184509717
134223.2884720854 117728.9229123113
132928.5970260366 119316.3493592924
129530.0319801585 118522.6361358019
134385.1249028415 119316.3493592924
133737.7791798171 116141.4964653302
129530.0319801585 117252.6949782170
128882.6862571341 116141.4964653302
129691.8684109146 115506.5258865377
132604.9241645244 116300.2391100283
129853.7048416707 121221.2610956698
131633.9055799878 116300.2391100283
129368.1955494024 116935.2096888208

129044.5226878902 115982.7538206321
133737.7791798171 117093.9523335189
129853.7048416707 116935.2096888208
134223.2884720854 119316.3493592924
132766.7605952805 115824.0111759340
134385.1249028415 118522.6361358019
130501.0505646951 122332.4596085566
130015.5412724268 122173.7169638585
129691.8684109146 116617.7243994245
133575.9427490610 115665.2685312359
134061.4520413293 118205.1508464057
134708.7977643537 118998.8640698962
133899.6156105732 115824.0111759340
129530.0319801585 116300.2391100283
129691.8684109146 117887.6655570094

130015.5412724268 122173.7169638585
129853.7048416707 116935.2096888208
131633.9055799878 116141.4964653302
130501.0505646951 122332.4596085566
129691.8684109146 116617.7243994245
129044.5226878902 115982.7538206321
129530.0319801585 118998.8640698962
134223.2884720854 119316.3493592924
133575.9427490610 115665.2685312359
134708.7977643537 118998.8640698962
134385.1249028415 118522.6361358019
132766.7605952805 118998.8640698962
129853.7048416707 117728.9229123113
130501.0505646951 119316.3493592924
133737.7791798171 117093.9523335189

133737.7791798171 116617.7243994245
133414.1063183049 116141.4964653302
134385.1249028415 119316.3493592924
134061.4520413293 117411.4376229151
132604.9241645244 116141.4964653302
130015.5412724268 122173.7169638585
131148.3962877195 116776.4670441226
133090.4334567927 119157.6067145943
129691.8684109146 116776.4670441226
130662.8869954512 115982.7538206321
130501.0505646951 118840.1214251981
130015.5412724268 122014.9743191604
129206.3591186464 115665.2685312359
130339.2141339390 122173.7169638585
133575.9427490610 119316.3493592924

