121008.8054423684 113114.1522066937
119099.6286962632 113760.3995876173
120849.7073801930 117476.3220279282
124986.2569967544 114245.0851233100
119736.0209449649 115699.1417303882
125145.3550589298 115214.4561946955
126099.9434319825 113760.3995876173
120849.7073801930 115214.4561946955
121963.3938154210 114568.2088137719
124349.8647480526 115376.0180399264
121963.3938154210 114083.5232780791
119258.7267584386 113275.7140519246
122758.8841262982 114568.2088137719
120690.6093180175 115537.5798851573
121327.0015667193 114891.3325042337
121645.1976910702 114891.3325042337
125781.7473076316 115537.5798851573
120372.4131936667 113437.2758971555
126895.4337428596 115860.7035756191
126736.3356806842 113598.8377423864

120531.5112558421 116830.0746470046
120213.3151314912 116022.2654208500
123077.0802506491 115052.8943494646
126577.2376185088 113437.2758971555
119417.8248206140 112952.5903614627
124349.8647480526 115376.0180399264
122281.5899397719 114729.7706590028
121327.0015667193 114568.2088137719
121327.0015667193 114729.7706590028
120531.5112558421 115537.5798851573
121804.2957532456 114891.3325042337
124508.9628102281 112952.5903614627
123872.5705615263 115376.0180399264
126736.3356806842 116506.9509565428
124986.2569967544 116022.2654208500
125145.3550589298 114729.7706590028
125463.5511832807 113437.2758971555
124668.0608724035 115699.1417303882
124508.9628102281 115052.8943494646
124349.8647480526 113437.2758971555

126895.4337428596 116506.9509565428
119417.8248206140 112629.4666710009
120849.7073801930 116022.2654208500
125940.8453698070 114245.0851233100
126418.1395563333 114083.5232780791
124827.1589345789 115860.7035756191
121645.1976910702 114245.0851233100
121167.9035045439 113760.3995876173
121008.8054423684 114568.2088137719
122758.8841262982 115214.4561946955
127531.8259915614 116830.0746470046
125145.3550589298 114891.3325042337
120213.3151314912 116345.3891113118
119736.0209449649 113760.3995876173
122440.6880019474 114891.3325042337
127054.5318050351 115699.1417303882
126577.2376185088 113437.2758971555
121327.0015667193 112952.5903614627
124827.1589345789 115052.8943494646
122122.4918775965 113598.8377423864

125940.8453698070 114245.0851233100
127054.5318050351 115699.1417303882
122440.6880019474 114891.3325042337
121167.9035045439 113760.3995876173
124827.1589345789 115860.7035756191
121645.1976910702 114245.0851233100
121008.8054423684 114568.2088137719
127531.8259915614 116830.0746470046
125145.3550589298 114083.5232780791
120213.3151314912 116345.3891113118
126895.4337428596 116506.9509565428
125145.3550589298 114891.3325042337
119417.8248206140 112629.4666710009
121645.1976910702 114406.6469685409
125940.8453698070 114406.6469685409
126418.1395563333 114083.5232780791
120054.2170693158 115537.5798851573
124031.6686237018 115699.1417303882
120849.7073801930 116022.2654208500
124031.6686237018 115052.8943494646

124031.6686237018 115376.0180399264
120531.5112558421 112306.3429805391
119099.6286962632 114406.6469685409
126418.1395563333 113437.2758971555
119576.9228827895 113598.8377423864
124349.8647480526 115376.0180399264
120054.2170693158 112629.4666710009
120849.7073801930 118607.2549445446
119736.0209449649 115699.1417303882
126259.0414941579 114729.7706590028
119736.0209449649 112629.4666710009
127690.9240537368 115860.7035756191
119576.9228827895 114568.2088137719
126099.9434319825 116345.3891113118
126895.4337428596 113760.3995876173
121963.3938154210 113437.2758971555
126259.0414941579 114083.5232780791
119895.1190071403 114568.2088137719
126259.0414941579 115537.5798851573
124031.6686237018 113760.3995876173

125304.4531211053 114891.3325042337
127372.7279293860 116506.9509565428
123236.1783128245 114406.6469685409
121963.3938154210 114891.3325042337
121963.3938154210 114245.0851233100
121167.9035045439 113275.7140519246
127054.5318050351 116345.3891113118
124668.0608724035 115052.8943494646
121167.9035045439 114406.6469685409
120054.2170693158 114406.6469685409
120054.2170693158 113114.1522066937
126736.3356806842 115052.8943494646
126418.1395563333 113921.9614328482
119417.8248206140 115052.8943494646
124349.8647480526 115699.1417303882
126895.4337428596 113760.3995876173
125304.4531211053 114083.5232780791
119417.8248206140 113921.9614328482
122758.8841262982 114729.7706590028
120690.6093180175 117476.3220279282

120690.6093180175 114729.7706590028
122440.6880019474 114729.7706590028
127690.9240537368 116830.0746470046
120690.6093180175 116991.6364922355
121963.3938154210 114729.7706590028
119099.6286962632 114245.0851233100
120849.7073801930 114406.6469685409
122599.7860641228 113921.9614328482
126099.9434319825 113760.3995876173
124349.8647480526 114891.3325042337
120372.4131936667 112791.0285162318
123713.4724993509 115214.4561946955
121327.0015667193 114568.2088137719
126895.4337428596 113760.3995876173
120849.7073801930 118445.6930993137
124986.2569967544 114729.7706590028
119736.0209449649 114083.5232780791
126895.4337428596 114406.6469685409
126099.9434319825 113598.8377423864
126736.3356806842 116022.2654208500

119895.1190071403 112467.9048257700
119417.8248206140 113598.8377423864
127372.7279293860 116506.9509565428
120849.7073801930 116183.8272660810
126259.0414941579 112629.4666710009
127850.0221159123 116022.2654208500
121645.1976910702 114245.0851233100
121167.9035045439 113921.9614328482
121804.2957532456 113760.3995876173
123872.5705615263 115052.8943494646
122917.9821884737 113760.3995876173
124827.1589345789 115376.0180399264
120849.7073801930 118768.8167897755
124190.7666858772 113921.9614328482
124508.9628102281 113114.1522066937
120849.7073801930 115214.4561946955
126895.4337428596 116183.8272660810
124349.8647480526 115052.8943494646
126577.2376185088 113921.9614328482
126099.9434319825 113760.3995876173

124508.9628102281 115537.5798851573
122917.9821884737 113598.8377423864
121327.0015667193 114568.2088137719
120849.7073801930 116668.5128017737
124986.2569967544 115699.1417303882
126736.3356806842 114406.6469685409
126895.4337428596 114083.5232780791
124349.8647480526 113114.1522066937
126577.2376185088 115699.1417303882
120690.6093180175 115537.5798851573
125145.3550589298 112952.5903614627
121963.3938154210 115052.8943494646
124827.1589345789 114245.0851233100
121645.1976910702 112952.5903614627
121645.1976910702 114729.7706590028
121327.0015667193 114729.7706590028
121327.0015667193 114891.3325042337
119576.9228827895 112791.0285162318
126259.0414941579 116022.2654208500
124986.2569967544 115052.8943494646

124827.1589345789 114891.3325042337
121963.3938154210 114083.5232780791
124190.7666858772 113114.1522066937
126895.4337428596 114568.2088137719
120690.6093180175 117153.1983374664
123077.0802506491 113921.9614328482
120213.3151314912 113114.1522066937
126736.3356806842 113437.2758971555
123554.3744371754 115376.0180399264
127372.7279293860 116345.3891113118
121804.2957532456 114891.3325042337
120213.3151314912 112306.3429805391
119576.9228827895 114083.5232780791
120849.7073801930 115699.1417303882
121008.8054423684 113114.1522066937
120849.7073801930 118122.5694088519
123395.2763750000 113921.9614328482
122599.7860641228 114568.2088137719
125622.6492454561 113598.8377423864
127850.0221159123 116183.8272660810

122917.9821884737 113598.8377423864
124827.1589345789 113114.1522066937
123395.2763750000 113921.9614328482
119417.8248206140 113921.9614328482
126736.3356806842 114245.0851233100
121327.0015667193 112791.0285162318
124827.1589345789 115052.8943494646
120531.5112558421 115214.4561946955
124031.6686237018 115052.8943494646
124031.6686237018 112952.5903614627
123872.5705615263 114245.0851233100
120531.5112558421 114406.6469685409
125781.7473076316 115376.0180399264
122281.5899397719 113760.3995876173
120372.4131936667 112144.7811353082
120372.4131936667 113598.8377423864
126259.0414941579 114083.5232780791
120213.3151314912 116183.8272660810
121167.9035045439 114406.6469685409
125145.3550589298 113275.7140519246

121645.1976910702 113760.3995876173
120213.3151314912 115860.7035756191
124349.8647480526 114891.3325042337
124668.0608724035 115376.0180399264
123554.3744371754 115376.0180399264
126736.3356806842 113437.2758971555
126895.4337428596 116183.8272660810
127372.7279293860 116506.9509565428
121486.0996288947 112952.5903614627
120849.7073801930 117314.7601826973
122122.4918775965 113760.3995876173
120372.4131936667 115860.7035756191
119099.6286962632 113921.9614328482
121645.1976910702 114406.6469685409
120054.2170693158 116830.0746470046
127054.5318050351 116183.8272660810
120372.4131936667 115537.5798851573
122122.4918775965 114406.6469685409
126736.3356806842 116506.9509565428
126736.3356806842 114568.2088137719

119576.9228827895 114406.6469685409
126259.0414941579 116183.8272660810
121804.2957532456 114406.6469685409
120531.5112558421 115376.0180399264
124827.1589345789 114729.7706590028
121963.3938154210 114891.3325042337
121486.0996288947 114406.6469685409
124349.8647480526 115376.0180399264
126577.2376185088 114568.2088137719
124668.0608724035 115052.8943494646
121804.2957532456 114245.0851233100
126895.4337428596 113921.9614328482
125145.3550589298 113921.9614328482
124508.9628102281 115699.1417303882
121327.0015667193 112952.5903614627
120372.4131936667 116506.9509565428
120849.7073801930 116830.0746470046
123872.5705615263 114568.2088137719
125781.7473076316 113921.9614328482
126736.3356806842 114406.6469685409

120849.7073801930 118122.5694088519
120054.2170693158 112629.4666710009
126418.1395563333 116506.9509565428
120690.6093180175 116506.9509565428
127213.6298672105 116668.5128017737
124827.1589345789 114729.7706590028
118940.5306340877 113760.3995876173
121963.3938154210 113760.3995876173
127213.6298672105 115214.4561946955
124349.8647480526 115699.1417303882
124031.6686237018 112952.5903614627
121008.8054423684 114245.0851233100
119258.7267584386 113598.8377423864
120531.5112558421 114406.6469685409
121645.1976910702 114729.7706590028
126736.3356806842 115860.7035756191
122281.5899397719 113760.3995876173
124827.1589345789 115376.0180399264
125622.6492454561 114729.7706590028
126577.2376185088 113437.2758971555

121008.8054423684 114568.2088137719
126577.2376185088 116506.9509565428
120690.6093180175 115537.5798851573
121327.0015667193 114406.6469685409
127690.9240537368 116830.0746470046
126736.3356806842 114729.7706590028
119576.9228827895 112306.3429805391
124349.8647480526 115537.5798851573
120213.3151314912 115214.4561946955
121645.1976910702 114406.6469685409
121804.2957532456 114568.2088137719
126259.0414941579 113275.7140519246
124827.1589345789 115699.1417303882
120531.5112558421 116668.5128017737
120690.6093180175 115699.1417303882
126099.9434319825 114568.2088137719
123713.4724993509 113598.8377423864
122122.4918775965 114568.2088137719
124190.7666858772 113275.7140519246
121963.3938154210 113275.7140519246

122122.4918775965 113760.3995876173
126736.3356806842 114568.2088137719
121167.9035045439 113598.8377423864
120054.2170693158 116830.0746470046
119736.0209449649 114729.7706590028
122122.4918775965 114245.0851233100
126895.4337428596 114406.6469685409
121804.2957532456 114083.5232780791
124986.2569967544 113921.9614328482
126577.2376185088 115376.0180399264
123554.3744371754 115376.0180399264
121486.0996288947 114891.3325042337
121804.2957532456 114729.7706590028
124827.1589345789 115052.8943494646
126259.0414941579 113760.3995876173
124349.8647480526 115699.1417303882
120372.4131936667 114891.3325042337
126099.9434319825 113760.3995876173
124827.1589345789 115537.5798851573
125622.6492454561 113760.3995876173

121008.8054423684 114245.0851233100
127372.7279293860 115860.7035756191
121645.1976910702 112952.5903614627
125145.3550589298 114083.5232780791
121963.3938154210 114406.6469685409
121645.1976910702 114568.2088137719
119736.0209449649 116022.2654208500
123713.4724993509 115376.0180399264
126895.4337428596 114083.5232780791
124827.1589345789 114568.2088137719
122758.8841262982 114083.5232780791
126418.1395563333 113598.8377423864
125940.8453698070 113921.9614328482
127054.5318050351 116345.3891113118
125463.5511832807 114729.7706590028
119736.0209449649 115376.0180399264
121167.9035045439 114245.0851233100
124031.6686237018 115376.0180399264
120690.6093180175 116991.6364922355
124508.9628102281 115537.5798851573

119736.0209449649 113114.1522066937
124190.7666858772 113598.8377423864
120849.7073801930 118768.8167897755
126418.1395563333 113760.3995876173
123236.1783128245 115052.8943494646
119576.9228827895 111983.2192900773
121963.3938154210 114891.3325042337
123872.5705615263 114891.3325042337
120531.5112558421 116345.3891113118
120213.3151314912 116991.6364922355
124827.1589345789 115376.0180399264
127213.6298672105 116668.5128017737
120372.4131936667 115699.1417303882
126895.4337428596 115376.0180399264
125940.8453698070 115699.1417303882
122758.8841262982 114729.7706590028
121963.3938154210 114083.5232780791
126736.3356806842 113598.8377423864
120054.2170693158 116183.8272660810
124190.7666858772 115699.1417303882

