47954103.3750432581 6767.0013751984
47633750.1988552064 6580.4839496613
47641656.7632887885 6631.7700500488
48189268.8232796267 7004.4658737183
49421092.3520602360 7448.4685974121
49323275.5724797770 7348.3520507812
49235314.7286988795 7235.2198715210
48903935.8760165721 7093.8419857025
49167492.4873143286 7178.0946121216
48479083.4421623722 7057.6037750244
48033637.9752139598 6870.7359943390
47553585.1320389435 6425.7792778015
47070946.7158648074 6003.6333122253
47863408.1953396052 6683.5430965424
46934037.2382596433 5118.3524675369
47441190.2546271756 6339.0567941666
47880267.7987137437 6719.5700798035
47988912.5725371018 6787.2043538094
49205834.9547071457 7188.7791442871
47033593.3400097936 5528.1220083237
47088050.0973070860 6188.6961145401
49271184.0079383999 7256.9193305969
47626265.6410377622 6493.2524986267
