47566814.8330704346 6679.6940574646
46876852.6179083958 5784.4964375496
46628199.8106763363 5424.3117446899
46473409.6786169857 4849.1996594667
46839030.5769066215 5695.7622165680
47925186.4414088130 6814.7681427002
46755263.5673525780 5501.0150642395
47455148.3054569438 6450.5773849487
48383122.8846176863 7012.6791687012
48480983.0516534671 7551.9520492554
48189268.8232796267 7004.4658737183
48479083.4421623722 7057.6037750244
48033637.9752139598 6870.7359943390
47070946.7158648074 6003.6333122253
47863408.1953396052 6683.5430965424
47441190.2546271756 6339.0567941666
47880267.7987137437 6719.5700798035
47088050.0973070860 6188.6961145401
