47202813.4262127876 6301.0506253242
46536149.5306383371 4965.4869709015
47510048.0309924334 6610.7744846344
46653600.2987257689 6059.3902034760
47940796.8520180359 6913.3143768311
47814868.6286785007 6887.6863403320
46574597.0301570892 5109.9464731216
47206773.2443061545 6427.9158515930
47566814.8330704346 6679.6940574646
46628199.8106763363 5424.3117446899
46473409.6786169857 4849.1996594667
47455148.3054569438 6450.5773849487
48383122.8846176863 7012.6791687012
48480983.0516534671 7551.9520492554
48189268.8232796267 7004.4658737183
48479083.4421623722 7057.6037750244
47088050.0973070860 6188.6961145401
