47048151.0631296337 6392.3781795502
47263636.6859114021 6722.5278129578
47242327.9762412682 6441.3453493118
50551936.8826096058 7568.4009552002
48309565.9759393707 7167.5605545044
48112389.7922787666 7166.2831192017
48367822.7768521532 7193.1254272461
46681776.1345026344 6378.5132360458
49885262.8208201379 7568.3949584961
50795821.1537351757 7614.8528480530
46052957.4165800735 5836.8972115517
46552718.3666529879 6029.3640584946
47771320.2375652194 7162.4827194214
47315397.3994664922 6982.3934679031
46653600.2987257689 6059.3902034760
47206773.2443061545 6427.9158515930
48480983.0516534671 7551.9520492554
