114385.0708836339 123342.2825266383
115021.9182665625 121734.2536474894
112156.1050433839 119965.4218804255
115499.5538037589 122377.4651991489
111041.6221232589 119965.4218804255
111519.2576604554 121251.8449837447
115977.1893409554 122538.2680870638
114066.6471921696 123020.6767508085
114703.4945750982 121251.8449837447
111837.6813519196 120287.0276562553

112156.1050433839 120447.8305441702
114703.4945750982 121251.8449837447
112792.9524263125 121251.8449837447
111678.4695061875 122538.2680870638
110404.7747403304 120608.6334320851
115499.5538037589 122538.2680870638
112474.5287348482 120608.6334320851
112474.5287348482 120447.8305441702
111200.8339689911 119483.0132166808
110086.3510488661 119965.4218804255

112952.1642720446 120930.2392079149
111996.8931976518 120287.0276562553
115499.5538037589 122216.6623112340
114385.0708836339 121573.4507595745
111200.8339689911 120126.2247683404
112633.7405805804 120769.4363200000
113748.2235007054 123020.6767508085
112474.5287348482 120769.4363200000
113270.5879635089 122538.2680870638
115817.9774952232 122377.4651991489

115499.5538037589 121895.0565354042
111996.8931976518 120608.6334320851
110245.5628945982 120447.8305441702
113429.7998092411 123020.6767508085
111200.8339689911 119643.8161045957
110563.9865860625 120447.8305441702
112952.1642720446 122859.8738628936
114066.6471921696 123503.0854145532
111678.4695061875 119804.6189925106
115817.9774952232 122377.4651991489

117091.6722610804 123181.4796387234
115817.9774952232 122216.6623112340
110723.1984317946 119965.4218804255
114544.2827293661 121895.0565354042
111837.6813519196 119965.4218804255
110404.7747403304 120287.0276562553
112952.1642720446 120608.6334320851
112315.3168891161 120930.2392079149
113748.2235007054 122699.0709749787
115021.9182665625 122216.6623112340

112315.3168891161 120769.4363200000
115977.1893409554 122216.6623112340
115021.9182665625 122055.8594233192
110245.5628945982 119804.6189925106
111837.6813519196 119643.8161045957
115499.5538037589 121895.0565354042
111837.6813519196 117070.9698979574
111519.2576604554 119161.4074408510
110563.9865860625 119965.4218804255
115499.5538037589 122538.2680870638

112633.7405805804 123020.6767508085
115499.5538037589 122377.4651991489
115181.1301122946 121734.2536474894
111519.2576604554 120126.2247683404
110404.7747403304 120447.8305441702
112792.9524263125 123020.6767508085
112315.3168891161 120930.2392079149
111837.6813519196 119643.8161045957
112156.1050433839 120447.8305441702
111837.6813519196 119965.4218804255

110245.5628945982 119965.4218804255
111837.6813519196 119965.4218804255
111519.2576604554 120287.0276562553
112156.1050433839 120447.8305441702
113111.3761177768 123342.2825266383
111200.8339689911 119804.6189925106
114703.4945750982 121412.6478716596
113429.7998092411 123181.4796387234
110563.9865860625 120126.2247683404
114066.6471921696 123181.4796387234

