117221.0508335741 125653.4296618603
120711.1270634259 125017.0344586250
119917.9279202778 126767.1212675221
119283.3686057593 122153.2560440662
120869.7668920556 121357.7620400221
121662.9660352037 128039.9116739927
118648.8092912407 126767.1212675221
117538.3304908333 127085.3188691397
121504.3262065741 128039.9116739927
119283.3686057593 125812.5284626691
119759.2880916481 121835.0584424485
118807.4491198704 123266.9476497279
121504.3262065741 121994.1572432573
119442.0084343889 121357.7620400221
120552.4872347963 121516.8608408309
118331.5296339815 125494.3308610515
122138.8855210926 127721.7140723750
118331.5296339815 122630.5524464927
123408.0041501296 125494.3308610515
119917.9279202778 121835.0584424485
118807.4491198704 127721.7140723750
117696.9703194630 127244.4176699485
118172.8898053518 128199.0104748015
117379.6906622037 126130.7260642868
120552.4872347963 127880.8128731838

122773.4448356111 124062.4416537721
120393.8474061667 123426.0464505368
119917.9279202778 128358.1092756103
119759.2880916481 123107.8488489191
124359.8431219074 125494.3308610515
118172.8898053518 125494.3308610515
118331.5296339815 128039.9116739927
121821.6058638333 125812.5284626691
119917.9279202778 124698.8368570074
121187.0465493148 122312.3548448750
119600.6482630185 130108.1960845073
119283.3686057593 121994.1572432573
117855.6101480926 127721.7140723750
124042.5634646481 126448.9236659044
118966.0889485000 130585.4924869338
122773.4448356111 126767.1212675221
123249.3643215000 121039.5644384044
118331.5296339815 131221.8876901691
118966.0889485000 128676.3068772279
118331.5296339815 127085.3188691397
120076.5677489074 122789.6512473015
124042.5634646481 126289.8248650956
120235.2075775370 127403.5164707574
122773.4448356111 126926.2200683309
120235.2075775370 129471.8008812721

119283.3686057593 123266.9476497279
117696.9703194630 127403.5164707574
118648.8092912407 128835.4056780368
120235.2075775370 121994.1572432573
123883.9236360185 125335.2320602426
119917.9279202778 127244.4176699485
118172.8898053518 123585.1452513456
121187.0465493148 128358.1092756103
119600.6482630185 122948.7500481103
117538.3304908333 125653.4296618603
119917.9279202778 126926.2200683309
117696.9703194630 123266.9476497279
121504.3262065741 127721.7140723750
117855.6101480926 127880.8128731838
118490.1694626111 126767.1212675221
121345.6863779444 121835.0584424485
119283.3686057593 126926.2200683309
119917.9279202778 125653.4296618603
121028.4067206852 122153.2560440662
124042.5634646481 123585.1452513456
119124.7287771296 122630.5524464927
122614.8050069815 121039.5644384044
118172.8898053518 123903.3428529633
120552.4872347963 121516.8608408309
121345.6863779444 127880.8128731838

120235.2075775370 129312.7020804632
119124.7287771296 126926.2200683309
119600.6482630185 122471.4536456838
119442.0084343889 128199.0104748015
120869.7668920556 123903.3428529633
118331.5296339815 125335.2320602426
117696.9703194630 123266.9476497279
119124.7287771296 126289.8248650956
119283.3686057593 125971.6272634779
121504.3262065741 122471.4536456838
119124.7287771296 121675.9596416397
117379.6906622037 124698.8368570074
118807.4491198704 121994.1572432573
119759.2880916481 127244.4176699485
121345.6863779444 128039.9116739927
118014.2499767222 128835.4056780368
119283.3686057593 121994.1572432573
121345.6863779444 121994.1572432573
120552.4872347963 126926.2200683309
119600.6482630185 129789.9984828897
121504.3262065741 121198.6632392132
118807.4491198704 127562.6152715662
122138.8855210926 127721.7140723750
120393.8474061667 125335.2320602426
118331.5296339815 131540.0852917868

118490.1694626111 128676.3068772279
118807.4491198704 122471.4536456838
117538.3304908333 127244.4176699485
117855.6101480926 127562.6152715662
120393.8474061667 123903.3428529633
123090.7244928704 124698.8368570074
121504.3262065741 125971.6272634779
118490.1694626111 129630.8996820809
118807.4491198704 130267.2948853162
117855.6101480926 124221.5404545809
118807.4491198704 124698.8368570074
119759.2880916481 125494.3308610515
120393.8474061667 126289.8248650956
121187.0465493148 127880.8128731838
118648.8092912407 122312.3548448750
117696.9703194630 125017.0344586250
118014.2499767222 128994.5044788456
117855.6101480926 124062.4416537721
121980.2456924630 121835.0584424485
122297.5253497222 126608.0224667132
120076.5677489074 121198.6632392132
120393.8474061667 127403.5164707574
118014.2499767222 129949.0972836985
119442.0084343889 122789.6512473015
119917.9279202778 123585.1452513456

120393.8474061667 127721.7140723750
121187.0465493148 126608.0224667132
117538.3304908333 124062.4416537721
119759.2880916481 129471.8008812721
119600.6482630185 122471.4536456838
118490.1694626111 122948.7500481103
118648.8092912407 129471.8008812721
120552.4872347963 121994.1572432573
119124.7287771296 124539.7380561985
119283.3686057593 121675.9596416397
118014.2499767222 125494.3308610515
124042.5634646481 123744.2440521544
119600.6482630185 121516.8608408309
122932.0846642407 121198.6632392132
118490.1694626111 130267.2948853162
121187.0465493148 125971.6272634779
121980.2456924630 122153.2560440662
120552.4872347963 129153.6032796544
120393.8474061667 123426.0464505368
122614.8050069815 127403.5164707574
119442.0084343889 128199.0104748015
121187.0465493148 126767.1212675221
118648.8092912407 124857.9356578162
120869.7668920556 128676.3068772279
119442.0084343889 127085.3188691397

123408.0041501296 121198.6632392132
121504.3262065741 121994.1572432573
119283.3686057593 130426.3936861250
119442.0084343889 127244.4176699485
118331.5296339815 130903.6900885515
118014.2499767222 123426.0464505368
119600.6482630185 121675.9596416397
118490.1694626111 122948.7500481103
119124.7287771296 128835.4056780368
120869.7668920556 127244.4176699485
117538.3304908333 125176.1332594338
125153.0422650556 125494.3308610515
120076.5677489074 128039.9116739927
121345.6863779444 124221.5404545809
120076.5677489074 129153.6032796544
119600.6482630185 126608.0224667132
120711.1270634259 126926.2200683309
120393.8474061667 123266.9476497279
119124.7287771296 123903.3428529633
124677.1227791667 125812.5284626691
121980.2456924630 127721.7140723750
119917.9279202778 126289.8248650956
120711.1270634259 126767.1212675221
118014.2499767222 125971.6272634779
124835.7626077963 125176.1332594338

123090.7244928704 121675.9596416397
119442.0084343889 122948.7500481103
118172.8898053518 126608.0224667132
118648.8092912407 128358.1092756103
117062.4110049445 125335.2320602426
121345.6863779444 128039.9116739927
120869.7668920556 122153.2560440662
118331.5296339815 130108.1960845073
117855.6101480926 124062.4416537721
120393.8474061667 127403.5164707574
124201.2032932778 126130.7260642868
118807.4491198704 128676.3068772279
117221.0508335741 125653.4296618603
117855.6101480926 126926.2200683309
117221.0508335741 124698.8368570074
122932.0846642407 125494.3308610515
118966.0889485000 124380.6392553897
118014.2499767222 127721.7140723750
120393.8474061667 123426.0464505368
121504.3262065741 127721.7140723750
121504.3262065741 123744.2440521544
120235.2075775370 127085.3188691397
118172.8898053518 127403.5164707574
119917.9279202778 122153.2560440662
118648.8092912407 122471.4536456838

119917.9279202778 128676.3068772279
121028.4067206852 128358.1092756103
119124.7287771296 121675.9596416397
119917.9279202778 122153.2560440662
119759.2880916481 126608.0224667132
119759.2880916481 124698.8368570074
118331.5296339815 124062.4416537721
124994.4024364259 124062.4416537721
117696.9703194630 125335.2320602426
118172.8898053518 128358.1092756103
118172.8898053518 130426.3936861250
118648.8092912407 125335.2320602426
118490.1694626111 128835.4056780368
122138.8855210926 127880.8128731838
119283.3686057593 122630.5524464927
118331.5296339815 125812.5284626691
119124.7287771296 125176.1332594338
118490.1694626111 127244.4176699485
120393.8474061667 123585.1452513456
117538.3304908333 127721.7140723750
121980.2456924630 127562.6152715662
125153.0422650556 125494.3308610515
120711.1270634259 121198.6632392132
122614.8050069815 127244.4176699485
118966.0889485000 123107.8488489191

121504.3262065741 121198.6632392132
119124.7287771296 127244.4176699485
119283.3686057593 125653.4296618603
122773.4448356111 126448.9236659044
119442.0084343889 126926.2200683309
119124.7287771296 126608.0224667132
118014.2499767222 129471.8008812721
120235.2075775370 128199.0104748015
119442.0084343889 121675.9596416397
119759.2880916481 121994.1572432573
118807.4491198704 128676.3068772279
120393.8474061667 125971.6272634779
121504.3262065741 121357.7620400221
118331.5296339815 130903.6900885515
118331.5296339815 125971.6272634779
118490.1694626111 131540.0852917868
120869.7668920556 127403.5164707574
121662.9660352037 124062.4416537721
118807.4491198704 128517.2080764191
121028.4067206852 125017.0344586250
121187.0465493148 124380.6392553897
122138.8855210926 125335.2320602426
121821.6058638333 127880.8128731838
119124.7287771296 123585.1452513456
117062.4110049445 125017.0344586250

123725.2838073889 125971.6272634779
119600.6482630185 123107.8488489191
117538.3304908333 124062.4416537721
117538.3304908333 124698.8368570074
123883.9236360185 124857.9356578162
120076.5677489074 121835.0584424485
120235.2075775370 126289.8248650956
119283.3686057593 123426.0464505368
117221.0508335741 125176.1332594338
118490.1694626111 122948.7500481103
119283.3686057593 121198.6632392132
117696.9703194630 128358.1092756103
121187.0465493148 128517.2080764191
119124.7287771296 122312.3548448750
120076.5677489074 127721.7140723750
119124.7287771296 121835.0584424485
118014.2499767222 124380.6392553897
119759.2880916481 128994.5044788456
121345.6863779444 127403.5164707574
121504.3262065741 121675.9596416397
118648.8092912407 126926.2200683309
118648.8092912407 121994.1572432573
119917.9279202778 122630.5524464927
120235.2075775370 127244.4176699485
117221.0508335741 125335.2320602426

117379.6906622037 125494.3308610515
118648.8092912407 122948.7500481103
120711.1270634259 126289.8248650956
121821.6058638333 121198.6632392132
121662.9660352037 128358.1092756103
117696.9703194630 126130.7260642868
124677.1227791667 125176.1332594338
123566.6439787593 124539.7380561985
117379.6906622037 124380.6392553897
121662.9660352037 128199.0104748015
120393.8474061667 121516.8608408309
120393.8474061667 127880.8128731838
121187.0465493148 121835.0584424485
123725.2838073889 123744.2440521544
119283.3686057593 123426.0464505368
124042.5634646481 126289.8248650956
121662.9660352037 127403.5164707574
118648.8092912407 128358.1092756103
121980.2456924630 128039.9116739927
118331.5296339815 123744.2440521544
119124.7287771296 126926.2200683309
118172.8898053518 124698.8368570074
117379.6906622037 125653.4296618603
119442.0084343889 128994.5044788456
120552.4872347963 122153.2560440662

118172.8898053518 127880.8128731838
122614.8050069815 121675.9596416397
117062.4110049445 124062.4416537721
121980.2456924630 127562.6152715662
119759.2880916481 121198.6632392132
118331.5296339815 125017.0344586250
118172.8898053518 124221.5404545809
118014.2499767222 123426.0464505368
119124.7287771296 124539.7380561985
119124.7287771296 125971.6272634779
119442.0084343889 128517.2080764191
119283.3686057593 128994.5044788456
118172.8898053518 124539.7380561985
118966.0889485000 126289.8248650956
118331.5296339815 122948.7500481103
119442.0084343889 122312.3548448750
119283.3686057593 121516.8608408309
118014.2499767222 123585.1452513456
120711.1270634259 121994.1572432573
119124.7287771296 122630.5524464927
123090.7244928704 121516.8608408309
119600.6482630185 127880.8128731838
120869.7668920556 124062.4416537721
122456.1651783518 126289.8248650956
120552.4872347963 127244.4176699485

121187.0465493148 122312.3548448750
117379.6906622037 125494.3308610515
118966.0889485000 123266.9476497279
120076.5677489074 121516.8608408309
119917.9279202778 126448.9236659044
118172.8898053518 123744.2440521544
118807.4491198704 128358.1092756103
119283.3686057593 127085.3188691397
118014.2499767222 128676.3068772279
118014.2499767222 129789.9984828897
119124.7287771296 121835.0584424485
118331.5296339815 127403.5164707574
121028.4067206852 128676.3068772279
121504.3262065741 128039.9116739927
118172.8898053518 124380.6392553897
122773.4448356111 126448.9236659044
120393.8474061667 121357.7620400221
122138.8855210926 121835.0584424485
119600.6482630185 127403.5164707574
118966.0889485000 123107.8488489191
120235.2075775370 121835.0584424485
120711.1270634259 128835.4056780368
119124.7287771296 126767.1212675221
121980.2456924630 127403.5164707574
117855.6101480926 129153.6032796544

119917.9279202778 127085.3188691397
119600.6482630185 121835.0584424485
118014.2499767222 127085.3188691397
118014.2499767222 123266.9476497279
119600.6482630185 128517.2080764191
124677.1227791667 124539.7380561985
120552.4872347963 125017.0344586250
118014.2499767222 124062.4416537721
122138.8855210926 121516.8608408309
118172.8898053518 125971.6272634779
120076.5677489074 122153.2560440662
119917.9279202778 122630.5524464927
125153.0422650556 125494.3308610515
122456.1651783518 126448.9236659044
119124.7287771296 125494.3308610515
121821.6058638333 127721.7140723750
119600.6482630185 121675.9596416397
120393.8474061667 128994.5044788456
118807.4491198704 126448.9236659044
119283.3686057593 129789.9984828897
122614.8050069815 121835.0584424485
120235.2075775370 123744.2440521544
118331.5296339815 122312.3548448750
119917.9279202778 121198.6632392132
119600.6482630185 121516.8608408309

118331.5296339815 123426.0464505368
120869.7668920556 128039.9116739927
120711.1270634259 122312.3548448750
118331.5296339815 128358.1092756103
124994.4024364259 125017.0344586250
119600.6482630185 129789.9984828897
119124.7287771296 126608.0224667132
118331.5296339815 128199.0104748015
122138.8855210926 127721.7140723750
119124.7287771296 125017.0344586250
120235.2075775370 121198.6632392132
119917.9279202778 128676.3068772279
119442.0084343889 125971.6272634779
123249.3643215000 124380.6392553897
119442.0084343889 123107.8488489191
117062.4110049445 124698.8368570074
123883.9236360185 126289.8248650956
118331.5296339815 122471.4536456838
122614.8050069815 127403.5164707574
117855.6101480926 127403.5164707574
118490.1694626111 124380.6392553897
121187.0465493148 126926.2200683309
119442.0084343889 126289.8248650956
117221.0508335741 125494.3308610515
120235.2075775370 121357.7620400221

119283.3686057593 128039.9116739927
121821.6058638333 127085.3188691397
121187.0465493148 127880.8128731838
120552.4872347963 127085.3188691397
119759.2880916481 121994.1572432573
118172.8898053518 124698.8368570074
120552.4872347963 125494.3308610515
119442.0084343889 122312.3548448750
118331.5296339815 125017.0344586250
119124.7287771296 121516.8608408309
118490.1694626111 129153.6032796544
120076.5677489074 125812.5284626691
119442.0084343889 121198.6632392132
118648.8092912407 127244.4176699485
121980.2456924630 127880.8128731838
120235.2075775370 122471.4536456838
120711.1270634259 126448.9236659044
118331.5296339815 126926.2200683309
118807.4491198704 121675.9596416397
124518.4829505370 125653.4296618603
121187.0465493148 127721.7140723750
120552.4872347963 121198.6632392132
120235.2075775370 124062.4416537721
120711.1270634259 121357.7620400221
122138.8855210926 121675.9596416397

122773.4448356111 124380.6392553897
121980.2456924630 121357.7620400221
121345.6863779444 126767.1212675221
118648.8092912407 131380.9864909780
120235.2075775370 127562.6152715662
125153.0422650556 125017.0344586250
121028.4067206852 126448.9236659044
118648.8092912407 123266.9476497279
118172.8898053518 125494.3308610515
124835.7626077963 123903.3428529633
119600.6482630185 129949.0972836985
117538.3304908333 127562.6152715662
121821.6058638333 121675.9596416397
124994.4024364259 125335.2320602426
118648.8092912407 130744.5912877427
124359.8431219074 123585.1452513456
121980.2456924630 127085.3188691397
121504.3262065741 122630.5524464927
119124.7287771296 129153.6032796544
120076.5677489074 128517.2080764191
120552.4872347963 124380.6392553897
121662.9660352037 127880.8128731838
119917.9279202778 125812.5284626691
119283.3686057593 122312.3548448750
118966.0889485000 126130.7260642868

