58515861.2916628271 95716.9050292969
60893327.3019006923 102829.0096435547
60080188.5726302564 102521.3666381836
60245829.0061739087 102671.3123779297
59262140.9175057411 102492.6252441406
58554797.3381212503 95815.3323364258
60950139.4139265642 103916.0809326172
57692405.2129803300 94407.9296264648
58613810.0789297968 98874.7347412109
58197161.2220038399 95699.0772094727
57197169.7946057543 91650.1557617188
58789218.2883143872 101090.3951416016
56691257.7429228202 72348.7976188660
58937946.7520950884 102274.5568847656
56709191.0860180110 83643.8851776123
62091006.4765381590 105346.3666992188
