128512.7490113500 128953.0223816667
130105.2230990167 127029.7549416667
129627.4808727167 129594.1115283333
130582.9653253167 127190.0272283333
130105.2230990167 129914.6561016667

129468.2334639500 129433.8392416667
130423.7179165500 128311.9332350000
130582.9653253167 127350.2995150000
128831.2438288833 128792.7500950000
129468.2334639500 129754.3838150000

127557.2645587500 129433.8392416667
129786.7282814833 128151.6609483333
129149.7386464167 127831.1163750000
130742.2127340833 127350.2995150000
129627.4808727167 129594.1115283333

129627.4808727167 129594.1115283333
128353.5016025833 128792.7500950000
130264.4705077833 127029.7549416667
126601.7801061500 129914.6561016667
129468.2334639500 129594.1115283333

129468.2334639500 129594.1115283333
128194.2541938167 128151.6609483333
129627.4808727167 129594.1115283333
129468.2334639500 129754.3838150000
130582.9653253167 129273.5669550000

130582.9653253167 127350.2995150000
129468.2334639500 128792.7500950000
129468.2334639500 129754.3838150000
129468.2334639500 129433.8392416667
128353.5016025833 128792.7500950000

129468.2334639500 129754.3838150000
128671.9964201167 128792.7500950000
130582.9653253167 127350.2995150000
128035.0067850500 130235.2006750000
128831.2438288833 127670.8440883333

127875.7593762833 130235.2006750000
128353.5016025833 128632.4778083334
128671.9964201167 128953.0223816667
129786.7282814833 127991.3886616667
129627.4808727167 129594.1115283333

129627.4808727167 129754.3838150000
129786.7282814833 127991.3886616667
129627.4808727167 129433.8392416667
129786.7282814833 128151.6609483333
129468.2334639500 129914.6561016667

130105.2230990167 129914.6561016667
130105.2230990167 129594.1115283333
127398.0171499833 129433.8392416667
128194.2541938167 128632.4778083334
129308.9860551833 129594.1115283333

130582.9653253167 128632.4778083334
129468.2334639500 126709.2103683333
129786.7282814833 127991.3886616667
130582.9653253167 127190.0272283333
130264.4705077833 127029.7549416667

129627.4808727167 129433.8392416667
128194.2541938167 128632.4778083334
128353.5016025833 127991.3886616667
130582.9653253167 128632.4778083334
128671.9964201167 128792.7500950000

129468.2334639500 129754.3838150000
128512.7490113500 128792.7500950000
128831.2438288833 128953.0223816667
129627.4808727167 129594.1115283333
127398.0171499833 129273.5669550000

128512.7490113500 128792.7500950000
129786.7282814833 129594.1115283333
129468.2334639500 129594.1115283333
130582.9653253167 127350.2995150000
129468.2334639500 129754.3838150000

