129691.8684109146 116935.2096888208
134061.4520413293 120110.0625827830
132281.2513030122 117887.6655570094
133575.9427490610 115665.2685312359
134385.1249028415 115030.2979524434
134061.4520413293 117411.4376229151
130177.3777031829 122173.7169638585
134870.6341951098 119792.5772933868
134546.9613335976 120427.5478721792
131148.3962877195 121538.7463850660
133252.2698875488 117093.9523335189
132766.7605952805 119316.3493592924
129530.0319801585 115824.0111759340
132766.7605952805 118998.8640698962
130177.3777031829 119951.3199380849

133737.7791798171 117252.6949782170
133899.6156105732 115347.7832418396
130662.8869954512 118205.1508464057
133414.1063183049 116935.2096888208
132281.2513030122 118363.8934911038
131957.5784415000 117570.1802676132
133090.4334567927 118998.8640698962
133090.4334567927 115824.0111759340
134223.2884720854 119951.3199380849
130015.5412724268 122173.7169638585
132281.2513030122 118046.4082017076
134385.1249028415 115982.7538206321
130177.3777031829 121856.2316744623
129368.1955494024 118363.8934911038
133090.4334567927 115347.7832418396

129206.3591186464 118363.8934911038
131148.3962877195 118205.1508464057
130824.7234262073 121221.2610956698
130015.5412724268 119157.6067145943
134708.7977643537 119951.3199380849
134061.4520413293 117093.9523335189
131795.7420107439 118522.6361358019
132281.2513030122 118522.6361358019
132604.9241645244 117570.1802676132
133090.4334567927 119157.6067145943
135194.3070566220 120745.0331615755
134223.2884720854 119792.5772933868
130177.3777031829 122014.9743191604
129368.1955494024 116617.7243994245
133414.1063183049 116935.2096888208

129853.7048416707 116776.4670441226
130339.2141339390 116776.4670441226
131633.9055799878 118522.6361358019
132119.4148722561 117411.4376229151
132281.2513030122 117728.9229123113
134061.4520413293 117887.6655570094
130177.3777031829 118363.8934911038
134223.2884720854 119951.3199380849
131795.7420107439 117570.1802676132
130339.2141339390 122014.9743191604
132766.7605952805 119316.3493592924
129691.8684109146 118681.3787805000
132928.5970260366 119157.6067145943
130662.8869954512 118363.8934911038
131310.2327184756 115824.0111759340

132119.4148722561 117728.9229123113
130015.5412724268 118681.3787805000
129691.8684109146 116617.7243994245
134385.1249028415 120110.0625827830
131633.9055799878 116935.2096888208
133737.7791798171 116300.2391100283
132443.0877337683 118840.1214251981
131148.3962877195 118205.1508464057
129206.3591186464 115665.2685312359
134385.1249028415 115665.2685312359
132766.7605952805 118205.1508464057
130015.5412724268 116458.9817547264
133090.4334567927 118998.8640698962
130339.2141339390 115506.5258865377
134061.4520413293 116617.7243994245

134223.2884720854 115189.0405971415
130986.5598569634 116141.4964653302
134708.7977643537 117887.6655570094
134385.1249028415 119633.8346486887
132119.4148722561 117570.1802676132
130015.5412724268 116300.2391100283
133252.2698875488 115189.0405971415
133899.6156105732 115824.0111759340
132766.7605952805 116458.9817547264
131633.9055799878 115347.7832418396
130339.2141339390 119792.5772933868
128720.8498263780 115982.7538206321
135032.4706258659 119792.5772933868
132443.0877337683 116300.2391100283
129530.0319801585 115982.7538206321

130662.8869954512 121856.2316744623
134385.1249028415 120586.2905168774
133575.9427490610 115824.0111759340
129368.1955494024 118522.6361358019
130662.8869954512 118205.1508464057
130986.5598569634 115982.7538206321
134223.2884720854 120110.0625827830
130015.5412724268 116617.7243994245
132928.5970260366 119157.6067145943
133090.4334567927 118046.4082017076
133414.1063183049 118046.4082017076
135032.4706258659 120427.5478721792
131148.3962877195 121380.0037403679
130339.2141339390 122014.9743191604
134223.2884720854 117570.1802676132

133252.2698875488 118998.8640698962
132604.9241645244 119316.3493592924
130177.3777031829 121697.4890297642
130339.2141339390 116617.7243994245
129530.0319801585 118681.3787805000
133737.7791798171 117252.6949782170
130824.7234262073 118046.4082017076
134385.1249028415 119792.5772933868
132928.5970260366 115506.5258865377
131795.7420107439 115506.5258865377
129206.3591186464 118363.8934911038
134870.6341951098 120586.2905168774
132281.2513030122 117887.6655570094
130662.8869954512 120427.5478721792
130986.5598569634 120268.8052274811

130015.5412724268 119951.3199380849
131795.7420107439 115824.0111759340
135032.4706258659 120903.7758062736
131148.3962877195 120903.7758062736
130662.8869954512 122014.9743191604
134385.1249028415 118046.4082017076
134708.7977643537 119633.8346486887
129530.0319801585 116617.7243994245
134061.4520413293 115824.0111759340
133252.2698875488 119633.8346486887
133414.1063183049 115982.7538206321
132928.5970260366 115189.0405971415
132119.4148722561 118046.4082017076
133737.7791798171 115665.2685312359
128882.6862571341 115824.0111759340

134385.1249028415 118522.6361358019
131472.0691492317 117570.1802676132
132281.2513030122 115982.7538206321
135194.3070566220 121062.5184509717
130339.2141339390 116300.2391100283
132766.7605952805 116935.2096888208
132604.9241645244 119157.6067145943
130015.5412724268 118046.4082017076
133252.2698875488 118363.8934911038
129368.1955494024 118840.1214251981
131148.3962877195 121380.0037403679
130824.7234262073 120268.8052274811
131795.7420107439 116458.9817547264
134061.4520413293 116458.9817547264
133737.7791798171 115665.2685312359

134708.7977643537 119633.8346486887
129530.0319801585 116141.4964653302
134223.2884720854 119316.3493592924
131957.5784415000 117570.1802676132
134870.6341951098 116458.9817547264
130501.0505646951 122173.7169638585
131310.2327184756 115506.5258865377
130986.5598569634 116935.2096888208
133090.4334567927 118998.8640698962
132766.7605952805 119157.6067145943
134223.2884720854 117887.6655570094
131633.9055799878 118522.6361358019
130986.5598569634 121697.4890297642
135194.3070566220 121062.5184509717
133575.9427490610 115347.7832418396

