130264.4705077833 129914.6561016667
129308.9860551833 129754.3838150000
129627.4808727167 129594.1115283333
130423.7179165500 127190.0272283333
128671.9964201167 128953.0223816667

129786.7282814833 127991.3886616667
129627.4808727167 129433.8392416667
127079.5223324500 129594.1115283333
130582.9653253167 128632.4778083334
130582.9653253167 127190.0272283333

129786.7282814833 128151.6609483333
129308.9860551833 129914.6561016667
128990.4912376500 127831.1163750000
129627.4808727167 129754.3838150000
129786.7282814833 129433.8392416667

128194.2541938167 128151.6609483333
129627.4808727167 129433.8392416667
129468.2334639500 129754.3838150000
128353.5016025833 128792.7500950000
130582.9653253167 127350.2995150000

129468.2334639500 129754.3838150000
128512.7490113500 128953.0223816667
129945.9756902500 129594.1115283333
129627.4808727167 129594.1115283333
127238.7697412167 129594.1115283333

