129786.7282814833 127991.3886616667
129468.2334639500 129754.3838150000
128194.2541938167 128472.2055216667
129627.4808727167 128632.4778083334
130264.4705077833 130235.2006750000

130582.9653253167 128472.2055216667
129468.2334639500 129594.1115283333
128194.2541938167 128151.6609483333
130264.4705077833 128151.6609483333
127398.0171499833 129433.8392416667

129468.2334639500 126709.2103683333
130264.4705077833 130074.9283883333
129786.7282814833 127831.1163750000
129627.4808727167 129594.1115283333
128671.9964201167 128953.0223816667

130582.9653253167 127350.2995150000
129627.4808727167 129433.8392416667
129468.2334639500 129594.1115283333
129945.9756902500 127991.3886616667
130423.7179165500 127190.0272283333

130264.4705077833 129754.3838150000
129627.4808727167 129594.1115283333
127238.7697412167 129594.1115283333
129627.4808727167 129273.5669550000
129627.4808727167 129754.3838150000

129786.7282814833 127831.1163750000
129786.7282814833 128151.6609483333
129468.2334639500 129914.6561016667
129468.2334639500 128632.4778083334
129308.9860551833 129594.1115283333

129945.9756902500 127991.3886616667
129627.4808727167 129594.1115283333
130264.4705077833 127029.7549416667
129468.2334639500 129594.1115283333
127238.7697412167 129914.6561016667

128671.9964201167 128953.0223816667
127079.5223324500 129594.1115283333
129468.2334639500 129594.1115283333
129945.9756902500 127991.3886616667
130582.9653253167 127190.0272283333

130582.9653253167 128632.4778083334
130423.7179165500 127190.0272283333
127557.2645587500 129273.5669550000
130742.2127340833 127350.2995150000
129627.4808727167 129594.1115283333

127716.5119675167 129273.5669550000
129627.4808727167 129594.1115283333
128194.2541938167 128792.7500950000
128990.4912376500 127831.1163750000
129468.2334639500 129594.1115283333

129627.4808727167 128151.6609483333
129308.9860551833 127991.3886616667
129468.2334639500 129914.6561016667
130582.9653253167 128632.4778083334
128990.4912376500 127831.1163750000

129468.2334639500 129273.5669550000
130264.4705077833 129594.1115283333
129627.4808727167 129594.1115283333
127557.2645587500 129273.5669550000
128194.2541938167 128151.6609483333

