11431816.5814193897 179509.6914062500
10282034.4874070771 171680.7500000000
11125725.8979336321 179509.1503906250
10275726.2063032128 165164.7910156250
11875053.2153100632 179509.7148437500
11265076.8655310646 179509.6171875000
10465753.1014386322 179508.5625000000
11023776.3079736121 179509.1406250000
10497409.3165470473 179508.5859375000
11276564.1479353253 179509.6855468750
12578610.8071416952 179509.7363281250
10756441.0515001174 179509.0644531250
10560712.4509005193 179508.5937500000
10775049.5527357142 179509.0937500000
10624030.3091446720 179508.6054687500
10324547.4173385091 175137.5234375000
12119368.9443691112 179509.7304687500
11554470.8787333779 179509.7070312500
10726222.4323538616 179508.6113281250
11790078.1454772837 179509.7089843750
10825080.9569470380 179509.1171875000
10621039.7621583454 179508.5957031250
10153586.8463741932 163563.5449218750
10499788.6309185363 179508.5898437500
