11776869.0937613007 179509.6425781250
10825080.9569470380 179509.1171875000
12262855.0440216325 179509.6953125000
12375259.3997198679 179509.7089843750
11420820.6341788229 179509.6386718750
10621039.7621583454 179508.5957031250
11914838.8971369937 179509.6816406250
13202736.7323483359 179509.7207031250
11094855.1553088240 179509.1308593750
10395570.1078959294 166189.1386718750
12084792.9630937278 179509.6933593750
11193235.4423063863 179509.1386718750
11330190.1253131181 179509.1425781250
10153586.8463741932 163563.5449218750
11331275.9377613682 179509.5957031250
10499788.6309185363 179508.5898437500
