12497427.5985802934 179509.7148437500
10434691.8148582708 172212.1894531250
11554470.8787333779 179509.7070312500
12933381.1818158254 179509.7246093750
10726222.4323538616 179508.6113281250
11790078.1454772837 179509.7089843750
10825080.9569470380 179509.1171875000
11420820.6341788229 179509.6386718750
10621039.7621583454 179508.5957031250
11094855.1553088240 179509.1308593750
10395570.1078959294 166189.1386718750
11193235.4423063863 179509.1386718750
11330190.1253131181 179509.1425781250
10153586.8463741932 163563.5449218750
11331275.9377613682 179509.5957031250
10499788.6309185363 179508.5898437500
