127557.2645587500 129433.8392416667
129627.4808727167 129594.1115283333
131060.7075516167 127510.5718016667
128512.7490113500 128953.0223816667
127079.5223324500 129594.1115283333

126920.2749236833 129754.3838150000
129945.9756902500 130395.4729616667
127557.2645587500 129273.5669550000
131060.7075516167 127510.5718016667
130742.2127340833 127350.2995150000

130264.4705077833 129754.3838150000
129627.4808727167 129594.1115283333
129468.2334639500 129433.8392416667
128512.7490113500 128792.7500950000
130582.9653253167 127350.2995150000

129945.9756902500 129433.8392416667
128353.5016025833 130716.0175350000
130742.2127340833 127350.2995150000
128035.0067850500 130876.2898216667
129627.4808727167 129594.1115283333

129786.7282814833 128151.6609483333
130264.4705077833 128472.2055216667
129627.4808727167 129594.1115283333
129627.4808727167 129433.8392416667
129308.9860551833 129754.3838150000

131060.7075516167 127670.8440883333
128194.2541938167 130876.2898216667
130742.2127340833 127350.2995150000
128990.4912376500 129754.3838150000
129468.2334639500 130074.9283883333

128194.2541938167 128632.4778083334
128831.2438288833 128953.0223816667
129149.7386464167 127831.1163750000
131060.7075516167 127510.5718016667
130742.2127340833 127510.5718016667

129786.7282814833 129594.1115283333
130264.4705077833 128151.6609483333
130582.9653253167 127190.0272283333
129468.2334639500 129594.1115283333
129149.7386464167 129754.3838150000

128035.0067850500 130555.7452483333
129468.2334639500 129594.1115283333
130105.2230990167 129754.3838150000
130742.2127340833 127350.2995150000
127238.7697412167 130074.9283883333

127875.7593762833 130235.2006750000
129945.9756902500 129594.1115283333
130582.9653253167 127190.0272283333
129627.4808727167 129594.1115283333
127557.2645587500 129273.5669550000

130742.2127340833 127350.2995150000
129786.7282814833 129433.8392416667
129468.2334639500 129433.8392416667
131060.7075516167 127510.5718016667
128353.5016025833 130235.2006750000

128671.9964201167 130395.4729616667
131060.7075516167 127831.1163750000
130742.2127340833 127670.8440883333
128035.0067850500 130716.0175350000
128353.5016025833 130716.0175350000

128831.2438288833 130074.9283883333
129627.4808727167 129594.1115283333
129308.9860551833 129754.3838150000
128194.2541938167 128151.6609483333
130582.9653253167 128792.7500950000

130105.2230990167 129754.3838150000
129468.2334639500 129594.1115283333
129786.7282814833 129433.8392416667
128035.0067850500 128311.9332350000
128831.2438288833 130074.9283883333

129786.7282814833 129433.8392416667
129468.2334639500 129594.1115283333
130582.9653253167 128632.4778083334
127238.7697412167 129594.1115283333
130423.7179165500 127190.0272283333

129468.2334639500 130555.7452483333
130742.2127340833 127350.2995150000
129149.7386464167 130555.7452483333
128671.9964201167 130395.4729616667
131060.7075516167 127510.5718016667

128035.0067850500 130876.2898216667
131060.7075516167 127510.5718016667
127557.2645587500 129433.8392416667
130742.2127340833 127350.2995150000
126601.7801061500 129914.6561016667

129627.4808727167 129754.3838150000
128035.0067850500 130395.4729616667
130742.2127340833 127670.8440883333
131060.7075516167 127831.1163750000
130105.2230990167 130235.2006750000

130742.2127340833 127510.5718016667
128035.0067850500 130395.4729616667
128512.7490113500 128953.0223816667
129627.4808727167 129433.8392416667
127398.0171499833 129754.3838150000

127398.0171499833 129594.1115283333
130264.4705077833 130235.2006750000
127716.5119675167 129113.2946683333
129627.4808727167 129594.1115283333
128990.4912376500 127991.3886616667

129627.4808727167 129433.8392416667
128512.7490113500 128953.0223816667
129468.2334639500 129594.1115283333
127238.7697412167 129594.1115283333
127079.5223324500 129594.1115283333

130105.2230990167 129754.3838150000
130582.9653253167 128792.7500950000
128353.5016025833 128792.7500950000
127716.5119675167 129113.2946683333
129627.4808727167 129594.1115283333

