58812855.0926009268 545.4640173912
59668551.0641514882 554.7009403706
57592106.9293358997 517.2831692696
59103475.5189541206 552.8885266781
58773068.0049731284 534.8929698467
57169798.4228067622 424.1121269464
58162358.6519325972 534.1444756985
57402303.5419598222 495.6666705608
59538635.0928849280 553.0246510506
59999951.6989625916 580.0512831211
59691371.2697181404 567.4780478477
57381240.6642205492 431.1476330757
57741232.3160042465 530.1448793411
57590707.6308842823 501.6863145828
61573150.8344615325 585.0097780228
62700994.8153112680 591.6678380966
