61286525.8273684606 596.4244356155
57689992.6111097634 526.1673669815
58206092.8270523846 540.5979247093
56630094.2457529679 464.9887619019
57758061.9112875238 535.4631149769
58474123.2931412533 557.1633620262
59221728.9441445246 569.1856336594
59795659.8126971796 569.6579284668
59799360.6551532298 584.7737483978
56300099.3002503365 452.5572251976
57029729.5788908675 525.9995008707
58936053.5416987091 562.7510933876
59066169.1543350145 565.2135977745
60600779.6483923718 588.7758836746
57745814.6494426802 533.6156520844
56890247.4960113540 485.6694200039
56939529.0062679350 506.5856001377
57881102.1229498610 537.5802261829
57741232.3160042465 530.1448793411
