56642673.2169013321 451.3297504671
59520227.7830314040 560.3115763664
59782249.4673164785 568.3454618454
60600779.6483923718 588.7758836746
60050666.6751163155 582.4740924835
59855491.8026151508 575.6612262726
59121789.2056431472 560.0782394409
57745814.6494426802 533.6156520844
57405139.1019311026 523.0648679137
59107756.2479243577 558.2278113365
56890247.4960113540 485.6694200039
58704056.4926605076 543.9891728163
56939529.0062679350 506.5856001377
59676933.9009736031 566.0672130585
57881102.1229498610 537.5802261829
58832089.9960252866 556.9031043053
58372102.1210040748 540.4789285660
58812855.0926009268 545.4640173912
59999951.6989625916 580.0512831211
59691371.2697181404 567.4780478477
57741232.3160042465 530.1448793411
62700994.8153112680 591.6678380966
