56638957.3220433518 463.5710350275
61433579.4788687155 590.3538417816
59221728.9441445246 569.1856336594
59795659.8126971796 569.6579284668
59799360.6551532298 584.7737483978
56300099.3002503365 452.5572251976
57029729.5788908675 525.9995008707
58604215.7928702757 541.1336779594
58936053.5416987091 562.7510933876
59066169.1543350145 565.2135977745
60600779.6483923718 588.7758836746
57745814.6494426802 533.6156520844
56890247.4960113540 485.6694200039
58704056.4926605076 543.9891728163
56939529.0062679350 506.5856001377
57881102.1229498610 537.5802261829
58832089.9960252866 556.9031043053
58372102.1210040748 540.4789285660
58812855.0926009268 545.4640173912
57741232.3160042465 530.1448793411
62700994.8153112680 591.6678380966
