58704056.4926605076 543.9891728163
56939529.0062679350 506.5856001377
59676933.9009736031 566.0672130585
60338196.2171054110 581.1041169167
57881102.1229498610 537.5802261829
60180632.8225762695 580.1341967583
58832089.9960252866 556.9031043053
58372102.1210040748 540.4789285660
57436836.0049380139 516.4566878676
58812855.0926009268 545.4640173912
57592106.9293358997 517.2831692696
59999951.6989625916 580.0512831211
59691371.2697181404 567.4780478477
57741232.3160042465 530.1448793411
61573150.8344615325 585.0097780228
62700994.8153112680 591.6678380966
