119442.0084343889 128676.3068772279
121187.0465493148 121516.8608408309
119759.2880916481 121198.6632392132
121821.6058638333 125494.3308610515
119442.0084343889 127721.7140723750
117855.6101480926 127721.7140723750
119283.3686057593 129789.9984828897
125311.6820936852 125494.3308610515
121821.6058638333 125017.0344586250
120235.2075775370 121675.9596416397
118807.4491198704 122471.4536456838
121980.2456924630 121516.8608408309
120711.1270634259 127403.5164707574
119283.3686057593 121675.9596416397
118172.8898053518 126926.2200683309
118490.1694626111 124857.9356578162
119442.0084343889 125971.6272634779
120235.2075775370 126767.1212675221
122773.4448356111 126926.2200683309
120711.1270634259 127880.8128731838
121980.2456924630 127244.4176699485
122773.4448356111 121675.9596416397
117696.9703194630 127085.3188691397
119600.6482630185 128358.1092756103
120076.5677489074 121835.0584424485

118648.8092912407 128835.4056780368
120076.5677489074 121835.0584424485
120076.5677489074 125812.5284626691
120711.1270634259 122153.2560440662
124835.7626077963 125176.1332594338
120235.2075775370 122312.3548448750
118648.8092912407 122312.3548448750
121662.9660352037 121516.8608408309
118966.0889485000 122948.7500481103
120076.5677489074 123107.8488489191
118172.8898053518 124698.8368570074
119283.3686057593 128039.9116739927
118966.0889485000 127721.7140723750
119283.3686057593 121994.1572432573
120235.2075775370 121516.8608408309
118172.8898053518 128517.2080764191
121345.6863779444 128358.1092756103
120711.1270634259 128358.1092756103
120869.7668920556 121835.0584424485
125153.0422650556 124857.9356578162
119283.3686057593 126767.1212675221
122297.5253497222 121675.9596416397
117696.9703194630 123426.0464505368
120076.5677489074 129312.7020804632
119759.2880916481 121994.1572432573

117855.6101480926 126448.9236659044
118648.8092912407 122153.2560440662
119283.3686057593 122153.2560440662
119442.0084343889 126448.9236659044
124835.7626077963 125017.0344586250
121980.2456924630 127244.4176699485
118014.2499767222 128039.9116739927
121187.0465493148 121835.0584424485
121821.6058638333 124857.9356578162
118648.8092912407 129949.0972836985
121980.2456924630 121357.7620400221
121028.4067206852 128199.0104748015
120552.4872347963 124857.9356578162
118172.8898053518 126926.2200683309
121187.0465493148 126448.9236659044
122297.5253497222 121994.1572432573
120393.8474061667 126289.8248650956
120235.2075775370 121675.9596416397
117538.3304908333 125971.6272634779
118490.1694626111 122789.6512473015
118014.2499767222 127085.3188691397
118490.1694626111 124062.4416537721
124518.4829505370 125971.6272634779
122138.8855210926 121039.5644384044
120869.7668920556 126926.2200683309

119442.0084343889 122948.7500481103
118331.5296339815 126448.9236659044
118331.5296339815 131221.8876901691
121028.4067206852 128676.3068772279
122138.8855210926 127403.5164707574
120235.2075775370 122471.4536456838
118014.2499767222 128039.9116739927
119917.9279202778 126767.1212675221
120711.1270634259 122153.2560440662
118966.0889485000 123744.2440521544
121980.2456924630 121516.8608408309
118966.0889485000 128676.3068772279
117221.0508335741 124539.7380561985
120711.1270634259 127562.6152715662
118807.4491198704 124221.5404545809
122456.1651783518 126926.2200683309
119124.7287771296 121516.8608408309
121345.6863779444 121994.1572432573
119442.0084343889 121516.8608408309
118172.8898053518 127562.6152715662
118807.4491198704 128358.1092756103
120235.2075775370 123107.8488489191
122138.8855210926 121039.5644384044
118648.8092912407 121994.1572432573
121980.2456924630 121835.0584424485

118331.5296339815 127244.4176699485
119124.7287771296 126289.8248650956
121504.3262065741 128358.1092756103
120711.1270634259 121198.6632392132
122138.8855210926 123903.3428529633
118014.2499767222 123426.0464505368
118648.8092912407 130744.5912877427
121345.6863779444 126767.1212675221
120393.8474061667 123903.3428529633
118490.1694626111 124062.4416537721
122932.0846642407 125812.5284626691
121504.3262065741 127562.6152715662
123408.0041501296 121198.6632392132
117855.6101480926 127403.5164707574
124042.5634646481 124380.6392553897
117062.4110049445 124539.7380561985
120393.8474061667 121835.0584424485
124994.4024364259 123585.1452513456
119600.6482630185 122789.6512473015
118172.8898053518 128994.5044788456
122614.8050069815 126289.8248650956
120711.1270634259 128199.0104748015
118331.5296339815 128199.0104748015
118014.2499767222 129630.8996820809
118490.1694626111 125017.0344586250

120076.5677489074 121675.9596416397
121504.3262065741 127562.6152715662
118648.8092912407 121994.1572432573
118014.2499767222 126289.8248650956
121187.0465493148 126130.7260642868
119917.9279202778 121675.9596416397
120076.5677489074 127403.5164707574
120711.1270634259 127403.5164707574
121662.9660352037 128039.9116739927
121187.0465493148 121994.1572432573
121187.0465493148 123903.3428529633
119442.0084343889 121835.0584424485
119124.7287771296 129471.8008812721
117855.6101480926 128517.2080764191
120076.5677489074 125812.5284626691
119124.7287771296 123266.9476497279
119600.6482630185 129471.8008812721
121504.3262065741 121675.9596416397
119600.6482630185 121835.0584424485
122932.0846642407 121675.9596416397
120393.8474061667 121357.7620400221
119283.3686057593 127721.7140723750
120076.5677489074 122153.2560440662
117696.9703194630 124062.4416537721
118966.0889485000 128358.1092756103

120552.4872347963 127880.8128731838
121028.4067206852 122312.3548448750
119600.6482630185 121994.1572432573
121345.6863779444 124221.5404545809
117379.6906622037 126926.2200683309
119283.3686057593 122471.4536456838
121345.6863779444 127562.6152715662
122932.0846642407 121198.6632392132
118490.1694626111 122471.4536456838
117696.9703194630 128358.1092756103
118490.1694626111 128039.9116739927
118807.4491198704 130744.5912877427
122932.0846642407 121516.8608408309
118807.4491198704 121994.1572432573
121028.4067206852 125812.5284626691
118014.2499767222 128994.5044788456
118648.8092912407 123903.3428529633
122932.0846642407 125176.1332594338
121187.0465493148 121835.0584424485
119759.2880916481 121198.6632392132
120393.8474061667 125335.2320602426
121980.2456924630 121675.9596416397
122297.5253497222 122153.2560440662
120869.7668920556 128676.3068772279
121345.6863779444 128039.9116739927

117696.9703194630 123266.9476497279
120552.4872347963 128676.3068772279
118331.5296339815 122948.7500481103
120711.1270634259 121675.9596416397
118172.8898053518 128358.1092756103
120869.7668920556 127562.6152715662
120235.2075775370 125971.6272634779
120393.8474061667 127880.8128731838
118014.2499767222 127721.7140723750
122932.0846642407 121675.9596416397
119917.9279202778 126448.9236659044
121980.2456924630 127721.7140723750
121662.9660352037 128039.9116739927
118490.1694626111 123585.1452513456
122138.8855210926 127562.6152715662
119600.6482630185 128517.2080764191
122297.5253497222 121357.7620400221
119283.3686057593 121198.6632392132
118807.4491198704 125971.6272634779
120235.2075775370 121357.7620400221
121345.6863779444 127403.5164707574
118331.5296339815 129949.0972836985
119283.3686057593 121516.8608408309
121504.3262065741 128358.1092756103
123883.9236360185 125812.5284626691

119442.0084343889 123744.2440521544
119124.7287771296 122153.2560440662
119917.9279202778 121357.7620400221
121028.4067206852 121516.8608408309
120076.5677489074 122153.2560440662
118966.0889485000 129153.6032796544
118490.1694626111 125812.5284626691
123090.7244928704 121357.7620400221
122456.1651783518 127244.4176699485
120076.5677489074 121835.0584424485
120711.1270634259 121198.6632392132
121980.2456924630 121198.6632392132
119442.0084343889 128199.0104748015
119917.9279202778 128994.5044788456
119124.7287771296 121994.1572432573
121028.4067206852 127721.7140723750
117855.6101480926 127403.5164707574
123725.2838073889 125971.6272634779
117696.9703194630 126448.9236659044
121662.9660352037 123903.3428529633
119442.0084343889 123107.8488489191
121821.6058638333 127880.8128731838
118331.5296339815 127244.4176699485
120235.2075775370 123903.3428529633
118172.8898053518 128835.4056780368

121821.6058638333 125494.3308610515
120869.7668920556 126448.9236659044
122932.0846642407 121516.8608408309
122932.0846642407 126767.1212675221
118331.5296339815 128835.4056780368
121821.6058638333 124062.4416537721
118490.1694626111 130426.3936861250
121187.0465493148 126926.2200683309
118172.8898053518 127085.3188691397
118648.8092912407 125017.0344586250
121187.0465493148 122153.2560440662
119600.6482630185 123266.9476497279
117696.9703194630 123266.9476497279
123883.9236360185 123585.1452513456
119124.7287771296 121994.1572432573
119442.0084343889 123744.2440521544
119759.2880916481 121198.6632392132
121821.6058638333 127721.7140723750
120869.7668920556 127880.8128731838
118172.8898053518 127880.8128731838
121504.3262065741 121675.9596416397
118966.0889485000 128676.3068772279
120076.5677489074 128676.3068772279
123725.2838073889 121039.5644384044
120076.5677489074 121994.1572432573

122614.8050069815 127244.4176699485
118014.2499767222 128517.2080764191
118014.2499767222 125653.4296618603
118648.8092912407 128199.0104748015
117696.9703194630 123903.3428529633
119759.2880916481 121357.7620400221
121504.3262065741 122153.2560440662
120076.5677489074 126926.2200683309
121504.3262065741 127244.4176699485
120711.1270634259 126130.7260642868
121345.6863779444 128039.9116739927
120711.1270634259 121675.9596416397
119759.2880916481 121835.0584424485
120552.4872347963 123426.0464505368
117855.6101480926 124539.7380561985
117855.6101480926 127244.4176699485
118331.5296339815 128199.0104748015
121345.6863779444 127562.6152715662
119600.6482630185 127244.4176699485
118490.1694626111 124062.4416537721
121504.3262065741 128039.9116739927
121187.0465493148 128039.9116739927
120235.2075775370 128676.3068772279
118172.8898053518 123744.2440521544
120869.7668920556 121357.7620400221

122138.8855210926 127880.8128731838
118014.2499767222 123107.8488489191
119600.6482630185 123585.1452513456
118490.1694626111 128676.3068772279
118331.5296339815 122948.7500481103
119442.0084343889 121675.9596416397
121821.6058638333 121675.9596416397
118966.0889485000 126130.7260642868
120711.1270634259 127562.6152715662
120076.5677489074 121675.9596416397
121345.6863779444 121516.8608408309
125153.0422650556 125494.3308610515
118966.0889485000 128358.1092756103
120393.8474061667 123266.9476497279
121345.6863779444 127085.3188691397
118172.8898053518 128358.1092756103
122614.8050069815 127085.3188691397
118807.4491198704 127721.7140723750
118331.5296339815 122471.4536456838
124042.5634646481 125653.4296618603
118014.2499767222 124539.7380561985
119124.7287771296 125494.3308610515
119283.3686057593 124698.8368570074
118172.8898053518 128517.2080764191
118966.0889485000 121994.1572432573

118966.0889485000 125971.6272634779
124359.8431219074 126130.7260642868
119759.2880916481 123903.3428529633
117379.6906622037 123903.3428529633
118014.2499767222 129949.0972836985
121187.0465493148 121675.9596416397
120711.1270634259 128358.1092756103
123090.7244928704 124380.6392553897
122138.8855210926 121835.0584424485
118490.1694626111 128676.3068772279
118490.1694626111 131540.0852917868
119442.0084343889 125653.4296618603
124835.7626077963 125812.5284626691
118807.4491198704 122630.5524464927
118966.0889485000 124221.5404545809
119124.7287771296 121675.9596416397
118807.4491198704 128199.0104748015
120552.4872347963 125176.1332594338
119124.7287771296 128676.3068772279
120235.2075775370 121516.8608408309
121980.2456924630 127244.4176699485
119124.7287771296 128039.9116739927
118966.0889485000 121835.0584424485
120393.8474061667 122312.3548448750
118807.4491198704 122153.2560440662

121504.3262065741 121675.9596416397
121980.2456924630 128039.9116739927
118807.4491198704 130267.2948853162
120235.2075775370 127562.6152715662
117379.6906622037 125335.2320602426
122297.5253497222 127562.6152715662
120393.8474061667 121675.9596416397
118331.5296339815 127880.8128731838
120711.1270634259 127880.8128731838
121821.6058638333 122153.2560440662
121345.6863779444 126130.7260642868
124994.4024364259 123903.3428529633
120076.5677489074 122312.3548448750
121504.3262065741 124062.4416537721
120235.2075775370 123585.1452513456
122456.1651783518 121516.8608408309
120393.8474061667 123266.9476497279
124201.2032932778 123903.3428529633
118490.1694626111 129153.6032796544
121662.9660352037 121357.7620400221
120552.4872347963 128039.9116739927
118172.8898053518 127403.5164707574
120393.8474061667 122153.2560440662
118014.2499767222 128517.2080764191
120393.8474061667 129153.6032796544

124359.8431219074 124539.7380561985
117062.4110049445 124380.6392553897
118807.4491198704 129312.7020804632
122614.8050069815 121039.5644384044
121980.2456924630 121357.7620400221
124359.8431219074 125335.2320602426
121187.0465493148 128358.1092756103
117379.6906622037 123903.3428529633
120235.2075775370 127403.5164707574
119759.2880916481 129312.7020804632
117221.0508335741 125176.1332594338
120869.7668920556 128676.3068772279
122773.4448356111 124062.4416537721
120393.8474061667 126767.1212675221
123725.2838073889 121039.5644384044
120235.2075775370 125971.6272634779
124677.1227791667 125812.5284626691
119600.6482630185 123585.1452513456
119600.6482630185 128358.1092756103
118014.2499767222 128358.1092756103
120552.4872347963 121835.0584424485
124994.4024364259 125653.4296618603
118966.0889485000 130267.2948853162
118648.8092912407 128358.1092756103
122297.5253497222 121835.0584424485

118648.8092912407 123266.9476497279
120552.4872347963 121835.0584424485
124677.1227791667 125812.5284626691
119600.6482630185 123107.8488489191
119442.0084343889 121675.9596416397
118331.5296339815 123426.0464505368
120869.7668920556 127880.8128731838
125153.0422650556 125494.3308610515
120869.7668920556 121198.6632392132
121821.6058638333 128039.9116739927
122456.1651783518 121357.7620400221
119124.7287771296 121675.9596416397
118966.0889485000 127562.6152715662
121821.6058638333 126608.0224667132
117855.6101480926 123744.2440521544
120869.7668920556 126926.2200683309
121504.3262065741 128039.9116739927
119759.2880916481 127244.4176699485
118966.0889485000 122153.2560440662
122773.4448356111 127244.4176699485
123090.7244928704 121039.5644384044
117855.6101480926 125176.1332594338
117538.3304908333 124539.7380561985
119283.3686057593 130585.4924869338
119283.3686057593 126767.1212675221

120235.2075775370 126608.0224667132
122614.8050069815 121357.7620400221
118966.0889485000 124380.6392553897
119917.9279202778 127721.7140723750
124201.2032932778 125812.5284626691
121662.9660352037 128039.9116739927
117538.3304908333 126926.2200683309
122297.5253497222 121675.9596416397
120552.4872347963 128835.4056780368
120235.2075775370 122153.2560440662
124677.1227791667 124062.4416537721
118490.1694626111 124698.8368570074
120393.8474061667 127403.5164707574
119124.7287771296 121198.6632392132
123883.9236360185 121039.5644384044
121504.3262065741 124698.8368570074
117855.6101480926 123426.0464505368
119124.7287771296 123903.3428529633
117855.6101480926 126608.0224667132
121662.9660352037 121675.9596416397
120235.2075775370 121198.6632392132
118807.4491198704 121675.9596416397
119917.9279202778 121675.9596416397
121187.0465493148 128039.9116739927
117538.3304908333 127403.5164707574

