56300099.3002503365 452.5572251976
57029729.5788908675 525.9995008707
58604215.7928702757 541.1336779594
58936053.5416987091 562.7510933876
59662613.6077773124 567.7672686577
59066169.1543350145 565.2135977745
59782249.4673164785 568.3454618454
60600779.6483923718 588.7758836746
60050666.6751163155 582.4740924835
59855491.8026151508 575.6612262726
57745814.6494426802 533.6156520844
56890247.4960113540 485.6694200039
58704056.4926605076 543.9891728163
56939529.0062679350 506.5856001377
57881102.1229498610 537.5802261829
58832089.9960252866 556.9031043053
58372102.1210040748 540.4789285660
58812855.0926009268 545.4640173912
59999951.6989625916 580.0512831211
57741232.3160042465 530.1448793411
62700994.8153112680 591.6678380966
