58072397.1452230364 559.9309729338
56546070.0667421520 454.0265460014
59174481.4307756945 574.8300709724
57336484.5999392346 535.1265776157
60961419.8416395411 599.1181888580
56810142.2082007974 487.7630255222
58661008.5751558542 560.0162892342
56630094.2457529679 464.9887619019
57758061.9112875238 535.4631149769
59799360.6551532298 584.7737483978
56300099.3002503365 452.5572251976
57029729.5788908675 525.9995008707
58936053.5416987091 562.7510933876
59066169.1543350145 565.2135977745
60600779.6483923718 588.7758836746
56939529.0062679350 506.5856001377
57881102.1229498610 537.5802261829
