129945.9756902500 128151.6609483333
129627.4808727167 129594.1115283333
130264.4705077833 127029.7549416667
129468.2334639500 129754.3838150000
128990.4912376500 127991.3886616667

130582.9653253167 127350.2995150000
129945.9756902500 127991.3886616667
127557.2645587500 129273.5669550000
129468.2334639500 129594.1115283333
130105.2230990167 129594.1115283333

129786.7282814833 127991.3886616667
129627.4808727167 129594.1115283333
127716.5119675167 128953.0223816667
127557.2645587500 129273.5669550000
129627.4808727167 129433.8392416667

