111996.8931976518 120447.8305441702
112315.3168891161 120126.2247683404
115658.7656494911 122538.2680870638
111837.6813519196 123020.6767508085
112474.5287348482 119804.6189925106
111996.8931976518 122216.6623112340
113111.3761177768 123342.2825266383
111996.8931976518 121091.0420958298
114544.2827293661 121251.8449837447
117410.0959525447 123503.0854145532

112156.1050433839 122377.4651991489
112315.3168891161 119965.4218804255
114544.2827293661 121734.2536474894
112633.7405805804 120769.4363200000
115977.1893409554 122859.8738628936
112156.1050433839 120287.0276562553
111519.2576604554 119804.6189925106
118206.1551812054 123985.4940782979
117728.5196440089 123824.6911903830
112156.1050433839 120447.8305441702

112474.5287348482 120608.6334320851
112156.1050433839 120608.6334320851
114862.7064208303 121412.6478716596
110563.9865860625 120287.0276562553
113270.5879635089 122859.8738628936
112633.7405805804 123663.8883024681
112315.3168891161 120608.6334320851
111041.6221232589 119161.4074408510
111996.8931976518 119965.4218804255
114385.0708836339 121734.2536474894

112474.5287348482 120608.6334320851
114862.7064208303 121412.6478716596
112156.1050433839 120608.6334320851
117569.3077982768 123663.8883024681
110563.9865860625 120287.0276562553
112315.3168891161 120608.6334320851
111041.6221232589 119161.4074408510
111996.8931976518 119965.4218804255
112792.9524263125 120930.2392079149
112474.5287348482 120769.4363200000

115658.7656494911 122216.6623112340
112474.5287348482 123503.0854145532
111678.4695061875 119965.4218804255
113907.4353464375 123020.6767508085
110723.1984317946 122216.6623112340
114385.0708836339 121895.0565354042
114544.2827293661 121412.6478716596
110563.9865860625 119000.6045529362
118365.3670269375 124146.2969662128
117410.0959525447 123503.0854145532

111996.8931976518 120608.6334320851
114385.0708836339 121091.0420958298
112792.9524263125 121251.8449837447
112315.3168891161 120769.4363200000
117250.8841068125 123342.2825266383
112156.1050433839 119804.6189925106
112474.5287348482 120769.4363200000
111996.8931976518 119965.4218804255
115817.9774952232 122699.0709749787
111996.8931976518 122055.8594233192

112156.1050433839 120287.0276562553
111519.2576604554 119965.4218804255
114862.7064208303 121573.4507595745
114225.8590379018 121412.6478716596
112474.5287348482 119643.8161045957
112633.7405805804 123181.4796387234
112474.5287348482 121091.0420958298
111996.8931976518 119965.4218804255
111837.6813519196 119965.4218804255
115817.9774952232 122538.2680870638

112156.1050433839 119643.8161045957
110245.5628945982 119965.4218804255
110723.1984317946 119643.8161045957
115499.5538037589 121895.0565354042
112315.3168891161 120447.8305441702
111837.6813519196 120126.2247683404
110404.7747403304 120930.2392079149
114703.4945750982 121573.4507595745
110404.7747403304 119322.2103287660
113589.0116549732 123020.6767508085

110245.5628945982 120608.6334320851
117569.3077982768 123503.0854145532
110723.1984317946 119643.8161045957
110245.5628945982 119965.4218804255
112952.1642720446 122538.2680870638
114066.6471921696 122859.8738628936
112156.1050433839 119965.4218804255
112474.5287348482 121091.0420958298
115499.5538037589 122377.4651991489
112474.5287348482 120769.4363200000

113429.7998092411 123181.4796387234
112474.5287348482 120447.8305441702
111837.6813519196 122377.4651991489
112315.3168891161 120287.0276562553
112315.3168891161 120769.4363200000
110245.5628945982 119965.4218804255
115181.1301122946 121734.2536474894
114703.4945750982 121573.4507595745
111678.4695061875 120287.0276562553
110404.7747403304 119483.0132166808

115499.5538037589 122538.2680870638
111837.6813519196 120930.2392079149
118365.3670269375 124146.2969662128
114544.2827293661 121895.0565354042
110404.7747403304 120608.6334320851
111678.4695061875 119965.4218804255
112952.1642720446 121412.6478716596
110404.7747403304 119643.8161045957
113589.0116549732 123181.4796387234
112156.1050433839 119965.4218804255

111837.6813519196 120287.0276562553
110723.1984317946 119000.6045529362
115181.1301122946 121895.0565354042
110245.5628945982 119483.0132166808
115499.5538037589 121895.0565354042
112474.5287348482 119643.8161045957
110245.5628945982 120447.8305441702
112633.7405805804 120447.8305441702
111996.8931976518 122699.0709749787
118524.5788726696 124307.0998541277

112315.3168891161 119804.6189925106
112633.7405805804 120930.2392079149
115499.5538037589 122055.8594233192
113270.5879635089 123181.4796387234
114066.6471921696 121251.8449837447
114862.7064208303 121573.4507595745
112156.1050433839 120447.8305441702
115817.9774952232 122377.4651991489
118206.1551812054 123985.4940782979
111837.6813519196 119965.4218804255

112474.5287348482 119804.6189925106
114703.4945750982 122055.8594233192
112474.5287348482 120608.6334320851
112315.3168891161 120930.2392079149
111519.2576604554 121251.8449837447
112315.3168891161 120608.6334320851
112156.1050433839 120447.8305441702
112633.7405805804 123342.2825266383
112156.1050433839 119804.6189925106
112315.3168891161 120769.4363200000

117250.8841068125 123503.0854145532
115021.9182665625 121895.0565354042
111996.8931976518 120769.4363200000
112315.3168891161 120447.8305441702
112633.7405805804 120287.0276562553
110245.5628945982 120608.6334320851
110882.4102775268 120287.0276562553
110563.9865860625 122859.8738628936
118365.3670269375 124146.2969662128
114385.0708836339 121412.6478716596

