129945.9756902500 129594.1115283333
129786.7282814833 128151.6609483333
128990.4912376500 127670.8440883333
129468.2334639500 129754.3838150000
128353.5016025833 128792.7500950000

129627.4808727167 129433.8392416667
129627.4808727167 129594.1115283333
129149.7386464167 127991.3886616667
129308.9860551833 129594.1115283333
128353.5016025833 128792.7500950000

128194.2541938167 128632.4778083334
129627.4808727167 129594.1115283333
129786.7282814833 127991.3886616667
128512.7490113500 128953.0223816667
129149.7386464167 127991.3886616667

129627.4808727167 129433.8392416667
130105.2230990167 127991.3886616667
129468.2334639500 129754.3838150000
128035.0067850500 128472.2055216667
129468.2334639500 129594.1115283333

129627.4808727167 129433.8392416667
128512.7490113500 129113.2946683333
129627.4808727167 129594.1115283333
128194.2541938167 128151.6609483333
127557.2645587500 129433.8392416667

127398.0171499833 129594.1115283333
129627.4808727167 129594.1115283333
130742.2127340833 127350.2995150000
129149.7386464167 127831.1163750000
127716.5119675167 129113.2946683333

