127398.0171499833 129433.8392416667
129627.4808727167 129594.1115283333
129468.2334639500 129594.1115283333
127716.5119675167 130395.4729616667
129468.2334639500 129754.3838150000

128990.4912376500 127831.1163750000
129627.4808727167 129594.1115283333
129468.2334639500 129594.1115283333
129627.4808727167 129433.8392416667
130742.2127340833 129113.2946683333

130742.2127340833 128632.4778083334
129468.2334639500 126709.2103683333
129468.2334639500 129594.1115283333
129627.4808727167 129433.8392416667
129468.2334639500 129754.3838150000

129468.2334639500 129594.1115283333
128671.9964201167 128953.0223816667
130423.7179165500 127190.0272283333
129786.7282814833 129594.1115283333
129468.2334639500 126709.2103683333

