128194.2541938167 128151.6609483333
129627.4808727167 127991.3886616667
129786.7282814833 127991.3886616667
129627.4808727167 129594.1115283333
129627.4808727167 129914.6561016667

129468.2334639500 129754.3838150000
130423.7179165500 127190.0272283333
128831.2438288833 127670.8440883333
127398.0171499833 129754.3838150000
128512.7490113500 128792.7500950000

130582.9653253167 127190.0272283333
129627.4808727167 129433.8392416667
130582.9653253167 127510.5718016667
128990.4912376500 127670.8440883333
129945.9756902500 129594.1115283333

129627.4808727167 129433.8392416667
129786.7282814833 127991.3886616667
129468.2334639500 129594.1115283333
129468.2334639500 129914.6561016667
129627.4808727167 129273.5669550000

127238.7697412167 129594.1115283333
129627.4808727167 129433.8392416667
128035.0067850500 128472.2055216667
129627.4808727167 129754.3838150000
130105.2230990167 127991.3886616667

129468.2334639500 129433.8392416667
129468.2334639500 129594.1115283333
128831.2438288833 127831.1163750000
129945.9756902500 127831.1163750000
128671.9964201167 128953.0223816667

130582.9653253167 128472.2055216667
128671.9964201167 128792.7500950000
129627.4808727167 129594.1115283333
129468.2334639500 129594.1115283333
128353.5016025833 127991.3886616667

129468.2334639500 129594.1115283333
129945.9756902500 127831.1163750000
128990.4912376500 127831.1163750000
129627.4808727167 129113.2946683333
129468.2334639500 129914.6561016667

130582.9653253167 127350.2995150000
129627.4808727167 129594.1115283333
129627.4808727167 129433.8392416667
127398.0171499833 129594.1115283333
130423.7179165500 128632.4778083334

127398.0171499833 129433.8392416667
129786.7282814833 127991.3886616667
128671.9964201167 129113.2946683333
129468.2334639500 130074.9283883333
129627.4808727167 129594.1115283333

130423.7179165500 128311.9332350000
130423.7179165500 127190.0272283333
128990.4912376500 127670.8440883333
129468.2334639500 129914.6561016667
129945.9756902500 127991.3886616667

129308.9860551833 129594.1115283333
128990.4912376500 127831.1163750000
130423.7179165500 127350.2995150000
128671.9964201167 128792.7500950000
129468.2334639500 130555.7452483333

