112315.3168891161 119804.6189925106
111996.8931976518 120126.2247683404
115817.9774952232 122538.2680870638
115340.3419580268 121734.2536474894
115817.9774952232 122377.4651991489
115340.3419580268 122055.8594233192
112474.5287348482 123181.4796387234
112792.9524263125 120287.0276562553
110563.9865860625 120447.8305441702
112315.3168891161 120930.2392079149

115021.9182665625 122216.6623112340
110245.5628945982 120447.8305441702
114544.2827293661 121251.8449837447
111837.6813519196 119804.6189925106
113111.3761177768 123020.6767508085
111996.8931976518 120287.0276562553
112156.1050433839 122055.8594233192
110563.9865860625 120608.6334320851
112474.5287348482 121091.0420958298
112156.1050433839 120608.6334320851

112474.5287348482 123503.0854145532
112633.7405805804 120930.2392079149
115977.1893409554 122538.2680870638
111996.8931976518 120126.2247683404
111041.6221232589 119804.6189925106
111837.6813519196 119000.6045529362
112156.1050433839 120447.8305441702
111996.8931976518 122859.8738628936
111996.8931976518 122216.6623112340
111996.8931976518 122055.8594233192

110723.1984317946 119804.6189925106
111996.8931976518 119804.6189925106
112474.5287348482 119643.8161045957
111837.6813519196 119965.4218804255
110563.9865860625 119965.4218804255
114385.0708836339 121895.0565354042
112315.3168891161 120126.2247683404
114703.4945750982 121412.6478716596
112315.3168891161 120447.8305441702
112315.3168891161 120608.6334320851

114066.6471921696 122859.8738628936
113270.5879635089 121251.8449837447
110563.9865860625 120287.0276562553
118365.3670269375 124146.2969662128
111519.2576604554 120930.2392079149
112156.1050433839 120287.0276562553
112315.3168891161 120608.6334320851
111678.4695061875 122377.4651991489
115340.3419580268 121895.0565354042
112156.1050433839 119965.4218804255

111837.6813519196 122538.2680870638
112792.9524263125 120608.6334320851
112474.5287348482 120608.6334320851
112315.3168891161 119804.6189925106
112633.7405805804 120769.4363200000
111996.8931976518 120769.4363200000
114066.6471921696 123663.8883024681
114066.6471921696 123181.4796387234
112474.5287348482 120447.8305441702
112315.3168891161 120769.4363200000

111360.0458147232 119483.0132166808
112474.5287348482 123181.4796387234
112156.1050433839 120126.2247683404
112474.5287348482 120447.8305441702
112156.1050433839 120447.8305441702
112474.5287348482 122377.4651991489
111996.8931976518 119643.8161045957
115499.5538037589 121895.0565354042
110563.9865860625 119000.6045529362
112315.3168891161 119965.4218804255

110563.9865860625 119483.0132166808
110245.5628945982 120126.2247683404
112156.1050433839 119965.4218804255
110404.7747403304 120930.2392079149
111837.6813519196 122699.0709749787
111996.8931976518 120447.8305441702
115499.5538037589 122055.8594233192
112315.3168891161 120930.2392079149
112315.3168891161 119965.4218804255
110404.7747403304 120287.0276562553

112633.7405805804 122859.8738628936
112156.1050433839 119643.8161045957
114862.7064208303 121412.6478716596
115340.3419580268 121734.2536474894
112156.1050433839 120287.0276562553
114066.6471921696 123663.8883024681
112156.1050433839 120126.2247683404
111041.6221232589 118518.1958891915
110404.7747403304 119804.6189925106
112474.5287348482 121091.0420958298

