22340439.4505685233 18867.0600280762
22517283.6540471204 21479.8489685059
22508612.5406433865 21038.1737060547
22775697.6812979430 24772.6040039062
22536347.7372585423 21914.8312988281
22505034.4158883393 20393.3177642822
22150789.8173770532 16050.1348342896
22665298.3516060337 23633.4222412109
22263379.5781613924 17092.1039252654
22575537.9521759860 23020.4084472656
22487119.6159771159 20104.5474243164
22421060.3517272696 19772.4022521973
22284924.6064014994 17991.5187225342
22748953.6255773306 23692.4801025391
