34596292.5871245116 713888.7587890625
34331395.2713779509 712351.0166015625
35457224.2875287086 719525.5791015625
36415470.0861375555 721537.9384765625
35893876.5763019398 721053.0712890625
34728049.7224123627 714374.3447265625
36423220.8518707901 722764.3291015625
35566246.3973027915 719532.2041015625
35419071.5654780939 719135.0205078125
35773166.8464002386 720116.8330078125
33826649.4155661687 707584.3603515625
35705744.7800401449 720098.5361328125
36707913.1863985956 724920.8525390625
36597860.3637693599 723286.5791015625
36079726.7858956158 721208.0361328125
34762567.1886801571 718620.8876953125
