132443.0877337683 115506.5258865377
135032.4706258659 120745.0331615755
132766.7605952805 118998.8640698962
135032.4706258659 119951.3199380849
128882.6862571341 116617.7243994245
133737.7791798171 117570.1802676132
134546.9613335976 115347.7832418396
130501.0505646951 117728.9229123113
132119.4148722561 118046.4082017076
134223.2884720854 115189.0405971415
130177.3777031829 122173.7169638585
131148.3962877195 120268.8052274811
129044.5226878902 117093.9523335189
129530.0319801585 115506.5258865377
130501.0505646951 121538.7463850660

131633.9055799878 115189.0405971415
134708.7977643537 118840.1214251981
131148.3962877195 118046.4082017076
130824.7234262073 122014.9743191604
134546.9613335976 120268.8052274811
131795.7420107439 115506.5258865377
130662.8869954512 121538.7463850660
130339.2141339390 120586.2905168774
133575.9427490610 115824.0111759340
134708.7977643537 116617.7243994245
135032.4706258659 120745.0331615755
132766.7605952805 115982.7538206321
130824.7234262073 119475.0920039906
131795.7420107439 117252.6949782170
130824.7234262073 115347.7832418396

133414.1063183049 115347.7832418396
134708.7977643537 118840.1214251981
134708.7977643537 119633.8346486887
130824.7234262073 121380.0037403679
130015.5412724268 117093.9523335189
130177.3777031829 118522.6361358019
134546.9613335976 116458.9817547264
129853.7048416707 118363.8934911038
129853.7048416707 116776.4670441226
133252.2698875488 119157.6067145943
133737.7791798171 115506.5258865377
128882.6862571341 116300.2391100283
134223.2884720854 120268.8052274811
132281.2513030122 118363.8934911038
134061.4520413293 117887.6655570094

130339.2141339390 115824.0111759340
133090.4334567927 116935.2096888208
134385.1249028415 118998.8640698962
131795.7420107439 115665.2685312359
132766.7605952805 116617.7243994245
130501.0505646951 122173.7169638585
130177.3777031829 120745.0331615755
134870.6341951098 117252.6949782170
129530.0319801585 117887.6655570094
130339.2141339390 116141.4964653302
132281.2513030122 116458.9817547264
131957.5784415000 118522.6361358019
129044.5226878902 115824.0111759340
130015.5412724268 115665.2685312359
134870.6341951098 120903.7758062736

134708.7977643537 116935.2096888208
134546.9613335976 119633.8346486887
131148.3962877195 116776.4670441226
133737.7791798171 115665.2685312359
132281.2513030122 118363.8934911038
131957.5784415000 117728.9229123113
130015.5412724268 115824.0111759340
128882.6862571341 115824.0111759340
130501.0505646951 122173.7169638585
130339.2141339390 121697.4890297642
132281.2513030122 115506.5258865377
132119.4148722561 115030.2979524434
132604.9241645244 119157.6067145943
134385.1249028415 117570.1802676132
132281.2513030122 117887.6655570094

132766.7605952805 118681.3787805000
129368.1955494024 118363.8934911038
129691.8684109146 116776.4670441226
129044.5226878902 116458.9817547264
130177.3777031829 122332.4596085566
131795.7420107439 117093.9523335189
134385.1249028415 114871.5553077453
130986.5598569634 121697.4890297642
133090.4334567927 119157.6067145943
130339.2141339390 116776.4670441226
129368.1955494024 116617.7243994245
134870.6341951098 119157.6067145943
130339.2141339390 119633.8346486887
134061.4520413293 116458.9817547264
131472.0691492317 118363.8934911038

132119.4148722561 117570.1802676132
134223.2884720854 120268.8052274811
134223.2884720854 119792.5772933868
129044.5226878902 115824.0111759340
132766.7605952805 119157.6067145943
130501.0505646951 119792.5772933868
129853.7048416707 119157.6067145943
131633.9055799878 118522.6361358019
131795.7420107439 117570.1802676132
131310.2327184756 116935.2096888208
133414.1063183049 115506.5258865377
134546.9613335976 120427.5478721792
134546.9613335976 118522.6361358019
129530.0319801585 116617.7243994245
130177.3777031829 116617.7243994245

131795.7420107439 115506.5258865377
130824.7234262073 120268.8052274811
130339.2141339390 121856.2316744623
131957.5784415000 117570.1802676132
130177.3777031829 115982.7538206321
133575.9427490610 115665.2685312359
134385.1249028415 119633.8346486887
134223.2884720854 118840.1214251981
133575.9427490610 116141.4964653302
131472.0691492317 115982.7538206321
130662.8869954512 118998.8640698962
134546.9613335976 120745.0331615755
130339.2141339390 119792.5772933868
132766.7605952805 118998.8640698962
130339.2141339390 115347.7832418396

134708.7977643537 120745.0331615755
129368.1955494024 118363.8934911038
133737.7791798171 117887.6655570094
130662.8869954512 119157.6067145943
130177.3777031829 122173.7169638585
129044.5226878902 116300.2391100283
133414.1063183049 118840.1214251981
134385.1249028415 120427.5478721792
132119.4148722561 115665.2685312359
134546.9613335976 119633.8346486887
131310.2327184756 115665.2685312359
133414.1063183049 119157.6067145943
133737.7791798171 119316.3493592924
133899.6156105732 117252.6949782170
132443.0877337683 117570.1802676132

134708.7977643537 116141.4964653302
131310.2327184756 118363.8934911038
132766.7605952805 118840.1214251981
133899.6156105732 116300.2391100283
132766.7605952805 119157.6067145943
130339.2141339390 122173.7169638585
129691.8684109146 116458.9817547264
130015.5412724268 117887.6655570094
134061.4520413293 117252.6949782170
134223.2884720854 120110.0625827830
130177.3777031829 116776.4670441226
130824.7234262073 120745.0331615755
129368.1955494024 115824.0111759340
134870.6341951098 117252.6949782170
133414.1063183049 116935.2096888208

130177.3777031829 121856.2316744623
135032.4706258659 120745.0331615755
129530.0319801585 115982.7538206321
130986.5598569634 120586.2905168774
134546.9613335976 119475.0920039906
132928.5970260366 118840.1214251981
129530.0319801585 116458.9817547264
133899.6156105732 117887.6655570094
133737.7791798171 115030.2979524434
130015.5412724268 122332.4596085566
132928.5970260366 115824.0111759340
131957.5784415000 118363.8934911038
134385.1249028415 116458.9817547264
134385.1249028415 117252.6949782170
134223.2884720854 115665.2685312359

133737.7791798171 117252.6949782170
131795.7420107439 115506.5258865377
130662.8869954512 121538.7463850660
134385.1249028415 119633.8346486887
134708.7977643537 118840.1214251981
133414.1063183049 115189.0405971415
130824.7234262073 118205.1508464057
130339.2141339390 122173.7169638585
132604.9241645244 117728.9229123113
133575.9427490610 118046.4082017076
133899.6156105732 118205.1508464057
135194.3070566220 120903.7758062736
129853.7048416707 116776.4670441226
132928.5970260366 119157.6067145943
133414.1063183049 115506.5258865377

135194.3070566220 120745.0331615755
130501.0505646951 116141.4964653302
132281.2513030122 118681.3787805000
131795.7420107439 117728.9229123113
133899.6156105732 120268.8052274811
134546.9613335976 118840.1214251981
133252.2698875488 115665.2685312359
130015.5412724268 117093.9523335189
130015.5412724268 120427.5478721792
131310.2327184756 115982.7538206321
130339.2141339390 118998.8640698962
134223.2884720854 118522.6361358019
134708.7977643537 119316.3493592924
129044.5226878902 116617.7243994245
129853.7048416707 118046.4082017076

134223.2884720854 117093.9523335189
130824.7234262073 120586.2905168774
134223.2884720854 120427.5478721792
129853.7048416707 117411.4376229151
130501.0505646951 122014.9743191604
132119.4148722561 117570.1802676132
129853.7048416707 119475.0920039906
129530.0319801585 116458.9817547264
130015.5412724268 119951.3199380849
133252.2698875488 119633.8346486887
131472.0691492317 115824.0111759340
129368.1955494024 118046.4082017076
134546.9613335976 120586.2905168774
130824.7234262073 121538.7463850660
132604.9241645244 116617.7243994245

134546.9613335976 119316.3493592924
129691.8684109146 117093.9523335189
134708.7977643537 120268.8052274811
129206.3591186464 115665.2685312359
130662.8869954512 121697.4890297642
131148.3962877195 119951.3199380849
134546.9613335976 116617.7243994245
132281.2513030122 116776.4670441226
134546.9613335976 119633.8346486887
129368.1955494024 118046.4082017076
131148.3962877195 118205.1508464057
134870.6341951098 119792.5772933868
131148.3962877195 117887.6655570094
130986.5598569634 116776.4670441226
130501.0505646951 119951.3199380849

133575.9427490610 118205.1508464057
132766.7605952805 118998.8640698962
129368.1955494024 115665.2685312359
130501.0505646951 117570.1802676132
130662.8869954512 119475.0920039906
133899.6156105732 117728.9229123113
133090.4334567927 119316.3493592924
130015.5412724268 121221.2610956698
130177.3777031829 122491.2022532547
129530.0319801585 118681.3787805000
130339.2141339390 116141.4964653302
134385.1249028415 119792.5772933868
130501.0505646951 116617.7243994245
130824.7234262073 118363.8934911038
131472.0691492317 118363.8934911038

