36383435.9129298851 723166.7744140625
36468673.4235652909 723240.0595703125
35690120.0801176056 720920.1416015625
36382247.0415045694 722156.4970703125
35226900.8240983933 719443.9384765625
34596292.5871245116 713888.7587890625
34331395.2713779509 712351.0166015625
35457224.2875287086 719525.5791015625
35893876.5763019398 721053.0712890625
34728049.7224123627 714374.3447265625
35566246.3973027915 719532.2041015625
33826649.4155661687 707584.3603515625
36707913.1863985956 724920.8525390625
36597860.3637693599 723286.5791015625
36079726.7858956158 721208.0361328125
34762567.1886801571 718620.8876953125
