35290917.6810748801 14825.6612854004
35962315.0448910370 15066.0842590332
35957357.1339849681 14996.6246337891
34427975.1690198183 13737.5003204346
34269178.1307055429 13301.1359252930
35773728.8027353585 14827.0908508301
34585970.1446267888 13798.9984130859
37259780.1323478445 15474.8427124023
34116675.7223134264 12724.9291229248
36403170.3428388536 15264.5395507812
34631466.7929494902 13947.7735290527
34205882.3198481798 13041.4150848389
34649690.1559371874 14736.4846801758
35288972.8237979561 14790.5357513428
33446769.8291691542 12586.5618438721
35930575.8703101650 14862.6358642578
34359848.2725710347 13405.1432342529
34138787.7182114571 12918.1450500488
