130824.7234262073 121380.0037403679
130339.2141339390 122491.2022532547
129853.7048416707 121538.7463850660
133252.2698875488 119157.6067145943
131795.7420107439 115347.7832418396
131148.3962877195 119792.5772933868
132928.5970260366 118363.8934911038
134385.1249028415 120427.5478721792
129530.0319801585 118522.6361358019
132443.0877337683 118522.6361358019
133899.6156105732 117570.1802676132
134708.7977643537 119633.8346486887
128720.8498263780 115982.7538206321
131472.0691492317 115824.0111759340
132119.4148722561 116300.2391100283

134385.1249028415 115347.7832418396
130986.5598569634 121380.0037403679
129044.5226878902 115824.0111759340
131633.9055799878 115824.0111759340
130339.2141339390 117570.1802676132
132928.5970260366 115030.2979524434
132119.4148722561 116141.4964653302
134061.4520413293 118840.1214251981
134708.7977643537 118998.8640698962
135032.4706258659 118840.1214251981
130662.8869954512 117728.9229123113
132604.9241645244 118840.1214251981
133575.9427490610 115982.7538206321
129691.8684109146 120110.0625827830
133252.2698875488 116458.9817547264

130339.2141339390 116776.4670441226
129206.3591186464 115982.7538206321
129530.0319801585 116458.9817547264
130986.5598569634 121538.7463850660
129853.7048416707 115982.7538206321
132119.4148722561 117570.1802676132
132443.0877337683 117728.9229123113
133414.1063183049 117093.9523335189
135194.3070566220 120586.2905168774
132766.7605952805 116141.4964653302
133090.4334567927 115347.7832418396
134385.1249028415 120110.0625827830
134061.4520413293 119951.3199380849
129206.3591186464 118046.4082017076
131472.0691492317 115665.2685312359

134223.2884720854 117411.4376229151
129368.1955494024 118522.6361358019
132604.9241645244 118998.8640698962
134708.7977643537 117093.9523335189
131795.7420107439 118522.6361358019
130339.2141339390 122332.4596085566
130986.5598569634 119951.3199380849
130662.8869954512 118205.1508464057
131472.0691492317 115506.5258865377
132928.5970260366 119316.3493592924
135194.3070566220 120268.8052274811
129691.8684109146 116776.4670441226
134223.2884720854 119633.8346486887
130824.7234262073 121538.7463850660
134385.1249028415 116617.7243994245

129530.0319801585 115824.0111759340
129368.1955494024 118998.8640698962
134385.1249028415 118998.8640698962
129691.8684109146 116141.4964653302
130177.3777031829 116300.2391100283
131310.2327184756 118363.8934911038
133414.1063183049 117093.9523335189
134708.7977643537 117570.1802676132
130177.3777031829 122014.9743191604
130986.5598569634 121380.0037403679
134061.4520413293 117570.1802676132
130824.7234262073 118363.8934911038
135194.3070566220 120903.7758062736
134061.4520413293 115982.7538206321
135032.4706258659 117887.6655570094

129206.3591186464 117887.6655570094
133252.2698875488 119792.5772933868
132928.5970260366 117252.6949782170
134385.1249028415 116935.2096888208
130662.8869954512 121856.2316744623
131957.5784415000 116141.4964653302
130339.2141339390 119633.8346486887
132281.2513030122 116617.7243994245
131310.2327184756 118205.1508464057
130015.5412724268 119951.3199380849
132604.9241645244 118998.8640698962
130986.5598569634 116617.7243994245
134708.7977643537 115665.2685312359
135032.4706258659 118840.1214251981
131633.9055799878 115824.0111759340

133414.1063183049 116935.2096888208
132281.2513030122 118046.4082017076
133737.7791798171 115347.7832418396
129530.0319801585 118681.3787805000
131957.5784415000 116776.4670441226
134870.6341951098 117411.4376229151
134223.2884720854 119792.5772933868
132928.5970260366 119157.6067145943
129691.8684109146 118046.4082017076
134546.9613335976 114554.0700183491
132766.7605952805 119157.6067145943
134546.9613335976 120268.8052274811
130339.2141339390 122173.7169638585
130986.5598569634 119475.0920039906
132604.9241645244 119157.6067145943

130339.2141339390 122014.9743191604
135194.3070566220 120586.2905168774
129530.0319801585 119951.3199380849
132766.7605952805 118840.1214251981
133899.6156105732 117570.1802676132
133737.7791798171 116300.2391100283
131472.0691492317 118205.1508464057
133252.2698875488 116776.4670441226
133090.4334567927 119316.3493592924
128882.6862571341 115982.7538206321
133414.1063183049 116617.7243994245
129530.0319801585 118840.1214251981
134223.2884720854 117411.4376229151
131795.7420107439 117570.1802676132
132119.4148722561 118046.4082017076

134546.9613335976 119475.0920039906
134708.7977643537 119951.3199380849
134708.7977643537 116617.7243994245
129206.3591186464 115665.2685312359
134223.2884720854 119951.3199380849
131957.5784415000 117411.4376229151
132443.0877337683 116141.4964653302
135032.4706258659 119475.0920039906
132766.7605952805 119157.6067145943
133575.9427490610 116141.4964653302
132281.2513030122 117570.1802676132
133252.2698875488 119157.6067145943
128882.6862571341 115665.2685312359
134061.4520413293 117411.4376229151
132928.5970260366 119157.6067145943

131795.7420107439 116935.2096888208
133090.4334567927 115665.2685312359
133414.1063183049 116776.4670441226
134223.2884720854 119316.3493592924
130177.3777031829 122332.4596085566
129853.7048416707 119792.5772933868
129206.3591186464 116300.2391100283
132443.0877337683 118046.4082017076
134223.2884720854 117570.1802676132
133899.6156105732 117728.9229123113
132119.4148722561 117252.6949782170
132766.7605952805 116141.4964653302
134546.9613335976 118681.3787805000
129044.5226878902 115665.2685312359
133575.9427490610 115506.5258865377

133252.2698875488 117093.9523335189
130339.2141339390 116776.4670441226
129206.3591186464 118522.6361358019
135194.3070566220 120427.5478721792
133252.2698875488 118998.8640698962
132928.5970260366 118998.8640698962
134546.9613335976 119792.5772933868
129044.5226878902 116141.4964653302
130339.2141339390 122014.9743191604
130824.7234262073 118205.1508464057
129853.7048416707 121856.2316744623
132928.5970260366 116776.4670441226
133575.9427490610 117887.6655570094
134546.9613335976 118363.8934911038
129853.7048416707 119792.5772933868

