129786.7282814833 129433.8392416667
129786.7282814833 129594.1115283333
129308.9860551833 129754.3838150000
128194.2541938167 128311.9332350000
129468.2334639500 129594.1115283333

130105.2230990167 129754.3838150000
127398.0171499833 129594.1115283333
129945.9756902500 129433.8392416667
128990.4912376500 127831.1163750000
129468.2334639500 129594.1115283333

128671.9964201167 128792.7500950000
129627.4808727167 129754.3838150000
130582.9653253167 127190.0272283333
129308.9860551833 129594.1115283333
129786.7282814833 129594.1115283333

130582.9653253167 127350.2995150000
128194.2541938167 128792.7500950000
129468.2334639500 129754.3838150000
128512.7490113500 128792.7500950000
127398.0171499833 129433.8392416667

