114385.0708836339 121251.8449837447
111519.2576604554 119643.8161045957
111678.4695061875 119804.6189925106
112315.3168891161 120769.4363200000
112156.1050433839 119483.0132166808
115340.3419580268 121734.2536474894
115499.5538037589 122538.2680870638
115658.7656494911 122216.6623112340
113589.0116549732 122859.8738628936
112315.3168891161 120126.2247683404

112315.3168891161 120930.2392079149
111678.4695061875 119804.6189925106
112315.3168891161 120608.6334320851
115340.3419580268 121895.0565354042
114385.0708836339 121573.4507595745
112633.7405805804 122377.4651991489
111041.6221232589 122859.8738628936
112315.3168891161 120447.8305441702
110882.4102775268 120126.2247683404
110723.1984317946 119322.2103287660

115499.5538037589 122538.2680870638
111996.8931976518 120126.2247683404
113589.0116549732 122699.0709749787
115499.5538037589 122216.6623112340
111678.4695061875 121251.8449837447
111678.4695061875 119643.8161045957
111996.8931976518 120447.8305441702
110723.1984317946 118839.8016650213
113589.0116549732 123020.6767508085
115499.5538037589 121895.0565354042

111837.6813519196 123020.6767508085
111678.4695061875 119965.4218804255
112633.7405805804 123663.8883024681
112156.1050433839 120287.0276562553
112315.3168891161 120930.2392079149
113111.3761177768 121091.0420958298
111837.6813519196 117070.9698979574
112156.1050433839 120447.8305441702
111996.8931976518 119643.8161045957
113270.5879635089 122699.0709749787

112315.3168891161 120608.6334320851
110563.9865860625 119965.4218804255
112315.3168891161 120769.4363200000
115340.3419580268 121895.0565354042
115181.1301122946 122055.8594233192
113270.5879635089 122699.0709749787
113111.3761177768 123020.6767508085
111837.6813519196 120287.0276562553
111519.2576604554 119643.8161045957
112952.1642720446 121412.6478716596

112315.3168891161 120769.4363200000
111519.2576604554 119322.2103287660
112156.1050433839 123020.6767508085
112315.3168891161 120608.6334320851
112156.1050433839 122538.2680870638
112474.5287348482 119965.4218804255
113748.2235007054 123020.6767508085
112633.7405805804 120930.2392079149
112474.5287348482 120287.0276562553
110404.7747403304 120287.0276562553

111996.8931976518 122377.4651991489
111678.4695061875 120126.2247683404
110882.4102775268 119483.0132166808
115340.3419580268 122055.8594233192
112315.3168891161 120930.2392079149
112633.7405805804 123342.2825266383
111996.8931976518 122055.8594233192
112315.3168891161 120126.2247683404
112156.1050433839 120608.6334320851
111996.8931976518 119965.4218804255

