110563.9865860625 120126.2247683404
112474.5287348482 123342.2825266383
111996.8931976518 120447.8305441702
112474.5287348482 120769.4363200000
115658.7656494911 122377.4651991489
111519.2576604554 119804.6189925106
112952.1642720446 120930.2392079149
112633.7405805804 120769.4363200000
111837.6813519196 120447.8305441702
114862.7064208303 121412.6478716596

110882.4102775268 119161.4074408510
111837.6813519196 119965.4218804255
114544.2827293661 121734.2536474894
110882.4102775268 122859.8738628936
112474.5287348482 119804.6189925106
115340.3419580268 121734.2536474894
114703.4945750982 121251.8449837447
112474.5287348482 123342.2825266383
112474.5287348482 120447.8305441702
113111.3761177768 122859.8738628936

113111.3761177768 121091.0420958298
112792.9524263125 121251.8449837447
111996.8931976518 123020.6767508085
111678.4695061875 120608.6334320851
112474.5287348482 123342.2825266383
110404.7747403304 122055.8594233192
115658.7656494911 122538.2680870638
115977.1893409554 122216.6623112340
111519.2576604554 119804.6189925106
117569.3077982768 123503.0854145532

112156.1050433839 120287.0276562553
118206.1551812054 123985.4940782979
112474.5287348482 120126.2247683404
115340.3419580268 121734.2536474894
111200.8339689911 120447.8305441702
111996.8931976518 123342.2825266383
110563.9865860625 120126.2247683404
110563.9865860625 122538.2680870638
114703.4945750982 121895.0565354042
111519.2576604554 119965.4218804255

110404.7747403304 120769.4363200000
112156.1050433839 119643.8161045957
114544.2827293661 121091.0420958298
110563.9865860625 119483.0132166808
112474.5287348482 121091.0420958298
111996.8931976518 120126.2247683404
110086.3510488661 119322.2103287660
111837.6813519196 117070.9698979574
111996.8931976518 120769.4363200000
112315.3168891161 120769.4363200000

111678.4695061875 122699.0709749787
112156.1050433839 120126.2247683404
112792.9524263125 122538.2680870638
111837.6813519196 122216.6623112340
118365.3670269375 124146.2969662128
112315.3168891161 120930.2392079149
113111.3761177768 121091.0420958298
115977.1893409554 122216.6623112340
117091.6722610804 123181.4796387234
111200.8339689911 122859.8738628936

110404.7747403304 120126.2247683404
111678.4695061875 119965.4218804255
118524.5788726696 124307.0998541277
112633.7405805804 123663.8883024681
115499.5538037589 122216.6623112340
110404.7747403304 120769.4363200000
113111.3761177768 121091.0420958298
111519.2576604554 119161.4074408510
115817.9774952232 122216.6623112340
114862.7064208303 121734.2536474894

115340.3419580268 124146.2969662128
118365.3670269375 124146.2969662128
112633.7405805804 123663.8883024681
115021.9182665625 122216.6623112340
117091.6722610804 123181.4796387234
110563.9865860625 119804.6189925106
111837.6813519196 119643.8161045957
110404.7747403304 119000.6045529362
111837.6813519196 120287.0276562553
115499.5538037589 122216.6623112340

110404.7747403304 120447.8305441702
112952.1642720446 121091.0420958298
111996.8931976518 119965.4218804255
114385.0708836339 121734.2536474894
111837.6813519196 122699.0709749787
112315.3168891161 120769.4363200000
112474.5287348482 121091.0420958298
110245.5628945982 120608.6334320851
115817.9774952232 122377.4651991489
111519.2576604554 119804.6189925106

112474.5287348482 121091.0420958298
110245.5628945982 120769.4363200000
115658.7656494911 122055.8594233192
110563.9865860625 118839.8016650213
112633.7405805804 120447.8305441702
110404.7747403304 119965.4218804255
115021.9182665625 121895.0565354042
110245.5628945982 119161.4074408510
112952.1642720446 123181.4796387234
118365.3670269375 124146.2969662128

111837.6813519196 120287.0276562553
110563.9865860625 119804.6189925106
112474.5287348482 120126.2247683404
113907.4353464375 123020.6767508085
112156.1050433839 120126.2247683404
111519.2576604554 121895.0565354042
110404.7747403304 120126.2247683404
118365.3670269375 124146.2969662128
112952.1642720446 120447.8305441702
115021.9182665625 121573.4507595745

110563.9865860625 120447.8305441702
112474.5287348482 121091.0420958298
110882.4102775268 119804.6189925106
111996.8931976518 122055.8594233192
112156.1050433839 120287.0276562553
111996.8931976518 120126.2247683404
112156.1050433839 119965.4218804255
115181.1301122946 121895.0565354042
110723.1984317946 120608.6334320851
115181.1301122946 122216.6623112340

112633.7405805804 120769.4363200000
112633.7405805804 119965.4218804255
110723.1984317946 119965.4218804255
110404.7747403304 122055.8594233192
112315.3168891161 120447.8305441702
110404.7747403304 119965.4218804255
112474.5287348482 121091.0420958298
115658.7656494911 122216.6623112340
110404.7747403304 120608.6334320851
111678.4695061875 119965.4218804255

112315.3168891161 120126.2247683404
113429.7998092411 123020.6767508085
112315.3168891161 120447.8305441702
111837.6813519196 120447.8305441702
110563.9865860625 119804.6189925106
112156.1050433839 119804.6189925106
112315.3168891161 120930.2392079149
111996.8931976518 120287.0276562553
110404.7747403304 119483.0132166808
115977.1893409554 122216.6623112340

112156.1050433839 120287.0276562553
114225.8590379018 121734.2536474894
112156.1050433839 120608.6334320851
114225.8590379018 123181.4796387234
115817.9774952232 122216.6623112340
112156.1050433839 122055.8594233192
110404.7747403304 120447.8305441702
112315.3168891161 120287.0276562553
115499.5538037589 122216.6623112340
113111.3761177768 123020.6767508085

118524.5788726696 124307.0998541277
112474.5287348482 121091.0420958298
115021.9182665625 121573.4507595745
111519.2576604554 118678.9987771064
115658.7656494911 122055.8594233192
115340.3419580268 124146.2969662128
110245.5628945982 120126.2247683404
110404.7747403304 122377.4651991489
111041.6221232589 119965.4218804255
112156.1050433839 122538.2680870638

110404.7747403304 119965.4218804255
111996.8931976518 120287.0276562553
111678.4695061875 121895.0565354042
112474.5287348482 120608.6334320851
117410.0959525447 123503.0854145532
114703.4945750982 121573.4507595745
111360.0458147232 119643.8161045957
111996.8931976518 122377.4651991489
112315.3168891161 120769.4363200000
112633.7405805804 120608.6334320851

111837.6813519196 120447.8305441702
114544.2827293661 121573.4507595745
114225.8590379018 123181.4796387234
112474.5287348482 121091.0420958298
112315.3168891161 120769.4363200000
112315.3168891161 120287.0276562553
113111.3761177768 123020.6767508085
112474.5287348482 120287.0276562553
110404.7747403304 119643.8161045957
113589.0116549732 123181.4796387234

