23331007.5184207223 146030.5312500000
23639134.8883447126 148211.8183593750
23275859.9656249806 145848.5756835938
22440761.9053218998 129439.0336914062
23450212.2168220133 146423.2480468750
22978193.0502194390 145073.8828125000
23437743.9203291647 146064.0585937500
22349192.9736030027 112617.5844726562
22743951.1925279200 144739.4599609375
22660711.0256871097 138866.8417968750
22190051.8794358894 100498.8876953125
22446576.7327086516 131496.3420410156
22038348.8907835223 97582.3073730469
22375186.3512969092 127867.6743164062
23483096.4881332442 147463.9985351562
22290451.3336759880 111333.9274902344
22234041.7803536281 110226.0854492188
