22956112.8965188898 138900.7416992188
22446576.7327086516 131496.3420410156
22038348.8907835223 97582.3073730469
23333779.2262231186 145492.4150390625
22856652.4519248605 136887.8325195312
23142688.3663662076 140448.3798828125
22375186.3512969092 127867.6743164062
23483096.4881332442 147463.9985351562
23006581.5515812673 138979.4873046875
23203712.6145445928 142681.2578125000
22290451.3336759880 111333.9274902344
23224718.0705842525 144348.8041992188
23705754.1364265196 148211.8183593750
22234041.7803536281 110226.0854492188
