47430051.7038535923 36017.9630737305
49874937.9323226735 41723.7320251465
46938399.4311966300 35850.9312896729
49044666.8045313731 41017.1679077148
47699010.2441598549 38188.6618652344
47452939.6711154655 36821.2567214966
48587399.0171512589 40627.0698242188
47879645.9550098404 39539.0270690918
46672489.5948282257 34132.2029571533
46097884.1546817273 28165.6996536255
46390900.8883727863 32800.3281402588
48268919.9525722191 40342.6519165039
46850113.9887531325 34696.1062469482
47566285.0975608602 37480.8775024414
50052712.3197816685 41838.3764648438
