119576.9228827895 114083.5232780791
126259.0414941579 113760.3995876173
121645.1976910702 113921.9614328482
119576.9228827895 111983.2192900773
121645.1976910702 114891.3325042337
120054.2170693158 116668.5128017737
125781.7473076316 115860.7035756191
122599.7860641228 114245.0851233100
120372.4131936667 116830.0746470046
126099.9434319825 114568.2088137719
126418.1395563333 116183.8272660810
124668.0608724035 115537.5798851573
121804.2957532456 113275.7140519246
125304.4531211053 115699.1417303882
120690.6093180175 116668.5128017737
124508.9628102281 115860.7035756191
124031.6686237018 115537.5798851573
121645.1976910702 113275.7140519246
126736.3356806842 115376.0180399264
126577.2376185088 113437.2758971555

120690.6093180175 116506.9509565428
124668.0608724035 115860.7035756191
126736.3356806842 116506.9509565428
124349.8647480526 114245.0851233100
126895.4337428596 113921.9614328482
123872.5705615263 115052.8943494646
119576.9228827895 112467.9048257700
124349.8647480526 114891.3325042337
126099.9434319825 116345.3891113118
121327.0015667193 114245.0851233100
126418.1395563333 115376.0180399264
121327.0015667193 114891.3325042337
127213.6298672105 116022.2654208500
120849.7073801930 113437.2758971555
126099.9434319825 113760.3995876173
119736.0209449649 116022.2654208500
120372.4131936667 116506.9509565428
119417.8248206140 113598.8377423864
120372.4131936667 114245.0851233100
121804.2957532456 114568.2088137719

119099.6286962632 113598.8377423864
125463.5511832807 113598.8377423864
121167.9035045439 112791.0285162318
119417.8248206140 114729.7706590028
122122.4918775965 114406.6469685409
124827.1589345789 115214.4561946955
125304.4531211053 114083.5232780791
122281.5899397719 113921.9614328482
121963.3938154210 114568.2088137719
122122.4918775965 113921.9614328482
121645.1976910702 113114.1522066937
124986.2569967544 114083.5232780791
121804.2957532456 114891.3325042337
120531.5112558421 113275.7140519246
120849.7073801930 118768.8167897755
126895.4337428596 113760.3995876173
126736.3356806842 115860.7035756191
120690.6093180175 116991.6364922355
120690.6093180175 117799.4457183901
121327.0015667193 114568.2088137719

123554.3744371754 113760.3995876173
120531.5112558421 114083.5232780791
127054.5318050351 114245.0851233100
126259.0414941579 115537.5798851573
125463.5511832807 114729.7706590028
127372.7279293860 116183.8272660810
126736.3356806842 115699.1417303882
122122.4918775965 114245.0851233100
120531.5112558421 117314.7601826973
124349.8647480526 114083.5232780791
119417.8248206140 112629.4666710009
119576.9228827895 113114.1522066937
120372.4131936667 117637.8838731591
125781.7473076316 114083.5232780791
126895.4337428596 114729.7706590028
122122.4918775965 113437.2758971555
121804.2957532456 114406.6469685409
120531.5112558421 115376.0180399264
123872.5705615263 115537.5798851573
119736.0209449649 111983.2192900773

126577.2376185088 112952.5903614627
124190.7666858772 112952.5903614627
122758.8841262982 113760.3995876173
124668.0608724035 115376.0180399264
126418.1395563333 115537.5798851573
119099.6286962632 114245.0851233100
126418.1395563333 116022.2654208500
121963.3938154210 113921.9614328482
121963.3938154210 113275.7140519246
126895.4337428596 114729.7706590028
120531.5112558421 114568.2088137719
123395.2763750000 115537.5798851573
126099.9434319825 113921.9614328482
120849.7073801930 114083.5232780791
126895.4337428596 116345.3891113118
119736.0209449649 112952.5903614627
119099.6286962632 113437.2758971555
121804.2957532456 114406.6469685409
124031.6686237018 114891.3325042337
126736.3356806842 113760.3995876173

120372.4131936667 116183.8272660810
125145.3550589298 115860.7035756191
120849.7073801930 116022.2654208500
126736.3356806842 116506.9509565428
126259.0414941579 114729.7706590028
121008.8054423684 113275.7140519246
123395.2763750000 115537.5798851573
123236.1783128245 114891.3325042337
126577.2376185088 113114.1522066937
120849.7073801930 118607.2549445446
125304.4531211053 114729.7706590028
126418.1395563333 115537.5798851573
124190.7666858772 115699.1417303882
124508.9628102281 115537.5798851573
120054.2170693158 116345.3891113118
125145.3550589298 113921.9614328482
127213.6298672105 115537.5798851573
125145.3550589298 115052.8943494646
122758.8841262982 115052.8943494646
121963.3938154210 114245.0851233100

125145.3550589298 115537.5798851573
123554.3744371754 115376.0180399264
121327.0015667193 114729.7706590028
126736.3356806842 116022.2654208500
121804.2957532456 114406.6469685409
120372.4131936667 116183.8272660810
119576.9228827895 112306.3429805391
127372.7279293860 116506.9509565428
121804.2957532456 113598.8377423864
126736.3356806842 116183.8272660810
121963.3938154210 114568.2088137719
126895.4337428596 116668.5128017737
121804.2957532456 114083.5232780791
120213.3151314912 116991.6364922355
120849.7073801930 117637.8838731591
121963.3938154210 114406.6469685409
123872.5705615263 115214.4561946955
125463.5511832807 114406.6469685409
127690.9240537368 116345.3891113118
126099.9434319825 113921.9614328482

120531.5112558421 116991.6364922355
120213.3151314912 115699.1417303882
121167.9035045439 114406.6469685409
126577.2376185088 113437.2758971555
126736.3356806842 116022.2654208500
125145.3550589298 113275.7140519246
122440.6880019474 114891.3325042337
121486.0996288947 114406.6469685409
124349.8647480526 115860.7035756191
120372.4131936667 113921.9614328482
120849.7073801930 116022.2654208500
122917.9821884737 113275.7140519246
124668.0608724035 115860.7035756191
126577.2376185088 114406.6469685409
127054.5318050351 115860.7035756191
124827.1589345789 114245.0851233100
123236.1783128245 115214.4561946955
121804.2957532456 114891.3325042337
122917.9821884737 115214.4561946955
120531.5112558421 112306.3429805391

121327.0015667193 113114.1522066937
123554.3744371754 115052.8943494646
125622.6492454561 113921.9614328482
120213.3151314912 116668.5128017737
120531.5112558421 114406.6469685409
120849.7073801930 117153.1983374664
127054.5318050351 114245.0851233100
123713.4724993509 113760.3995876173
121008.8054423684 114729.7706590028
126259.0414941579 115860.7035756191
120372.4131936667 112467.9048257700
120849.7073801930 115860.7035756191
121645.1976910702 114406.6469685409
124986.2569967544 114568.2088137719
120531.5112558421 117961.0075636210
122440.6880019474 113275.7140519246
121645.1976910702 113114.1522066937
126736.3356806842 114568.2088137719
121327.0015667193 114729.7706590028
120849.7073801930 112791.0285162318

127372.7279293860 116022.2654208500
124986.2569967544 115376.0180399264
123872.5705615263 115537.5798851573
124827.1589345789 114891.3325042337
124508.9628102281 115214.4561946955
120690.6093180175 117153.1983374664
124986.2569967544 114245.0851233100
120213.3151314912 116991.6364922355
119895.1190071403 111821.6574448464
126736.3356806842 113598.8377423864
120690.6093180175 114568.2088137719
125145.3550589298 114891.3325042337
125781.7473076316 113114.1522066937
120531.5112558421 114729.7706590028
126736.3356806842 115699.1417303882
121486.0996288947 114891.3325042337
121486.0996288947 113275.7140519246
126418.1395563333 116183.8272660810
121645.1976910702 114245.0851233100
120690.6093180175 116830.0746470046

120690.6093180175 118122.5694088519
121645.1976910702 112952.5903614627
126577.2376185088 112952.5903614627
122440.6880019474 114406.6469685409
123077.0802506491 114729.7706590028
122122.4918775965 114568.2088137719
121963.3938154210 114891.3325042337
122122.4918775965 114891.3325042337
124190.7666858772 115214.4561946955
120690.6093180175 115699.1417303882
120690.6093180175 114568.2088137719
127372.7279293860 116668.5128017737
126418.1395563333 116022.2654208500
126577.2376185088 114083.5232780791
119417.8248206140 114406.6469685409
121167.9035045439 114568.2088137719
121645.1976910702 114568.2088137719
124190.7666858772 113760.3995876173
119576.9228827895 115537.5798851573
120531.5112558421 117314.7601826973

125940.8453698070 113114.1522066937
125304.4531211053 115537.5798851573
121645.1976910702 114406.6469685409
121645.1976910702 114245.0851233100
124190.7666858772 115537.5798851573
119099.6286962632 114083.5232780791
126259.0414941579 115052.8943494646
126418.1395563333 113437.2758971555
124986.2569967544 113437.2758971555
126577.2376185088 115052.8943494646
120849.7073801930 117961.0075636210
121804.2957532456 113437.2758971555
124508.9628102281 115052.8943494646
126577.2376185088 112952.5903614627
121963.3938154210 114245.0851233100
119736.0209449649 113921.9614328482
125145.3550589298 114729.7706590028
120213.3151314912 116991.6364922355
123077.0802506491 114406.6469685409
121804.2957532456 113921.9614328482

119417.8248206140 112791.0285162318
126099.9434319825 113437.2758971555
120531.5112558421 115214.4561946955
120690.6093180175 117476.3220279282
126895.4337428596 114891.3325042337
124349.8647480526 115376.0180399264
124827.1589345789 115376.0180399264
124668.0608724035 114406.6469685409
125304.4531211053 115699.1417303882
124986.2569967544 113275.7140519246
126418.1395563333 115052.8943494646
120849.7073801930 115537.5798851573
124668.0608724035 115699.1417303882
122440.6880019474 114891.3325042337
121327.0015667193 114891.3325042337
126736.3356806842 113921.9614328482
121645.1976910702 114245.0851233100
124508.9628102281 115860.7035756191
121645.1976910702 113921.9614328482
120372.4131936667 115537.5798851573

119576.9228827895 112144.7811353082
119895.1190071403 113275.7140519246
126577.2376185088 113114.1522066937
120213.3151314912 115376.0180399264
124349.8647480526 115537.5798851573
125145.3550589298 115860.7035756191
121327.0015667193 113598.8377423864
119895.1190071403 115376.0180399264
126736.3356806842 114891.3325042337
122599.7860641228 114083.5232780791
120372.4131936667 116830.0746470046
126418.1395563333 113921.9614328482
120849.7073801930 115376.0180399264
125463.5511832807 115699.1417303882
126736.3356806842 116506.9509565428
127213.6298672105 116183.8272660810
120690.6093180175 117961.0075636210
121645.1976910702 113437.2758971555
121804.2957532456 115052.8943494646
124190.7666858772 115376.0180399264

121008.8054423684 113760.3995876173
126895.4337428596 116345.3891113118
119576.9228827895 114568.2088137719
124668.0608724035 113437.2758971555
127054.5318050351 114891.3325042337
124508.9628102281 115052.8943494646
124031.6686237018 115214.4561946955
120849.7073801930 115214.4561946955
121167.9035045439 113921.9614328482
121963.3938154210 114568.2088137719
124827.1589345789 115052.8943494646
126418.1395563333 113275.7140519246
124349.8647480526 114891.3325042337
121486.0996288947 114568.2088137719
120690.6093180175 112306.3429805391
122122.4918775965 114083.5232780791
127054.5318050351 114083.5232780791
124827.1589345789 113921.9614328482
121804.2957532456 115052.8943494646
120849.7073801930 118768.8167897755

124827.1589345789 113921.9614328482
126895.4337428596 116668.5128017737
127213.6298672105 116668.5128017737
127690.9240537368 116830.0746470046
126418.1395563333 116345.3891113118
126577.2376185088 116345.3891113118
121167.9035045439 113921.9614328482
121963.3938154210 114568.2088137719
121486.0996288947 114568.2088137719
119576.9228827895 114568.2088137719
125145.3550589298 113275.7140519246
124986.2569967544 115376.0180399264
127054.5318050351 114891.3325042337
124827.1589345789 115052.8943494646
121645.1976910702 114406.6469685409
126895.4337428596 116345.3891113118
125463.5511832807 113114.1522066937
124508.9628102281 115052.8943494646
121963.3938154210 114406.6469685409
119417.8248206140 114406.6469685409

121167.9035045439 113921.9614328482
121486.0996288947 112952.5903614627
121645.1976910702 114406.6469685409
124031.6686237018 114568.2088137719
121645.1976910702 112952.5903614627
126577.2376185088 115052.8943494646
126895.4337428596 116668.5128017737
124031.6686237018 115214.4561946955
122281.5899397719 114083.5232780791
119417.8248206140 114083.5232780791
124508.9628102281 115699.1417303882
120372.4131936667 116830.0746470046
119895.1190071403 112952.5903614627
124986.2569967544 115376.0180399264
127690.9240537368 116830.0746470046
124668.0608724035 114568.2088137719
124668.0608724035 115214.4561946955
121804.2957532456 114083.5232780791
127213.6298672105 116668.5128017737
120531.5112558421 115376.0180399264

