49653596.3589981571 40592.0153198242
48261337.4775994271 39456.5136108398
49372826.6387435123 40277.1857910156
46850113.9887531325 34696.1062469482
47566285.0975608602 37480.8775024414
48841252.7999485284 39878.2812500000
46524214.2484509721 27312.2808227539
47396443.9680831358 35612.0631408691
47031817.7429549620 35119.5477294922
47735842.7546000481 37771.0832519531
50052712.3197816685 41838.3764648438
47999233.5344725475 38382.2092132568
49092396.5509847552 40037.5645141602
49610017.6668074057 40574.9803466797
46590106.9094856158 32187.7379989624
