48264245.4483625740 40510.9346923828
49017422.4216152728 41717.1987304688
46859396.1907006428 36890.3465576172
47433468.2897231728 37615.8250885010
47493048.6009282023 38431.3804931641
46718784.5970799997 34658.1053466797
48780972.7689670175 40636.9760131836
47739303.4707621783 38580.1806640625
49874937.9323226735 41723.7320251465
48587399.0171512589 40627.0698242188
47879645.9550098404 39539.0270690918
46672489.5948282257 34132.2029571533
46097884.1546817273 28165.6996536255
46390900.8883727863 32800.3281402588
46850113.9887531325 34696.1062469482
50052712.3197816685 41838.3764648438
