47503024.3638179153 38650.5349884033
48190954.1228350177 40243.8691406250
46842500.1887100041 35188.4217147827
49422630.1826230958 42159.4385681152
48345370.7041569278 41028.0629882812
48801604.4415790364 41160.8775634766
46111420.4371059164 30375.2102432251
48264245.4483625740 40510.9346923828
49017422.4216152728 41717.1987304688
46859396.1907006428 36890.3465576172
47433468.2897231728 37615.8250885010
47493048.6009282023 38431.3804931641
46718784.5970799997 34658.1053466797
47879645.9550098404 39539.0270690918
46672489.5948282257 34132.2029571533
46097884.1546817273 28165.6996536255
46390900.8883727863 32800.3281402588
