47699010.2441598549 38188.6618652344
47452939.6711154655 36821.2567214966
48587399.0171512589 40627.0698242188
47879645.9550098404 39539.0270690918
46672489.5948282257 34132.2029571533
46097884.1546817273 28165.6996536255
46390900.8883727863 32800.3281402588
48268919.9525722191 40342.6519165039
47190533.0912251323 35382.8734264374
46850113.9887531325 34696.1062469482
47566285.0975608602 37480.8775024414
47396443.9680831358 35612.0631408691
47031817.7429549620 35119.5477294922
50052712.3197816685 41838.3764648438
