46419463.6983804926 1677.8167446852
47164946.7869388238 1902.3135237694
46822029.1076591387 1851.6687870026
49356544.4013924003 2210.3791627884
49652801.2556766421 2211.7468948364
47573424.2412693650 2118.6613655090
47174718.6179742217 1927.1752700806
47095116.2756593302 1880.2243118286
47184923.6064558923 2050.6292438507
49856232.1711993888 2262.5286521912
46666724.4002476856 1825.0550351143
46521932.7690729722 1819.6177530289
46249161.0334995613 1590.4272615910
48191704.9628246799 2183.4937286377
