124827.1589345789 115860.7035756191
123077.0802506491 114729.7706590028
127213.6298672105 116668.5128017737
126736.3356806842 113921.9614328482
126895.4337428596 116345.3891113118
121645.1976910702 114568.2088137719
120690.6093180175 115376.0180399264
121804.2957532456 113275.7140519246
124668.0608724035 115860.7035756191
125781.7473076316 114891.3325042337
120690.6093180175 117314.7601826973
119099.6286962632 114406.6469685409
124986.2569967544 112952.5903614627
121804.2957532456 115052.8943494646
126895.4337428596 114245.0851233100
127372.7279293860 116183.8272660810
124031.6686237018 115699.1417303882
121008.8054423684 114245.0851233100
126418.1395563333 113275.7140519246
121804.2957532456 114891.3325042337

118940.5306340877 113760.3995876173
122917.9821884737 113598.8377423864
120849.7073801930 117314.7601826973
127213.6298672105 116668.5128017737
126418.1395563333 116183.8272660810
120849.7073801930 115537.5798851573
121804.2957532456 114245.0851233100
124827.1589345789 115537.5798851573
119895.1190071403 112306.3429805391
120690.6093180175 117961.0075636210
122599.7860641228 113275.7140519246
121167.9035045439 112791.0285162318
120054.2170693158 111983.2192900773
121804.2957532456 114083.5232780791
119417.8248206140 114568.2088137719
121327.0015667193 114891.3325042337
126418.1395563333 116022.2654208500
125781.7473076316 114568.2088137719
126736.3356806842 113760.3995876173
123236.1783128245 113760.3995876173

120849.7073801930 116183.8272660810
124986.2569967544 115376.0180399264
126259.0414941579 113921.9614328482
119258.7267584386 113437.2758971555
121327.0015667193 114568.2088137719
122122.4918775965 113921.9614328482
121486.0996288947 114245.0851233100
121167.9035045439 112629.4666710009
120690.6093180175 116506.9509565428
120054.2170693158 115699.1417303882
122122.4918775965 113760.3995876173
121327.0015667193 114245.0851233100
124508.9628102281 114568.2088137719
120372.4131936667 117153.1983374664
122440.6880019474 113275.7140519246
120213.3151314912 112306.3429805391
120690.6093180175 117153.1983374664
122440.6880019474 114891.3325042337
122281.5899397719 114083.5232780791
127372.7279293860 116668.5128017737

121645.1976910702 114568.2088137719
121804.2957532456 114245.0851233100
126577.2376185088 113598.8377423864
120690.6093180175 116506.9509565428
119895.1190071403 115214.4561946955
124508.9628102281 115699.1417303882
121008.8054423684 114568.2088137719
121008.8054423684 112952.5903614627
121963.3938154210 114083.5232780791
126577.2376185088 114083.5232780791
122758.8841262982 114891.3325042337
126577.2376185088 114245.0851233100
124508.9628102281 114245.0851233100
120690.6093180175 116991.6364922355
120690.6093180175 117637.8838731591
127531.8259915614 116506.9509565428
121645.1976910702 113275.7140519246
121963.3938154210 114406.6469685409
124668.0608724035 115860.7035756191
119736.0209449649 113114.1522066937

127054.5318050351 116022.2654208500
125304.4531211053 113921.9614328482
121963.3938154210 113921.9614328482
120849.7073801930 117961.0075636210
123713.4724993509 115214.4561946955
121486.0996288947 112952.5903614627
127213.6298672105 116668.5128017737
127213.6298672105 116345.3891113118
126895.4337428596 114406.6469685409
126895.4337428596 114083.5232780791
125622.6492454561 114891.3325042337
120372.4131936667 116345.3891113118
122281.5899397719 113760.3995876173
125463.5511832807 113921.9614328482
121486.0996288947 114245.0851233100
120690.6093180175 115860.7035756191
124827.1589345789 115052.8943494646
120372.4131936667 116830.0746470046
120849.7073801930 112629.4666710009
121804.2957532456 114729.7706590028

126259.0414941579 116345.3891113118
120213.3151314912 117153.1983374664
125304.4531211053 114083.5232780791
126418.1395563333 115537.5798851573
120054.2170693158 112306.3429805391
121327.0015667193 113114.1522066937
119895.1190071403 111983.2192900773
124986.2569967544 113760.3995876173
120849.7073801930 115699.1417303882
123077.0802506491 113437.2758971555
119417.8248206140 112791.0285162318
125622.6492454561 113114.1522066937
120849.7073801930 118122.5694088519
124508.9628102281 115376.0180399264
125781.7473076316 116022.2654208500
124508.9628102281 114568.2088137719
124190.7666858772 115376.0180399264
124508.9628102281 114729.7706590028
124508.9628102281 114891.3325042337
125304.4531211053 114245.0851233100

120849.7073801930 118768.8167897755
123554.3744371754 113114.1522066937
127690.9240537368 116830.0746470046
120372.4131936667 116668.5128017737
120531.5112558421 112952.5903614627
120690.6093180175 117961.0075636210
121008.8054423684 113275.7140519246
126736.3356806842 113760.3995876173
120213.3151314912 115214.4561946955
120213.3151314912 112144.7811353082
120372.4131936667 117314.7601826973
126418.1395563333 115860.7035756191
121167.9035045439 112629.4666710009
122917.9821884737 113921.9614328482
121963.3938154210 114406.6469685409
127213.6298672105 114729.7706590028
121645.1976910702 113598.8377423864
125622.6492454561 112791.0285162318
119417.8248206140 114568.2088137719
126418.1395563333 116183.8272660810

126418.1395563333 113598.8377423864
126418.1395563333 114245.0851233100
124508.9628102281 115860.7035756191
123872.5705615263 115537.5798851573
127054.5318050351 116345.3891113118
119417.8248206140 112467.9048257700
126736.3356806842 115860.7035756191
127372.7279293860 116830.0746470046
121645.1976910702 114406.6469685409
123395.2763750000 114729.7706590028
121804.2957532456 114083.5232780791
120849.7073801930 117799.4457183901
119099.6286962632 113437.2758971555
125463.5511832807 113275.7140519246
120849.7073801930 118122.5694088519
120849.7073801930 116668.5128017737
119417.8248206140 115052.8943494646
121645.1976910702 114568.2088137719
120213.3151314912 112952.5903614627
124827.1589345789 114406.6469685409

126736.3356806842 114245.0851233100
122758.8841262982 115214.4561946955
125304.4531211053 113921.9614328482
121486.0996288947 114245.0851233100
121327.0015667193 114891.3325042337
120690.6093180175 115537.5798851573
124986.2569967544 113598.8377423864
127690.9240537368 116345.3891113118
124986.2569967544 114891.3325042337
124668.0608724035 113921.9614328482
121804.2957532456 113275.7140519246
121486.0996288947 114891.3325042337
119576.9228827895 112306.3429805391
120531.5112558421 116506.9509565428
124031.6686237018 112952.5903614627
121486.0996288947 114568.2088137719
120531.5112558421 117799.4457183901
124508.9628102281 114245.0851233100
124668.0608724035 114568.2088137719
120054.2170693158 111983.2192900773

121327.0015667193 114891.3325042337
120690.6093180175 112467.9048257700
120849.7073801930 118768.8167897755
120849.7073801930 117637.8838731591
119736.0209449649 112144.7811353082
122599.7860641228 114083.5232780791
122917.9821884737 114406.6469685409
119736.0209449649 116022.2654208500
120531.5112558421 116506.9509565428
122281.5899397719 113598.8377423864
124827.1589345789 113598.8377423864
124031.6686237018 115537.5798851573
120690.6093180175 112791.0285162318
120531.5112558421 113114.1522066937
127372.7279293860 115860.7035756191
127372.7279293860 116022.2654208500
120849.7073801930 118445.6930993137
123236.1783128245 114729.7706590028
124986.2569967544 112952.5903614627
120531.5112558421 117314.7601826973

124986.2569967544 114891.3325042337
123077.0802506491 115376.0180399264
120531.5112558421 114083.5232780791
126895.4337428596 114245.0851233100
121804.2957532456 113760.3995876173
125145.3550589298 115376.0180399264
124508.9628102281 115376.0180399264
120213.3151314912 116022.2654208500
119417.8248206140 113760.3995876173
127054.5318050351 115376.0180399264
120531.5112558421 117799.4457183901
120531.5112558421 114891.3325042337
127213.6298672105 116668.5128017737
121804.2957532456 114729.7706590028
120690.6093180175 117314.7601826973
121645.1976910702 114406.6469685409
125145.3550589298 115052.8943494646
127531.8259915614 116830.0746470046
121963.3938154210 114568.2088137719
121645.1976910702 114729.7706590028

121645.1976910702 113275.7140519246
119576.9228827895 115376.0180399264
126259.0414941579 116022.2654208500
126418.1395563333 115376.0180399264
120690.6093180175 117314.7601826973
127054.5318050351 116668.5128017737
122599.7860641228 113921.9614328482
120054.2170693158 112467.9048257700
120849.7073801930 116830.0746470046
120054.2170693158 116022.2654208500
119417.8248206140 113598.8377423864
121645.1976910702 114406.6469685409
121645.1976910702 114729.7706590028
124190.7666858772 115537.5798851573
124827.1589345789 114406.6469685409
127054.5318050351 116506.9509565428
120690.6093180175 116506.9509565428
122440.6880019474 115052.8943494646
125145.3550589298 112791.0285162318
122917.9821884737 113598.8377423864

