47797339.1006646976 664550.0898437500
46117341.9550150484 619763.3847656250
50401981.3063707650 678212.5449218750
48107097.7853285670 668792.2285156250
46871961.9986853302 659238.8222656250
50292599.3426831514 677043.7871093750
46958899.0880606845 660106.5566406250
48953012.6141162813 674628.7031250000
49285562.8591606542 676114.5878906250
48943895.3426611573 674398.5058593750
47714593.8125636056 661766.4531250000
48199262.7998397797 672067.9414062500
48753678.1718839556 672241.4218750000
46130642.0410130322 640280.9687500000
