124349.8647480526 115699.1417303882
120372.4131936667 112952.5903614627
120849.7073801930 113437.2758971555
125304.4531211053 114245.0851233100
126736.3356806842 116506.9509565428
123872.5705615263 115214.4561946955
122122.4918775965 114245.0851233100
127372.7279293860 116506.9509565428
125145.3550589298 113760.3995876173
121167.9035045439 114083.5232780791
126099.9434319825 115699.1417303882
125145.3550589298 114891.3325042337
123713.4724993509 113760.3995876173
120531.5112558421 116022.2654208500
119258.7267584386 113921.9614328482
119576.9228827895 115214.4561946955
122599.7860641228 113598.8377423864
126895.4337428596 114729.7706590028
119258.7267584386 113114.1522066937
124031.6686237018 114083.5232780791

127690.9240537368 116183.8272660810
119258.7267584386 112952.5903614627
122599.7860641228 115214.4561946955
120849.7073801930 118122.5694088519
124827.1589345789 115376.0180399264
120531.5112558421 114083.5232780791
122122.4918775965 114568.2088137719
124031.6686237018 113598.8377423864
125940.8453698070 115860.7035756191
122122.4918775965 113921.9614328482
127690.9240537368 116506.9509565428
126895.4337428596 116183.8272660810
125940.8453698070 113275.7140519246
124508.9628102281 115860.7035756191
119417.8248206140 112467.9048257700
119099.6286962632 113437.2758971555
124190.7666858772 115052.8943494646
120372.4131936667 115860.7035756191
119576.9228827895 114083.5232780791
119258.7267584386 113760.3995876173

119258.7267584386 114083.5232780791
119576.9228827895 112467.9048257700
121486.0996288947 114406.6469685409
121804.2957532456 114406.6469685409
119576.9228827895 115699.1417303882
127054.5318050351 115860.7035756191
125145.3550589298 114245.0851233100
124508.9628102281 113275.7140519246
121804.2957532456 113921.9614328482
120690.6093180175 112467.9048257700
127213.6298672105 116183.8272660810
120213.3151314912 114729.7706590028
121327.0015667193 113598.8377423864
121167.9035045439 113275.7140519246
120849.7073801930 118445.6930993137
126418.1395563333 115860.7035756191
124827.1589345789 114729.7706590028
119895.1190071403 111983.2192900773
126577.2376185088 114568.2088137719
124508.9628102281 113598.8377423864

126895.4337428596 115214.4561946955
124827.1589345789 115699.1417303882
121963.3938154210 114568.2088137719
126736.3356806842 116506.9509565428
119736.0209449649 111821.6574448464
124508.9628102281 115699.1417303882
123872.5705615263 113114.1522066937
124827.1589345789 114568.2088137719
124827.1589345789 112952.5903614627
126418.1395563333 116345.3891113118
124668.0608724035 113437.2758971555
121008.8054423684 113760.3995876173
120849.7073801930 117961.0075636210
122122.4918775965 114891.3325042337
122122.4918775965 114083.5232780791
124827.1589345789 113760.3995876173
120690.6093180175 117314.7601826973
127054.5318050351 114406.6469685409
121804.2957532456 113760.3995876173
121008.8054423684 113437.2758971555

126099.9434319825 112952.5903614627
122122.4918775965 114568.2088137719
125145.3550589298 115376.0180399264
121804.2957532456 115052.8943494646
124190.7666858772 115537.5798851573
122122.4918775965 113760.3995876173
125304.4531211053 113114.1522066937
127054.5318050351 116183.8272660810
124986.2569967544 116022.2654208500
121486.0996288947 114729.7706590028
119895.1190071403 113921.9614328482
126895.4337428596 113921.9614328482
125145.3550589298 114568.2088137719
127372.7279293860 116830.0746470046
120054.2170693158 114729.7706590028
122440.6880019474 113921.9614328482
127054.5318050351 116506.9509565428
121645.1976910702 114729.7706590028
124349.8647480526 114245.0851233100
121804.2957532456 114245.0851233100

121486.0996288947 113598.8377423864
119258.7267584386 113437.2758971555
126099.9434319825 116183.8272660810
120372.4131936667 117637.8838731591
120849.7073801930 113598.8377423864
123713.4724993509 115214.4561946955
123872.5705615263 114245.0851233100
127213.6298672105 116506.9509565428
120054.2170693158 112306.3429805391
126418.1395563333 113921.9614328482
126736.3356806842 114245.0851233100
120849.7073801930 118768.8167897755
119736.0209449649 112144.7811353082
123872.5705615263 115699.1417303882
126895.4337428596 116022.2654208500
126259.0414941579 112952.5903614627
126577.2376185088 114729.7706590028
120213.3151314912 114891.3325042337
121804.2957532456 114729.7706590028
121963.3938154210 114245.0851233100

126895.4337428596 114406.6469685409
124668.0608724035 113598.8377423864
121167.9035045439 114406.6469685409
124668.0608724035 114568.2088137719
127213.6298672105 116506.9509565428
119099.6286962632 114406.6469685409
127531.8259915614 116830.0746470046
121804.2957532456 114245.0851233100
121486.0996288947 113598.8377423864
122122.4918775965 113921.9614328482
121645.1976910702 113760.3995876173
126895.4337428596 116022.2654208500
126259.0414941579 113114.1522066937
124190.7666858772 115214.4561946955
126895.4337428596 116345.3891113118
120690.6093180175 117153.1983374664
121963.3938154210 114406.6469685409
123236.1783128245 114083.5232780791
127213.6298672105 114568.2088137719
120690.6093180175 112306.3429805391

119099.6286962632 113921.9614328482
127054.5318050351 116022.2654208500
119736.0209449649 111660.0955996155
122599.7860641228 114891.3325042337
125463.5511832807 113760.3995876173
126099.9434319825 116022.2654208500
121167.9035045439 114406.6469685409
120372.4131936667 115376.0180399264
124031.6686237018 113114.1522066937
120690.6093180175 117799.4457183901
120213.3151314912 114568.2088137719
123872.5705615263 113760.3995876173
125463.5511832807 114083.5232780791
120531.5112558421 116022.2654208500
119576.9228827895 112467.9048257700
120054.2170693158 116830.0746470046
119736.0209449649 112791.0285162318
120213.3151314912 114083.5232780791
120849.7073801930 117314.7601826973
123872.5705615263 115376.0180399264

121645.1976910702 113437.2758971555
120690.6093180175 116991.6364922355
120849.7073801930 118122.5694088519
124508.9628102281 115052.8943494646
119576.9228827895 112952.5903614627
122758.8841262982 113275.7140519246
121804.2957532456 114245.0851233100
124668.0608724035 115214.4561946955
124986.2569967544 113437.2758971555
127054.5318050351 116668.5128017737
125622.6492454561 114729.7706590028
119736.0209449649 113275.7140519246
121804.2957532456 114568.2088137719
124827.1589345789 116022.2654208500
124827.1589345789 113114.1522066937
124349.8647480526 114245.0851233100
125940.8453698070 113921.9614328482
127372.7279293860 116830.0746470046
120849.7073801930 118768.8167897755
120531.5112558421 116345.3891113118

127690.9240537368 116830.0746470046
121645.1976910702 113598.8377423864
121963.3938154210 114891.3325042337
124349.8647480526 115699.1417303882
122758.8841262982 113760.3995876173
126895.4337428596 116022.2654208500
120372.4131936667 114568.2088137719
123236.1783128245 114729.7706590028
121327.0015667193 112791.0285162318
121645.1976910702 114568.2088137719
121167.9035045439 113114.1522066937
124668.0608724035 115052.8943494646
121804.2957532456 114406.6469685409
121804.2957532456 114245.0851233100
121327.0015667193 114406.6469685409
121645.1976910702 113760.3995876173
123713.4724993509 115376.0180399264
124508.9628102281 114083.5232780791
126736.3356806842 113437.2758971555
120690.6093180175 112306.3429805391

122599.7860641228 114245.0851233100
126577.2376185088 113437.2758971555
127213.6298672105 114568.2088137719
127372.7279293860 116506.9509565428
119736.0209449649 111660.0955996155
126099.9434319825 116345.3891113118
125145.3550589298 115052.8943494646
119417.8248206140 113114.1522066937
125940.8453698070 112791.0285162318
120690.6093180175 115214.4561946955
126736.3356806842 115376.0180399264
119736.0209449649 113275.7140519246
123554.3744371754 113114.1522066937
126418.1395563333 113114.1522066937
120531.5112558421 114083.5232780791
119895.1190071403 115214.4561946955
120054.2170693158 113921.9614328482
120690.6093180175 117153.1983374664
120849.7073801930 117637.8838731591
126259.0414941579 113921.9614328482

121167.9035045439 112629.4666710009
124190.7666858772 113114.1522066937
121963.3938154210 113921.9614328482
124668.0608724035 114729.7706590028
120849.7073801930 116022.2654208500
124668.0608724035 115052.8943494646
127531.8259915614 116183.8272660810
120213.3151314912 112791.0285162318
120372.4131936667 117153.1983374664
125781.7473076316 113760.3995876173
120054.2170693158 111983.2192900773
124986.2569967544 116022.2654208500
121963.3938154210 113598.8377423864
127054.5318050351 114406.6469685409
124986.2569967544 113921.9614328482
122599.7860641228 113760.3995876173
121645.1976910702 113275.7140519246
120372.4131936667 117637.8838731591
126736.3356806842 114245.0851233100
120531.5112558421 115376.0180399264

121804.2957532456 114083.5232780791
124827.1589345789 115537.5798851573
126895.4337428596 116668.5128017737
123872.5705615263 115699.1417303882
126418.1395563333 116022.2654208500
120531.5112558421 117476.3220279282
121327.0015667193 113921.9614328482
125781.7473076316 113598.8377423864
120849.7073801930 118768.8167897755
120213.3151314912 113598.8377423864
121645.1976910702 113598.8377423864
126736.3356806842 113598.8377423864
121008.8054423684 113437.2758971555
124827.1589345789 114891.3325042337
122440.6880019474 114083.5232780791
121645.1976910702 114568.2088137719
124986.2569967544 115860.7035756191
126259.0414941579 112952.5903614627
127531.8259915614 116830.0746470046
119895.1190071403 115699.1417303882

121167.9035045439 113760.3995876173
120054.2170693158 113921.9614328482
126895.4337428596 114083.5232780791
121645.1976910702 112952.5903614627
126577.2376185088 112952.5903614627
120372.4131936667 116991.6364922355
126736.3356806842 115052.8943494646
120372.4131936667 115052.8943494646
125781.7473076316 115052.8943494646
120690.6093180175 112467.9048257700
123236.1783128245 113921.9614328482
127372.7279293860 115214.4561946955
123236.1783128245 114245.0851233100
124668.0608724035 115376.0180399264
119736.0209449649 111660.0955996155
121008.8054423684 112629.4666710009
119736.0209449649 112306.3429805391
120690.6093180175 118122.5694088519
126099.9434319825 113760.3995876173
120849.7073801930 114245.0851233100

125940.8453698070 114245.0851233100
121963.3938154210 114729.7706590028
121804.2957532456 113114.1522066937
124986.2569967544 114406.6469685409
121963.3938154210 115052.8943494646
120849.7073801930 118445.6930993137
120849.7073801930 117637.8838731591
124827.1589345789 116022.2654208500
127054.5318050351 114083.5232780791
124986.2569967544 113921.9614328482
121804.2957532456 113760.3995876173
120531.5112558421 116345.3891113118
121486.0996288947 112952.5903614627
121327.0015667193 114406.6469685409
120690.6093180175 117153.1983374664
124190.7666858772 114245.0851233100
120849.7073801930 115376.0180399264
124349.8647480526 115537.5798851573
120213.3151314912 114891.3325042337
119258.7267584386 113760.3995876173

124349.8647480526 114891.3325042337
127850.0221159123 116345.3891113118
120372.4131936667 113114.1522066937
124668.0608724035 115537.5798851573
126736.3356806842 115860.7035756191
120213.3151314912 113598.8377423864
124349.8647480526 115214.4561946955
124668.0608724035 114245.0851233100
120213.3151314912 116830.0746470046
120372.4131936667 116345.3891113118
125304.4531211053 113437.2758971555
119417.8248206140 112791.0285162318
124031.6686237018 113114.1522066937
119895.1190071403 115214.4561946955
124190.7666858772 113598.8377423864
120531.5112558421 116991.6364922355
121804.2957532456 113114.1522066937
120849.7073801930 114245.0851233100
126736.3356806842 114245.0851233100
124827.1589345789 116022.2654208500

124986.2569967544 114406.6469685409
126577.2376185088 114729.7706590028
126418.1395563333 116022.2654208500
120690.6093180175 117314.7601826973
124508.9628102281 113760.3995876173
126577.2376185088 115537.5798851573
125304.4531211053 114568.2088137719
120213.3151314912 111983.2192900773
120849.7073801930 113114.1522066937
120531.5112558421 115376.0180399264
122281.5899397719 114729.7706590028
126895.4337428596 116506.9509565428
121804.2957532456 113275.7140519246
120531.5112558421 114406.6469685409
121008.8054423684 112629.4666710009
120690.6093180175 114568.2088137719
119417.8248206140 112791.0285162318
124508.9628102281 115537.5798851573
120690.6093180175 117961.0075636210
121804.2957532456 114245.0851233100

124349.8647480526 115699.1417303882
120054.2170693158 116345.3891113118
122281.5899397719 114406.6469685409
121008.8054423684 112791.0285162318
120849.7073801930 112467.9048257700
127054.5318050351 116668.5128017737
122281.5899397719 115052.8943494646
121804.2957532456 114891.3325042337
126736.3356806842 113437.2758971555
120690.6093180175 117314.7601826973
121804.2957532456 114406.6469685409
125940.8453698070 116345.3891113118
125145.3550589298 114406.6469685409
120213.3151314912 117153.1983374664
120690.6093180175 116183.8272660810
127213.6298672105 116506.9509565428
119258.7267584386 114891.3325042337
124668.0608724035 115860.7035756191
126895.4337428596 113760.3995876173
121645.1976910702 114245.0851233100

