46354259.5044781715 651519.7675781250
47527007.8082510680 662573.2910156250
48527215.3582205549 675405.2031250000
46633152.0774041191 657930.0000000000
50371937.9510411620 677240.5664062500
47797339.1006646976 664550.0898437500
46117341.9550150484 619763.3847656250
50401981.3063707650 678212.5449218750
48107097.7853285670 668792.2285156250
46871961.9986853302 659238.8222656250
50292599.3426831514 677043.7871093750
46958899.0880606845 660106.5566406250
49285562.8591606542 676114.5878906250
48199262.7998397797 672067.9414062500
46130642.0410130322 640280.9687500000
