58193161.4653310925 283536.6064453125
58732141.4166831747 291161.9790039062
60371315.7980762422 304946.2656250000
59774815.5631923079 303439.2575683594
56815927.9077192843 257214.9528808594
57217195.4580490515 259545.9807128906
62132693.9984619096 307509.9907226562
57444956.1412513703 267541.5419921875
57527909.6353028119 273979.4978027344
57710192.7339821979 281880.6213378906
57408830.3388034031 266568.9348144531
59508752.8171343505 302991.1406250000
59285680.8363597021 296365.9418945312
58954667.2496003509 293482.1381835938
59301767.2758216634 301418.6533203125
58548281.4262020662 290985.8823242188
56315097.8206073940 231188.1247558594
58204022.3469125032 286224.2204589844
59131692.7277594507 295784.8937988281
