56659099.2315488458 235905.1500244141
57272677.6643554047 280172.8959960938
56660009.5966681093 243151.2854003906
60218766.1230302453 309073.3378906250
57432691.9782691300 281547.1713867188
56969260.8227088749 264919.8627929688
59231064.2655012831 303141.1853027344
56662667.7937417328 243767.6374511719
57238793.5825749710 274385.7526855469
60188179.9329302758 305046.6391601562
58820025.7965327725 300577.9013671875
56906758.8738157302 259544.9685058594
57656358.1311052293 293310.7685546875
62343403.5992226601 314127.6040039062
61575534.4288271442 312238.3486328125
58255772.7966492251 297374.2666015625
59774815.5631923079 303439.2575683594
56815927.9077192843 257214.9528808594
56315097.8206073940 231188.1247558594
