57408830.3388034031 266568.9348144531
59508752.8171343505 302991.1406250000
62068557.0936445147 304393.2021484375
60540451.0036289245 303853.3876953125
57875964.6459305286 271126.9492187500
57942862.0844067112 276930.2297363281
57124351.7285930812 248421.0444335938
63045386.3780948892 307269.9863281250
59285680.8363597021 296365.9418945312
58954667.2496003509 293482.1381835938
59301767.2758216634 301418.6533203125
62880158.0479239300 304430.6884765625
58548281.4262020662 290985.8823242188
57136640.4120860249 257171.4233398438
56315097.8206073940 231188.1247558594
58204022.3469125032 286224.2204589844
59131692.7277594507 295784.8937988281
