57638819.4872443005 275734.9223632812
57178727.9391141385 260679.4189453125
57481480.4049276710 275075.5283203125
60715432.7134903297 305414.4638671875
61191000.8583171591 308853.0258789062
57238793.5825749710 274385.7526855469
60967741.8154587373 308117.4189453125
57440043.5524069890 274779.4863281250
60188179.9329302758 305046.6391601562
58820025.7965327725 300577.9013671875
56906758.8738157302 259544.9685058594
57656358.1311052293 293310.7685546875
62343403.5992226601 314127.6040039062
61575534.4288271442 312238.3486328125
58255772.7966492251 297374.2666015625
59774815.5631923079 303439.2575683594
56815927.9077192843 257214.9528808594
59508752.8171343505 302991.1406250000
59301767.2758216634 301418.6533203125
56315097.8206073940 231188.1247558594
