111996.8931976518 122055.8594233192
113589.0116549732 122859.8738628936
115499.5538037589 122377.4651991489
113270.5879635089 123342.2825266383
115181.1301122946 121734.2536474894
111678.4695061875 122216.6623112340
111837.6813519196 119965.4218804255
110404.7747403304 120126.2247683404
112474.5287348482 123342.2825266383
112315.3168891161 120769.4363200000

110723.1984317946 119643.8161045957
112474.5287348482 121091.0420958298
118524.5788726696 124307.0998541277
112315.3168891161 119965.4218804255
113270.5879635089 122699.0709749787
114862.7064208303 121895.0565354042
114225.8590379018 123020.6767508085
110086.3510488661 119804.6189925106
115340.3419580268 122055.8594233192
115658.7656494911 122216.6623112340

113907.4353464375 122699.0709749787
112315.3168891161 120930.2392079149
112792.9524263125 120608.6334320851
112792.9524263125 120930.2392079149
110404.7747403304 119965.4218804255
112315.3168891161 120769.4363200000
115181.1301122946 121734.2536474894
111996.8931976518 120769.4363200000
117410.0959525447 123503.0854145532
112474.5287348482 120447.8305441702

111041.6221232589 119643.8161045957
112315.3168891161 120447.8305441702
111519.2576604554 119643.8161045957
110245.5628945982 120126.2247683404
118206.1551812054 123985.4940782979
110563.9865860625 119483.0132166808
112474.5287348482 122859.8738628936
112315.3168891161 120287.0276562553
115977.1893409554 122859.8738628936
111996.8931976518 120608.6334320851

110404.7747403304 120287.0276562553
114225.8590379018 123020.6767508085
111678.4695061875 119965.4218804255
118365.3670269375 124146.2969662128
112633.7405805804 119965.4218804255
115181.1301122946 122216.6623112340
110723.1984317946 120447.8305441702
110723.1984317946 119483.0132166808
111996.8931976518 119643.8161045957
112315.3168891161 120930.2392079149

110723.1984317946 119643.8161045957
111996.8931976518 123342.2825266383
118206.1551812054 123985.4940782979
112315.3168891161 120769.4363200000
111837.6813519196 122859.8738628936
110404.7747403304 119965.4218804255
115021.9182665625 121573.4507595745
115658.7656494911 122538.2680870638
112156.1050433839 120287.0276562553
112156.1050433839 119965.4218804255

115181.1301122946 122055.8594233192
113907.4353464375 123503.0854145532
118046.9433354732 123985.4940782979
113429.7998092411 122699.0709749787
114225.8590379018 123020.6767508085
112474.5287348482 121091.0420958298
111678.4695061875 119804.6189925106
112156.1050433839 120126.2247683404
110882.4102775268 119161.4074408510
115658.7656494911 122377.4651991489

110404.7747403304 119643.8161045957
110882.4102775268 119804.6189925106
111996.8931976518 120608.6334320851
110723.1984317946 118839.8016650213
111996.8931976518 120287.0276562553
112315.3168891161 120930.2392079149
112952.1642720446 120769.4363200000
115658.7656494911 122216.6623112340
113270.5879635089 123181.4796387234
112633.7405805804 120769.4363200000

115658.7656494911 122055.8594233192
113907.4353464375 123181.4796387234
110563.9865860625 120126.2247683404
118365.3670269375 124146.2969662128
114703.4945750982 121412.6478716596
112474.5287348482 123342.2825266383
115340.3419580268 122377.4651991489
111041.6221232589 119804.6189925106
112792.9524263125 120930.2392079149
114225.8590379018 123020.6767508085

115181.1301122946 121895.0565354042
113748.2235007054 121412.6478716596
112633.7405805804 120930.2392079149
111678.4695061875 119643.8161045957
111996.8931976518 119804.6189925106
111678.4695061875 122216.6623112340
111360.0458147232 119643.8161045957
118524.5788726696 124307.0998541277
112315.3168891161 120769.4363200000
111996.8931976518 120769.4363200000

115021.9182665625 121573.4507595745
112315.3168891161 120608.6334320851
111041.6221232589 119643.8161045957
111996.8931976518 119804.6189925106
116136.4011866875 122699.0709749787
113429.7998092411 122859.8738628936
115658.7656494911 122216.6623112340
112474.5287348482 120608.6334320851
110404.7747403304 119322.2103287660
112315.3168891161 120126.2247683404

